CSI_DATA,68,1a:00:00:00:00:00,-40,11,0,0,0,0,0,0,0,0,0,-95,0,1,0ESP-ROM:esp32s3-20210327
Build:Mar 27 2021
rst:0x15 (USB_UART_CHIP_RESET),boot:0x8 (SPI_FAST_FLASH_BOOT)
Saved PC:0x4037abfa
SPIWP:0xee
mode:DIO, clock div:1
load:0x3fce2810,len:0x15a0
load:0x403c8700,len:0x4
load:0x403c8704,len:0xd20
load:0x403cb700,len:0x2ee4
entry 0x403c8928
[0;32mI (26) boot: ESP-IDF v5.4-dirty 2nd stage bootloader[0m
[0;32mI (27) boot: compile time May  6 2025 13:26:06[0m
[0;32mI (27) boot: Multicore bootloader[0m
[0;32mI (27) boot: chip revision: v0.2[0m
[0;32mI (30) boot: efuse block revision: v1.3[0m
[0;32mI (34) boot.esp32s3: Boot SPI Speed : 80MHz[0m
[0;32mI (37) boot.esp32s3: SPI Mode       : DIO[0m
[0;32mI (41) boot.esp32s3: SPI Flash Size : 2MB[0m
[0;32mI (45) boot: Enabling RNG early entropy source...[0m
[0;32mI (49) boot: Partition Table:[0m
[0;32mI (52) boot: ## Label            Usage          Type ST Offset   Length[0m
[0;32mI (58) boot:  0 nvs              WiFi data        01 02 00009000 00006000[0m
[0;32mI (65) boot:  1 phy_init         RF data          01 01 0000f000 00001000[0m
[0;32mI (71) boot:  2 factory          factory app      00 00 00010000 00100000[0m
[0;32mI (78) boot: End of partition table[0m
[0;32mI (81) esp_image: segment 0: paddr=00010020 vaddr=3c080020 size=18f0ch (102156) map[0m
[0;32mI (107) esp_image: segment 1: paddr=00028f34 vaddr=3fc99a00 size=04a08h ( 18952) load[0m
[0;32mI (111) esp_image: segment 2: paddr=0002d944 vaddr=40374000 size=026d4h (  9940) load[0m
[0;32mI (114) esp_image: segment 3: paddr=00030020 vaddr=42000020 size=7ff4ch (524108) map[0m
[0;32mI (210) esp_image: segment 4: paddr=000aff74 vaddr=403766d4 size=13270h ( 78448) load[0m
[0;32mI (228) esp_image: segment 5: paddr=000c31ec vaddr=600fe100 size=0001ch (    28) load[0m
[0;32mI (237) boot: Loaded app from partition at offset 0x10000[0m
[0;32mI (237) boot: Disabling RNG early entropy source...[0m
[0;32mI (247) cpu_start: Multicore app[0m
[0;32mI (256) cpu_start: Pro cpu start user code[0m
[0;32mI (256) cpu_start: cpu freq: 160000000 Hz[0m
[0;32mI (256) app_init: Application information:[0m
[0;32mI (256) app_init: Project name:     responder[0m
[0;32mI (260) app_init: App version:      89f9f88-dirty[0m
[0;32mI (265) app_init: Compile time:     Jul 21 2025 20:52:32[0m
[0;32mI (270) app_init: ELF file SHA256:  2b702322b...[0m
[0;32mI (274) app_init: ESP-IDF:          v5.4-dirty[0m
[0;32mI (278) efuse_init: Min chip rev:     v0.0[0m
[0;32mI (282) efuse_init: Max chip rev:     v0.99 [0m
[0;32mI (286) efuse_init: Chip rev:         v0.2[0m
[0;32mI (290) heap_init: Initializing. RAM available for dynamic allocation:[0m
[0;32mI (296) heap_init: At 3FCA2020 len 000476F0 (285 KiB): RAM[0m
[0;32mI (301) heap_init: At 3FCE9710 len 00005724 (21 KiB): RAM[0m
[0;32mI (306) heap_init: At 3FCF0000 len 00008000 (32 KiB): DRAM[0m
[0;32mI (312) heap_init: At 600FE11C len 00001ECC (7 KiB): RTCRAM[0m
[0;32mI (318) spi_flash: detected chip: gd[0m
[0;32mI (320) spi_flash: flash io: dio[0m
[0;33mW (323) spi_flash: Detected size(8192k) larger than the size in the binary image header(2048k). Using the size in the binary image header.[0m
[0;32mI (336) sleep_gpio: Configure to isolate all GPIO pins in sleep state[0m
[0;32mI (342) sleep_gpio: Enable automatic switching of GPIO sleep configuration[0m
[0;32mI (349) main_task: Started on CPU0[0m
[0;32mI (359) main_task: Calling app_main()[0m
[0;32mI (369) pp: pp rom version: e7ae62f[0m
[0;32mI (369) net80211: net80211 rom version: e7ae62f[0m
[0;32mI (389) wifi_init: rx ba win: 6[0m
[0;32mI (389) wifi_init: accept mbox: 6[0m
[0;32mI (389) wifi_init: tcpip mbox: 32[0m
[0;32mI (389) wifi_init: udp mbox: 6[0m
[0;32mI (389) wifi_init: tcp mbox: 6[0m
[0;32mI (399) wifi_init: tcp tx win: 5760[0m
[0;32mI (399) wifi_init: tcp rx win: 5760[0m
[0;32mI (399) wifi_init: tcp mss: 1440[0m
[0;32mI (409) wifi_init: WiFi IRAM OP enabled[0m
[0;32mI (409) wifi_init: WiFi RX IRAM OP enabled[0m
[0;32mI (409) phy_init: phy_version 680,a6008b2,Jun  4 2024,16:41:10[0m
[0;32mI (899) ftm_responder: Starting SoftAP with FTM Responder support, SSID - FTM, Password - ftmftmftm, Primary Channel - 1, Bandwidth - 20MHz[0m
[0;32mI (909) ftm_responder: FTM Responder is ready, waiting for FTM requests...[0m
[0;32mI (909) ftm_responder: Counter = 1[0m
[0;32mI (919) main_task: Returned from app_main()[0m
[0;32mI (1129) csi_recv: ================ CSI RECV ================[0m
type,id,mac,rssi,rate,sig_mode,mcs,bandwidth,smoothing,not_sounding,aggregation,stbc,fec_coding,sgi,noise_floor,ampdu_cnt,channel,secondary_channel,local_timestamp,ant,sig_len,rx_state,len,first_word,data
CSI_DATA,0,1a:00:00:00:00:00,-40,11,0,0,0,0,0,0,0,0,0,-96,0,1,0,1128292,0,42,0,128,0,"[0,0,-5,14,-5,14,-5,13,-5,13,-4,13,-4,13,-4,12,-3,12,-2,12,-2,12,-2,12,-1,12,-1,12,0,12,0,12,0,12,0,13,0,13,-1,13,-1,13,-2,12,-2,13,-3,12,-4,12,-4,11,-5,11,0,0,0,0,0,0,0,0,0,0,0,0,0,0,0,0,0,0,0,0,0,0,-3,9,-4,9,-4,9,-5,9,-5,10,-6,10,-7,10,-7,9,-7,9,-7,9,-7,9,-7,9,-7,9,-7,9,-6,9,-6,10,-6,10,-5,10,-5,11,-5,12,-4,12,-4,12,-4,13,-4,13,-4,14,-4,14]"
CSI_DATA,1,1a:00:00:00:00:00,-40,11,0,0,0,0,0,0,0,0,0,-96,0,1,0,1217334,0,31,0,128,0,"[0,0,-8,-15,-8,-15,-7,-14,-7,-14,-7,-14,-7,-13,-7,-13,-7,-12,-8,-12,-8,-11,-9,-11,-9,-10,-9,-10,-10,-10,-10,-10,-10,-10,-10,-11,-10,-11,-10,-11,-10,-12,-9,-12,-8,-12,-8,-12,-7,-12,-6,-12,-5,-12,0,0,0,0,0,0,0,0,0,0,0,0,0,0,0,0,0,0,0,0,0,0,-6,-10,-6,-10,-5,-11,-5,-11,-4,-12,-4,-12,-3,-12,-3,-13,-3,-13,-3,-13,-2,-13,-2,-12,-3,-12,-3,-12,-4,-12,-4,-12,-5,-12,-5,-12,-6,-13,-6,-13,-7,-13,-7,-13,-8,-13,-8,-14,-8,-14,-8,-14]"
CSI_DATA,2,1a:00:00:00:00:00,-41,11,0,0,0,0,0,0,0,0,0,-96,0,1,0,1418893,0,31,0,128,0,"[0,0,11,10,11,9,11,9,10,9,10,9,10,9,10,8,10,7,10,7,10,6,11,6,10,5,11,5,11,5,11,5,12,5,12,5,12,5,12,6,12,6,11,7,11,7,10,7,10,8,9,8,8,8,0,0,0,0,0,0,0,0,0,0,0,0,0,0,0,0,0,0,0,0,0,0,8,6,8,6,7,7,7,8,7,8,7,9,7,9,7,9,6,9,6,9,6,9,6,9,6,9,6,9,7,9,7,9,7,8,8,8,9,8,9,8,10,8,10,8,11,8,11,9,11,9,11,9]"
CSI_DATA,3,1a:00:00:00:00:00,-40,11,0,0,0,0,0,0,0,0,0,-96,0,1,0,1619687,0,31,0,128,0,"[0,0,-5,-15,-5,-15,-5,-15,-5,-15,-5,-14,-5,-14,-5,-13,-5,-13,-6,-12,-6,-12,-7,-11,-7,-11,-7,-11,-8,-11,-8,-11,-8,-11,-8,-11,-8,-12,-8,-12,-8,-12,-7,-12,-7,-12,-6,-13,-5,-13,-4,-12,-3,-12,0,0,0,0,0,0,0,0,0,0,0,0,0,0,0,0,0,0,0,0,0,0,-3,-10,-3,-11,-2,-11,-2,-11,-2,-12,-1,-12,-1,-12,0,-12,0,-12,0,-12,0,-12,0,-12,0,-12,-1,-12,-1,-12,-2,-12,-2,-12,-3,-13,-3,-13,-4,-13,-4,-13,-4,-14,-5,-14,-5,-14,-5,-15,-5,-15]"
CSI_DATA,4,1a:00:00:00:00:00,-40,11,0,0,0,0,0,0,0,0,0,-96,0,1,0,1820938,0,31,0,128,0,"[0,0,-5,-15,-5,-14,-5,-14,-5,-14,-5,-13,-5,-13,-5,-13,-6,-12,-6,-11,-6,-11,-7,-11,-7,-11,-8,-10,-8,-10,-8,-10,-8,-10,-8,-11,-9,-11,-8,-11,-8,-11,-7,-12,-6,-12,-6,-12,-5,-12,-5,-12,-4,-12,0,0,0,0,0,0,0,0,0,0,0,0,0,0,0,0,0,0,0,0,0,0,-4,-10,-3,-10,-3,-11,-2,-11,-2,-11,-2,-11,-1,-12,-1,-12,0,-12,0,-12,0,-12,0,-12,-1,-12,-1,-12,-1,-12,-2,-12,-2,-12,-3,-12,-3,-12,-4,-13,-4,-13,-5,-13,-5,-13,-5,-14,-5,-14,-5,-14]"
[0;32mI (1919) ftm_responder: Counter = 2[0m
CSI_DATA,5,1a:00:00:00:00:00,-41,11,0,0,0,0,0,0,0,0,0,-96,0,1,0,2022048,0,31,0,128,0,"[0,0,14,-4,13,-4,14,-4,13,-3,13,-4,12,-4,12,-4,12,-4,11,-4,10,-5,10,-6,10,-6,10,-6,10,-7,10,-7,10,-7,10,-7,11,-7,11,-7,11,-6,12,-6,11,-5,11,-5,11,-4,11,-3,11,-2,0,0,0,0,0,0,0,0,0,0,0,0,0,0,0,0,0,0,0,0,0,0,9,-3,10,-2,10,-2,10,-1,10,-1,11,0,11,0,11,1,11,1,11,1,11,1,11,1,11,0,11,0,11,0,11,-1,11,-1,11,-2,12,-2,12,-2,12,-3,13,-3,13,-4,13,-4,14,-4,14,-4]"
CSI_DATA,6,1a:00:00:00:00:00,-41,11,0,0,0,0,0,0,0,0,0,-96,0,1,0,2223222,0,31,0,128,0,"[0,0,-2,-16,-2,-16,-2,-16,-2,-15,-2,-15,-2,-15,-2,-14,-2,-14,-3,-13,-4,-13,-4,-13,-5,-12,-5,-12,-6,-13,-6,-12,-6,-13,-6,-13,-6,-13,-6,-14,-5,-14,-5,-14,-4,-14,-3,-14,-3,-14,-2,-13,-1,-13,0,0,0,0,0,0,0,0,0,0,0,0,0,0,0,0,0,0,0,0,0,0,-1,-11,0,-12,0,-12,1,-12,1,-12,2,-13,3,-13,3,-12,3,-12,3,-12,3,-12,3,-12,3,-12,2,-12,2,-12,1,-12,1,-13,0,-13,0,-13,0,-14,-1,-14,-1,-14,-1,-15,-2,-15,-2,-16,-2,-16]"
CSI_DATA,7,1a:00:00:00:00:00,-40,11,0,0,0,0,0,0,0,0,0,-96,0,1,0,2424599,0,31,0,128,0,"[0,0,-15,-3,-15,-3,-15,-3,-14,-3,-14,-3,-14,-3,-13,-2,-13,-2,-13,-1,-13,-1,-13,-1,-13,0,-13,0,-13,1,-13,1,-13,1,-13,1,-14,1,-14,0,-14,0,-14,-1,-13,-1,-13,-2,-13,-3,-12,-3,-12,-4,0,0,0,0,0,0,0,0,0,0,0,0,0,0,0,0,0,0,0,0,0,0,-10,-2,-11,-2,-11,-3,-11,-4,-11,-4,-11,-5,-11,-5,-11,-5,-11,-5,-11,-6,-10,-6,-10,-6,-11,-5,-11,-5,-11,-5,-11,-4,-11,-4,-12,-4,-12,-4,-13,-3,-13,-3,-14,-3,-14,-3,-14,-3,-15,-3,-15,-3]"
CSI_DATA,8,1a:00:00:00:00:00,-40,11,0,0,0,0,0,0,0,0,0,-96,0,1,0,2625713,0,31,0,128,0,"[0,0,-16,3,-15,3,-15,3,-15,3,-15,3,-14,3,-13,3,-13,4,-12,4,-12,5,-12,5,-11,6,-11,6,-11,7,-11,7,-12,7,-12,7,-12,7,-13,6,-13,6,-13,5,-13,5,-13,4,-13,4,-13,3,-13,2,0,0,0,0,0,0,0,0,0,0,0,0,0,0,0,0,0,0,0,0,0,0,-10,2,-11,2,-11,1,-12,1,-12,0,-12,0,-12,-1,-12,-1,-13,-1,-12,-1,-13,-1,-12,-1,-12,-1,-12,0,-12,0,-12,0,-13,1,-13,1,-13,2,-13,2,-14,2,-14,3,-14,3,-15,4,-15,4,-15,3]"
CSI_DATA,9,1a:00:00:00:00:00,-40,11,0,0,0,0,0,0,0,0,0,-96,0,1,0,2685690,0,42,0,128,0,"[0,0,-13,7,-13,7,-13,7,-13,7,-12,6,-12,7,-11,7,-11,7,-10,7,-10,7,-9,8,-9,8,-9,8,-9,9,-8,9,-8,9,-9,9,-9,9,-9,9,-10,9,-10,9,-10,8,-10,7,-11,7,-11,6,-11,5,0,0,0,0,0,0,0,0,0,0,0,0,0,0,0,0,0,0,0,0,0,0,-9,4,-10,4,-10,3,-11,3,-11,3,-11,2,-12,2,-12,2,-12,2,-12,1,-12,1,-12,1,-12,1,-11,2,-11,2,-11,3,-11,3,-11,4,-11,4,-11,5,-12,5,-12,6,-12,6,-13,7,-13,7,-13,7]"
CSI_DATA,10,1a:00:00:00:00:00,-40,11,0,0,0,0,0,0,0,0,0,-96,0,1,0,2753047,0,31,0,128,0,"[0,0,-15,5,-15,5,-14,5,-15,5,-14,5,-13,5,-13,5,-12,6,-12,6,-11,6,-11,6,-10,7,-11,7,-10,8,-10,8,-11,8,-11,8,-11,8,-12,8,-12,8,-13,7,-13,6,-12,5,-13,5,-13,4,-13,3,0,0,0,0,0,0,0,0,0,0,0,0,0,0,0,0,0,0,0,0,0,0,-10,4,-11,3,-11,3,-12,2,-12,2,-12,2,-13,1,-13,1,-13,1,-13,0,-13,0,-13,0,-12,0,-12,1,-12,1,-12,2,-12,2,-13,2,-13,3,-13,4,-13,4,-14,5,-14,5,-14,5,-15,5,-15,6]"
[0;32mI (2919) ftm_responder: Counter = 3[0m
CSI_DATA,11,1a:00:00:00:00:00,-40,11,0,0,0,0,0,0,0,0,0,-96,0,1,0,2953858,0,31,0,128,0,"[0,0,10,11,10,11,9,11,9,10,9,10,9,10,9,9,9,9,9,8,9,7,10,7,10,6,10,6,11,6,11,6,11,6,11,6,11,6,11,7,11,8,10,8,10,8,9,8,9,9,8,9,7,9,0,0,0,0,0,0,0,0,0,0,0,0,0,0,0,0,0,0,0,0,0,0,7,6,6,7,6,8,6,9,6,9,6,10,5,10,5,10,4,10,4,10,5,10,4,10,5,10,5,10,5,10,6,9,6,9,7,9,7,9,8,9,8,10,9,10,9,10,10,10,10,10,10,11]"
CSI_DATA,12,1a:00:00:00:00:00,-40,11,0,0,0,0,0,0,0,0,0,-96,0,1,0,3155026,0,31,0,128,0,"[0,0,15,0,14,0,14,0,14,0,14,0,13,0,13,0,12,-1,12,-1,12,-2,11,-2,11,-3,11,-3,12,-4,12,-4,12,-4,12,-4,13,-3,13,-3,13,-3,13,-2,12,-1,12,-1,12,0,11,1,11,1,0,0,0,0,0,0,0,0,0,0,0,0,0,0,0,0,0,0,0,0,0,0,9,-1,10,0,10,0,10,1,10,1,11,2,11,2,11,2,10,3,10,3,10,3,10,3,10,3,10,2,10,2,11,2,11,1,11,1,12,1,12,0,12,0,13,0,13,0,14,0,14,0,14,0]"
CSI_DATA,13,1a:00:00:00:00:00,-40,11,0,0,0,0,0,0,0,0,0,-96,0,1,0,3356154,0,31,0,128,0,"[0,0,-4,15,-4,15,-4,15,-3,14,-3,15,-3,14,-3,13,-2,13,-1,13,-1,12,0,13,0,12,0,13,1,13,1,13,1,13,1,13,1,14,1,14,0,14,0,14,-1,13,-2,13,-2,13,-3,12,-4,12,0,0,0,0,0,0,0,0,0,0,0,0,0,0,0,0,0,0,0,0,0,0,-2,10,-3,10,-4,10,-4,10,-5,10,-6,11,-6,10,-6,10,-6,10,-7,10,-7,10,-6,10,-6,10,-6,10,-6,10,-5,10,-5,11,-4,11,-4,12,-4,12,-4,13,-3,14,-3,14,-3,15,-3,15,-3,15]"
CSI_DATA,14,1a:00:00:00:00:00,-40,11,0,0,0,0,0,0,0,0,0,-96,0,1,0,3557524,0,31,0,128,0,"[0,0,8,11,8,11,8,11,8,10,8,10,7,10,7,10,8,9,8,9,8,7,8,7,9,7,9,7,10,7,9,7,10,7,10,7,10,7,10,8,9,8,9,9,8,9,7,9,7,9,6,9,5,9,0,0,0,0,0,0,0,0,0,0,0,0,0,0,0,0,0,0,0,0,0,0,6,7,6,7,6,8,5,8,5,9,5,9,4,10,4,10,4,10,4,10,4,10,4,10,4,10,4,9,5,10,4,9,5,9,6,9,6,9,7,9,7,10,7,10,8,10,9,10,9,10,9,11]"
CSI_DATA,15,1a:00:00:00:00:00,-40,11,0,0,0,0,0,0,0,0,0,-96,0,1,0,3758703,0,31,0,128,0,"[0,0,14,4,14,3,14,3,13,3,13,3,13,2,13,2,12,2,12,1,12,0,12,0,12,-1,12,-1,12,-1,12,-1,13,-2,13,-1,13,-2,13,-1,13,0,13,0,13,1,12,1,12,2,11,2,11,3,0,0,0,0,0,0,0,0,0,0,0,0,0,0,0,0,0,0,0,0,0,0,9,2,10,3,9,3,10,4,10,4,10,5,10,6,10,6,9,6,9,6,9,6,9,6,9,6,9,5,10,5,10,5,10,4,11,4,11,3,12,3,12,3,13,3,13,3,14,3,14,3,14,3]"
[0;32mI (3919) ftm_responder: Counter = 4[0m
CSI_DATA,16,1a:00:00:00:00:00,-40,11,0,0,0,0,0,0,0,0,0,-96,0,1,0,3959826,0,31,0,128,0,"[0,0,4,15,4,14,4,14,4,14,4,14,4,13,4,12,4,12,5,12,5,11,6,11,6,10,6,10,7,10,7,10,7,10,7,11,7,11,7,11,6,12,5,12,5,12,4,12,4,12,3,11,2,12,0,0,0,0,0,0,0,0,0,0,0,0,0,0,0,0,0,0,0,0,0,0,3,9,3,10,2,10,2,11,1,11,1,12,0,12,0,12,-1,12,-1,11,-1,12,0,11,0,11,0,11,0,11,1,11,1,12,2,11,2,12,3,12,3,12,3,13,4,13,4,13,4,14,4,14]"
CSI_DATA,17,1a:00:00:00:00:00,-40,11,0,0,0,0,0,0,0,0,0,-96,0,1,0,4160944,0,31,0,128,0,"[0,0,12,7,12,7,12,7,12,7,12,7,11,6,11,5,11,5,11,5,11,4,11,4,11,3,11,3,12,2,12,2,12,2,12,2,13,3,13,3,13,3,12,4,12,4,11,5,11,5,10,6,10,6,0,0,0,0,0,0,0,0,0,0,0,0,0,0,0,0,0,0,0,0,0,0,8,5,8,5,8,6,8,7,8,7,8,8,8,8,7,8,7,9,7,9,7,9,7,9,7,9,7,8,8,8,8,8,8,7,9,7,9,7,10,7,10,7,11,7,11,7,12,7,12,7,12,7]"
CSI_DATA,18,1a:00:00:00:00:00,-41,11,0,0,0,0,0,0,0,0,0,-96,0,1,0,4220967,0,42,0,128,0,"[0,0,-11,-11,-11,-11,-11,-11,-11,-11,-10,-11,-10,-10,-10,-10,-10,-9,-10,-8,-11,-8,-11,-7,-11,-7,-11,-7,-12,-6,-12,-6,-12,-6,-12,-6,-13,-7,-13,-7,-12,-7,-12,-8,-11,-8,-11,-9,-10,-9,-9,-9,-9,-9,0,0,0,0,0,0,0,0,0,0,0,0,0,0,0,0,0,0,0,0,0,0,-8,-8,-7,-8,-7,-9,-7,-10,-7,-10,-7,-11,-6,-11,-6,-11,-6,-11,-6,-12,-5,-12,-6,-11,-6,-11,-6,-11,-6,-10,-7,-11,-7,-10,-8,-10,-8,-10,-9,-10,-10,-10,-10,-11,-11,-11,-11,-11,-11,-11,-11,-11]"
CSI_DATA,19,1a:00:00:00:00:00,-40,11,0,0,0,0,0,0,0,0,0,-96,0,1,0,4289532,0,31,0,128,0,"[0,0,-3,14,-2,14,-2,14,-2,14,-2,14,-2,13,-2,13,-1,13,-1,12,0,12,1,12,1,12,2,12,2,12,2,12,2,12,1,13,2,13,1,14,0,13,0,13,-1,13,-2,13,-2,13,-3,11,-3,12,0,0,0,0,0,0,0,0,0,0,0,0,0,0,0,0,0,0,0,0,0,0,-1,10,-1,10,-2,10,-3,11,-3,11,-4,11,-5,11,-5,11,-5,10,-5,10,-5,10,-5,10,-5,11,-4,11,-4,11,-4,11,-3,11,-3,11,-3,12,-3,12,-3,13,-2,13,-2,13,-2,14,-2,15,-2,15]"
CSI_DATA,20,1a:00:00:00:00:00,-40,11,0,0,0,0,0,0,0,0,0,-96,0,1,0,4490732,0,31,0,128,0,"[0,0,-7,13,-8,13,-8,12,-7,12,-6,12,-6,12,-6,12,-5,12,-5,11,-4,12,-4,11,-3,12,-3,12,-2,12,-2,12,-2,12,-3,13,-3,13,-3,13,-3,13,-4,13,-5,12,-5,12,-6,12,-6,11,-7,10,0,0,0,0,0,0,0,0,0,0,0,0,0,0,0,0,0,0,0,0,0,0,-5,9,-6,9,-6,8,-7,8,-7,8,-8,8,-8,8,-9,8,-9,8,-9,8,-9,7,-9,7,-9,8,-8,8,-8,8,-8,8,-8,9,-7,9,-7,10,-7,11,-7,11,-7,12,-7,12,-7,12,-7,13,-7,13]"
CSI_DATA,21,1a:00:00:00:00:00,-40,11,0,0,0,0,0,0,0,0,0,-96,0,1,0,4693649,0,31,0,128,0,"[0,0,-11,-11,-11,-11,-11,-11,-11,-10,-11,-10,-11,-9,-11,-9,-11,-8,-11,-8,-11,-7,-11,-7,-11,-6,-12,-6,-12,-6,-12,-5,-13,-5,-13,-6,-13,-6,-13,-6,-13,-7,-12,-7,-12,-7,-11,-8,-10,-9,-10,-9,-9,-9,0,0,0,0,0,0,0,0,0,0,0,0,0,0,0,0,0,0,0,0,0,0,-7,-8,-7,-8,-7,-9,-7,-9,-7,-10,-7,-11,-7,-11,-6,-11,-6,-11,-5,-11,-5,-11,-5,-11,-5,-11,-6,-11,-6,-11,-7,-10,-7,-10,-8,-10,-8,-10,-9,-10,-9,-10,-10,-10,-10,-10,-11,-11,-11,-11,-11,-11]"
CSI_DATA,22,1a:00:00:00:00:00,-40,11,0,0,0,0,0,0,0,0,0,-96,0,1,0,4893061,0,31,0,128,0,"[0,0,-15,-1,-15,-1,-15,-1,-14,-1,-15,-1,-14,0,-14,0,-13,0,-13,1,-13,1,-13,2,-12,2,-12,2,-13,3,-12,3,-13,3,-13,3,-13,3,-13,3,-13,2,-13,2,-13,1,-13,1,-13,0,-13,-1,-12,-1,0,0,0,0,0,0,0,0,0,0,0,0,0,0,0,0,0,0,0,0,0,0,-10,-1,-10,-1,-11,-2,-11,-3,-11,-3,-11,-4,-11,-4,-11,-4,-11,-4,-11,-5,-11,-5,-11,-5,-11,-4,-11,-4,-11,-4,-11,-3,-12,-3,-12,-2,-13,-2,-13,-2,-13,-1,-13,-1,-14,-1,-14,-1,-15,-1,-15,-1]"
[0;32mI (4919) ftm_responder: Counter = 5[0m
CSI_DATA,23,1a:00:00:00:00:00,-40,11,0,0,0,0,0,0,0,0,0,-96,0,1,0,5094210,0,31,0,128,0,"[0,0,-3,14,-3,14,-3,14,-3,14,-3,14,-3,13,-2,13,-2,13,-2,12,-1,12,-1,12,0,12,0,12,1,12,1,12,1,12,1,13,1,13,0,13,0,13,-1,13,-1,13,-2,13,-3,13,-3,12,-4,11,0,0,0,0,0,0,0,0,0,0,0,0,0,0,0,0,0,0,0,0,0,0,-2,9,-3,10,-4,10,-4,10,-5,10,-5,10,-6,10,-6,10,-6,10,-6,9,-7,10,-7,9,-6,10,-6,10,-5,10,-5,10,-5,10,-4,11,-4,11,-4,12,-3,12,-3,13,-3,13,-3,14,-3,14,-3,14]"
CSI_DATA,24,1a:00:00:00:00:00,-40,11,0,0,0,0,0,0,0,0,0,-96,0,1,0,5295368,0,31,0,128,0,"[0,0,-11,11,-10,11,-10,11,-10,11,-10,11,-9,10,-9,10,-8,10,-8,10,-7,10,-7,11,-6,11,-6,11,-6,12,-5,11,-6,12,-6,12,-6,12,-7,12,-7,12,-8,11,-8,11,-8,10,-9,10,-9,9,-9,8,0,0,0,0,0,0,0,0,0,0,0,0,0,0,0,0,0,0,0,0,0,0,-7,7,-8,7,-8,7,-9,7,-9,7,-10,6,-10,6,-10,6,-10,6,-10,5,-10,6,-10,5,-10,6,-10,6,-10,6,-9,6,-10,7,-9,7,-9,8,-9,9,-9,9,-9,10,-9,10,-9,11,-10,11,-10,11]"
CSI_DATA,25,1a:00:00:00:00:00,-40,11,0,0,0,0,0,0,0,0,0,-96,0,1,0,5496528,0,31,0,128,0,"[0,0,-10,11,-10,11,-9,11,-9,11,-9,11,-9,11,-8,11,-7,11,-7,11,-6,11,-6,11,-6,11,-5,11,-5,11,-5,12,-5,12,-5,12,-5,12,-6,12,-6,12,-7,12,-7,11,-7,11,-8,10,-8,9,-9,9,0,0,0,0,0,0,0,0,0,0,0,0,0,0,0,0,0,0,0,0,0,0,-7,7,-7,7,-8,7,-8,7,-9,7,-9,7,-10,6,-10,7,-10,6,-10,6,-10,6,-10,6,-10,6,-9,6,-9,7,-9,7,-9,7,-9,8,-9,9,-8,9,-9,10,-9,10,-9,11,-9,11,-9,12,-9,11]"
CSI_DATA,26,1a:00:00:00:00:00,-40,11,0,0,0,0,0,0,0,0,0,-96,0,1,0,5697817,0,31,0,128,0,"[0,0,-15,3,-15,3,-14,3,-14,3,-14,3,-13,3,-13,4,-13,4,-12,4,-12,5,-12,5,-11,5,-11,5,-11,6,-11,6,-11,6,-11,6,-12,6,-12,6,-12,6,-12,5,-13,5,-12,4,-13,3,-12,2,-12,1,0,0,0,0,0,0,0,0,0,0,0,0,0,0,0,0,0,0,0,0,0,0,-10,2,-10,2,-11,1,-11,1,-12,1,-12,0,-12,0,-12,-1,-12,-1,-12,-1,-12,-1,-12,-1,-12,-1,-11,0,-12,0,-12,0,-12,1,-12,1,-12,2,-13,2,-13,3,-13,3,-14,3,-14,4,-14,3,-14,3]"
CSI_DATA,27,1a:00:00:00:00:00,-40,11,0,0,0,0,0,0,0,0,0,-96,0,1,0,5757802,0,42,0,128,0,"[0,0,-15,-4,-14,-4,-15,-4,-14,-4,-14,-3,-13,-3,-13,-3,-13,-2,-13,-2,-13,-1,-13,-1,-13,0,-12,0,-13,1,-13,1,-13,1,-13,1,-14,1,-14,1,-14,0,-14,0,-13,-1,-13,-2,-13,-2,-12,-3,-12,-4,0,0,0,0,0,0,0,0,0,0,0,0,0,0,0,0,0,0,0,0,0,0,-10,-3,-10,-3,-10,-4,-11,-5,-10,-5,-11,-6,-11,-6,-10,-6,-10,-7,-10,-7,-10,-7,-10,-7,-10,-6,-10,-6,-11,-6,-10,-5,-11,-5,-11,-4,-12,-5,-12,-4,-13,-4,-13,-4,-14,-4,-14,-4,-14,-4,-15,-4]"
CSI_DATA,28,1a:00:00:00:00:00,-40,11,0,0,0,0,0,0,0,0,0,-96,0,1,0,5824318,0,31,0,128,0,"[0,0,-1,15,-1,14,-1,14,-1,14,0,14,0,13,0,13,1,13,1,12,1,12,2,12,2,12,3,12,3,12,3,12,4,12,3,12,4,13,3,13,3,13,2,13,1,13,1,12,0,12,-1,12,-1,12,0,0,0,0,0,0,0,0,0,0,0,0,0,0,0,0,0,0,0,0,0,0,-1,10,-1,10,-2,10,-3,10,-3,10,-4,11,-4,11,-4,11,-5,11,-5,10,-5,10,-5,10,-4,10,-4,10,-4,11,-3,11,-3,11,-2,11,-2,12,-1,12,-1,13,-1,13,-1,13,-1,14,-1,14,-1,14]"
[0;32mI (5929) ftm_responder: Counter = 6[0m
CSI_DATA,29,1a:00:00:00:00:00,-41,11,0,0,0,0,0,0,0,0,0,-96,0,1,0,6025415,0,31,0,128,0,"[0,0,14,-6,14,-6,14,-6,14,-6,14,-6,13,-6,12,-6,12,-6,11,-6,11,-7,11,-7,10,-8,10,-8,10,-8,10,-9,10,-9,11,-9,11,-9,12,-9,12,-8,12,-7,12,-7,12,-6,12,-5,12,-4,12,-4,0,0,0,0,0,0,0,0,0,0,0,0,0,0,0,0,0,0,0,0,0,0,9,-5,10,-4,10,-4,11,-3,11,-3,12,-3,12,-2,12,-2,12,-2,12,-1,12,-1,11,-1,12,-1,11,-2,11,-2,11,-3,11,-3,11,-4,12,-4,12,-5,12,-5,13,-6,13,-6,14,-6,14,-6,14,-6]"
CSI_DATA,30,1a:00:00:00:00:00,-40,11,0,0,0,0,0,0,0,0,0,-96,0,1,0,6216438,0,28,0,128,0,"[0,0,15,-3,15,-4,15,-4,14,-4,14,-4,14,-4,13,-4,13,-5,12,-5,12,-6,12,-6,11,-7,11,-7,11,-7,11,-8,11,-8,12,-7,12,-7,12,-7,13,-7,13,-6,12,-5,12,-4,13,-4,12,-3,12,-2,0,0,0,0,0,0,0,0,0,0,0,0,0,0,0,0,0,0,0,0,0,0,10,-3,11,-3,11,-2,12,-1,11,-1,12,-1,12,0,12,1,12,1,12,1,12,1,12,1,12,1,11,0,12,0,12,0,12,-1,12,-2,13,-2,13,-3,13,-3,14,-4,14,-4,14,-4,15,-4,15,-4]"
CSI_DATA,31,1a:00:00:00:00:00,-40,11,0,0,0,0,0,0,0,0,0,-96,0,1,0,6226562,0,31,0,128,0,"[0,0,-13,-10,-12,-9,-12,-10,-12,-9,-12,-9,-12,-9,-12,-8,-12,-7,-12,-7,-12,-6,-12,-6,-12,-5,-12,-5,-13,-5,-13,-5,-13,-5,-13,-5,-13,-5,-13,-5,-13,-6,-13,-7,-12,-7,-12,-7,-11,-7,-10,-8,-10,-8,0,0,0,0,0,0,0,0,0,0,0,0,0,0,0,0,0,0,0,0,0,0,-9,-7,-8,-8,-8,-8,-8,-8,-8,-9,-8,-10,-7,-10,-7,-10,-7,-10,-7,-10,-7,-10,-7,-10,-7,-10,-7,-10,-8,-10,-8,-9,-9,-9,-9,-9,-10,-9,-10,-9,-11,-9,-11,-9,-12,-9,-12,-9,-12,-9,-13,-9]"
CSI_DATA,32,1a:00:00:00:00:00,-40,11,0,0,0,0,0,0,0,0,0,-96,0,1,0,6427785,0,31,0,128,0,"[0,0,6,13,6,12,6,12,6,12,6,12,6,11,6,11,6,10,6,10,7,9,7,9,8,8,8,8,8,9,8,8,9,8,9,8,9,9,9,9,8,9,8,10,7,10,6,10,6,10,5,10,4,10,0,0,0,0,0,0,0,0,0,0,0,0,0,0,0,0,0,0,0,0,0,0,4,8,4,9,3,9,3,10,3,10,2,11,2,11,2,11,1,11,1,11,1,11,1,11,1,10,2,10,2,10,2,10,3,11,4,10,4,11,5,11,5,11,5,11,6,11,7,12,6,12,7,12]"
CSI_DATA,33,1a:00:00:00:00:00,-40,11,0,0,0,0,0,0,0,0,0,-96,0,1,0,6628988,0,31,0,128,0,"[0,0,-3,14,-2,14,-3,14,-2,13,-2,13,-2,13,-1,12,-1,12,-1,12,0,12,0,12,1,11,1,11,2,12,2,12,2,12,2,12,2,13,2,12,1,13,1,13,0,13,-1,13,-1,12,-2,12,-3,11,0,0,0,0,0,0,0,0,0,0,0,0,0,0,0,0,0,0,0,0,0,0,-2,9,-2,10,-3,10,-4,10,-4,10,-5,10,-5,10,-6,10,-6,10,-6,9,-6,9,-6,10,-6,10,-5,10,-5,10,-4,10,-4,11,-3,11,-3,11,-3,12,-3,12,-2,12,-2,13,-2,14,-2,14,-2,14]"
CSI_DATA,34,1a:00:00:00:00:00,-40,11,0,0,0,0,0,0,0,0,0,-96,0,1,0,6830307,0,31,0,128,0,"[0,0,10,10,10,9,10,9,10,9,10,9,9,8,9,8,9,7,9,7,10,6,10,6,10,5,10,5,11,5,11,5,11,5,11,5,11,5,12,6,11,6,11,7,10,7,10,7,9,8,8,8,8,8,0,0,0,0,0,0,0,0,0,0,0,0,0,0,0,0,0,0,0,0,0,0,6,6,6,7,6,8,6,8,6,8,5,9,5,9,5,9,5,10,4,10,4,10,4,10,5,9,5,9,5,9,6,9,6,9,7,8,7,9,8,8,8,8,9,9,9,9,10,9,10,10,10,10]"
[0;32mI (6929) ftm_responder: Counter = 7[0m
CSI_DATA,35,1a:00:00:00:00:00,-40,11,0,0,0,0,0,0,0,0,0,-96,0,1,0,7031433,0,31,0,128,0,"[0,0,-14,-8,-14,-8,-13,-8,-13,-8,-13,-7,-13,-7,-12,-6,-13,-6,-12,-5,-12,-5,-12,-4,-13,-4,-13,-4,-13,-3,-13,-3,-14,-3,-14,-3,-14,-3,-14,-4,-14,-4,-14,-5,-13,-6,-13,-6,-12,-6,-11,-7,-11,-7,0,0,0,0,0,0,0,0,0,0,0,0,0,0,0,0,0,0,0,0,0,0,-10,-5,-10,-6,-10,-7,-9,-7,-9,-8,-9,-8,-9,-9,-9,-9,-8,-9,-8,-9,-8,-9,-8,-9,-9,-9,-9,-8,-9,-8,-9,-8,-9,-8,-10,-8,-10,-7,-11,-7,-12,-7,-12,-7,-13,-7,-13,-7,-13,-7,-14,-7]"
CSI_DATA,36,1a:00:00:00:00:00,-40,11,0,0,0,0,0,0,0,0,0,-96,0,1,0,7232559,0,31,0,128,0,"[0,0,-11,11,-10,10,-11,10,-10,10,-10,11,-9,10,-9,10,-8,10,-8,10,-7,10,-7,10,-6,11,-6,11,-6,12,-6,11,-6,12,-6,12,-7,12,-7,12,-7,12,-7,11,-8,11,-8,10,-9,10,-9,9,-9,8,0,0,0,0,0,0,0,0,0,0,0,0,0,0,0,0,0,0,0,0,0,0,-8,6,-8,6,-9,6,-10,6,-10,6,-10,6,-11,5,-11,5,-11,5,-11,4,-11,4,-11,4,-11,5,-10,5,-10,5,-10,6,-10,6,-9,7,-10,8,-10,8,-10,8,-10,9,-10,10,-10,10,-10,10,-10,10]"
CSI_DATA,37,1a:00:00:00:00:00,-40,11,0,0,0,0,0,0,0,0,0,-96,0,1,0,7292645,0,42,0,128,0,"[0,0,15,-1,14,-1,15,-1,14,-1,14,-1,13,-1,13,-2,12,-2,12,-3,11,-3,11,-4,11,-5,11,-5,12,-5,11,-5,12,-5,12,-5,13,-5,13,-5,13,-4,13,-4,13,-3,12,-3,12,-2,12,-1,12,-1,0,0,0,0,0,0,0,0,0,0,0,0,0,0,0,0,0,0,0,0,0,0,9,-1,10,0,10,0,11,1,10,1,11,2,11,3,11,3,11,3,10,3,11,3,10,3,11,3,11,2,11,2,11,2,11,1,11,1,12,0,12,0,12,-1,13,-1,13,-1,14,-2,14,-1,15,-1]"
CSI_DATA,38,1a:00:00:00:00:00,-40,11,0,0,0,0,0,0,0,0,0,-96,0,1,0,7338615,0,28,0,128,0,"[0,0,-10,-12,-10,-13,-9,-12,-10,-12,-9,-11,-9,-11,-9,-11,-9,-10,-10,-10,-10,-9,-10,-9,-10,-8,-11,-9,-11,-8,-12,-8,-11,-8,-12,-8,-12,-9,-11,-9,-11,-9,-11,-10,-10,-10,-10,-10,-9,-11,-8,-11,-7,-11,0,0,0,0,0,0,0,0,0,0,0,0,0,0,0,0,0,0,0,0,0,0,-7,-9,-6,-9,-6,-10,-6,-10,-6,-11,-5,-11,-5,-11,-5,-12,-4,-12,-4,-12,-4,-12,-4,-11,-4,-11,-4,-11,-5,-11,-6,-11,-6,-11,-7,-11,-7,-11,-8,-11,-8,-11,-9,-11,-9,-12,-9,-12,-9,-12,-9,-12]"
CSI_DATA,39,1a:00:00:00:00:00,-40,11,0,0,0,0,0,0,0,0,0,-96,0,1,0,7340666,0,165,0,128,0,"[0,0,-5,15,-5,15,-5,14,-4,14,-4,14,-4,14,-4,13,-3,13,-3,13,-2,13,-1,12,-1,13,-1,13,0,13,0,13,0,13,0,14,0,14,-1,14,-1,14,-2,14,-3,13,-3,13,-4,13,-4,12,-5,12,0,0,0,0,0,0,0,0,0,0,0,0,0,0,0,0,0,0,0,0,0,0,-3,10,-3,10,-4,10,-5,10,-5,10,-6,10,-6,10,-7,10,-7,10,-7,10,-7,9,-7,10,-7,10,-7,10,-6,10,-6,10,-6,10,-5,11,-5,12,-5,12,-4,13,-4,13,-4,14,-4,14,-4,15,-4,15]"
CSI_DATA,40,1a:00:00:00:00:00,-40,11,0,0,0,0,0,0,0,0,0,-96,0,1,0,7365614,0,31,0,128,0,"[0,0,-1,-15,-1,-15,-1,-15,-1,-15,-1,-15,-2,-14,-2,-14,-2,-13,-3,-13,-3,-12,-3,-13,-4,-13,-4,-12,-5,-12,-5,-12,-5,-13,-5,-13,-5,-14,-5,-14,-5,-14,-4,-14,-3,-14,-2,-14,-1,-14,-1,-13,0,-13,0,0,0,0,0,0,0,0,0,0,0,0,0,0,0,0,0,0,0,0,0,0,-1,-10,-1,-11,0,-11,1,-11,1,-11,2,-12,2,-12,2,-12,2,-12,3,-11,3,-12,3,-11,3,-12,2,-11,2,-12,1,-11,1,-12,0,-12,0,-13,-1,-13,-1,-13,-1,-14,-2,-14,-1,-15,-1,-15,-1,-15]"
CSI_DATA,41,1a:00:00:00:00:00,-40,11,0,0,0,0,0,0,0,0,0,-96,0,1,0,7466847,0,137,0,128,0,"[0,0,-7,13,-7,13,-7,13,-7,13,-7,12,-6,12,-6,12,-5,12,-5,12,-4,12,-4,12,-3,12,-3,12,-3,12,-3,12,-2,12,-3,13,-3,13,-4,13,-4,13,-4,13,-5,12,-5,12,-6,11,-7,10,-7,10,0,0,0,0,0,0,0,0,0,0,0,0,0,0,0,0,0,0,0,0,0,0,-5,9,-5,9,-6,9,-7,9,-7,9,-8,9,-8,9,-9,8,-9,8,-9,8,-9,8,-9,8,-9,8,-8,8,-8,8,-8,9,-7,9,-7,9,-7,10,-7,11,-7,11,-7,12,-7,12,-7,12,-7,13,-7,13]"
CSI_DATA,42,1a:00:00:00:00:00,-40,11,0,0,0,0,0,0,0,0,0,-96,0,1,0,7567055,0,31,0,128,0,"[0,0,-2,14,-1,14,-2,14,-1,13,-1,13,-1,13,-1,13,0,12,0,12,1,12,2,12,2,11,2,12,3,12,3,12,3,12,3,12,3,12,2,13,2,13,1,13,1,13,0,12,0,12,-1,12,-2,11,0,0,0,0,0,0,0,0,0,0,0,0,0,0,0,0,0,0,0,0,0,0,-1,9,-1,10,-2,10,-3,10,-3,10,-4,10,-5,11,-5,10,-5,10,-5,10,-5,10,-5,10,-4,10,-4,10,-4,10,-4,10,-3,11,-2,11,-2,11,-2,12,-2,12,-1,12,-1,13,-1,14,-1,14,-1,14]"
CSI_DATA,43,1a:00:00:00:00:00,-40,11,0,0,0,0,0,0,0,0,0,-96,0,1,0,7768261,0,31,0,128,0,"[0,0,-4,14,-3,14,-4,14,-3,13,-3,13,-3,13,-3,13,-2,12,-2,12,-1,12,-1,12,0,12,0,12,0,12,1,12,1,12,0,13,0,13,0,13,-1,13,-1,13,-2,13,-2,12,-3,12,-4,11,-4,11,0,0,0,0,0,0,0,0,0,0,0,0,0,0,0,0,0,0,0,0,0,0,-2,9,-3,10,-3,10,-4,10,-4,10,-5,10,-6,10,-6,10,-6,10,-6,9,-7,9,-6,9,-6,9,-6,10,-5,10,-5,10,-5,10,-4,10,-4,11,-4,12,-3,12,-3,13,-3,13,-3,13,-3,14,-3,14]"
[0;32mI (7929) ftm_responder: Counter = 8[0m
CSI_DATA,44,1a:00:00:00:00:00,-40,11,0,0,0,0,0,0,0,0,0,-96,0,1,0,7970362,0,31,0,128,0,"[0,0,1,-16,0,-16,0,-15,0,-15,0,-15,0,-15,0,-14,-1,-14,-1,-14,-2,-13,-2,-13,-3,-13,-3,-13,-3,-13,-4,-13,-4,-13,-3,-14,-3,-14,-3,-14,-2,-14,-2,-14,-1,-14,0,-14,0,-14,1,-13,1,-13,0,0,0,0,0,0,0,0,0,0,0,0,0,0,0,0,0,0,0,0,0,0,-1,-11,0,-11,1,-11,1,-11,2,-12,2,-12,3,-12,3,-12,3,-12,3,-12,3,-12,3,-11,3,-12,3,-11,2,-11,2,-12,2,-12,1,-12,1,-13,1,-13,0,-14,0,-14,0,-14,0,-15,0,-15,0,-16]"
CSI_DATA,45,1a:00:00:00:00:00,-40,11,0,0,0,0,0,0,0,0,0,-96,0,1,0,8170496,0,31,0,128,0,"[0,0,7,12,7,12,6,11,7,12,7,11,6,11,7,10,7,10,7,9,7,9,8,8,8,8,8,8,8,8,9,8,9,8,9,8,9,8,10,8,9,9,8,9,8,9,7,10,6,10,6,10,5,10,0,0,0,0,0,0,0,0,0,0,0,0,0,0,0,0,0,0,0,0,0,0,4,8,4,8,4,9,3,9,3,10,3,10,2,10,2,10,2,11,1,11,1,11,1,11,2,10,2,10,2,10,3,10,3,10,4,10,4,10,5,10,5,10,6,11,7,11,6,12,7,12,7,12]"
CSI_DATA,46,1a:00:00:00:00:00,-40,11,0,0,0,0,0,0,0,0,0,-96,0,1,0,8371633,0,31,0,128,0,"[0,0,3,-16,3,-16,3,-16,3,-16,2,-15,2,-15,1,-15,1,-14,0,-14,0,-14,-1,-14,-2,-14,-2,-14,-2,-14,-2,-14,-2,-14,-2,-15,-2,-15,-2,-15,-1,-15,-1,-15,0,-15,0,-14,1,-14,2,-13,3,-13,0,0,0,0,0,0,0,0,0,0,0,0,0,0,0,0,0,0,0,0,0,0,2,-11,2,-11,3,-11,3,-11,4,-12,5,-12,5,-12,5,-12,6,-11,6,-11,6,-11,6,-11,5,-11,5,-11,5,-11,4,-12,4,-12,3,-13,3,-13,3,-14,3,-14,2,-14,2,-15,2,-15,2,-16,3,-16]"
CSI_DATA,47,1a:00:00:00:00:00,-40,11,0,0,0,0,0,0,0,0,0,-96,0,1,0,8573287,0,31,0,128,0,"[0,0,-7,-14,-7,-14,-7,-14,-7,-13,-7,-13,-7,-13,-7,-13,-7,-12,-7,-11,-8,-11,-8,-10,-8,-10,-9,-10,-9,-10,-9,-10,-10,-10,-10,-10,-10,-11,-10,-11,-9,-11,-9,-11,-8,-12,-7,-12,-7,-12,-6,-12,-5,-12,0,0,0,0,0,0,0,0,0,0,0,0,0,0,0,0,0,0,0,0,0,0,-5,-9,-4,-10,-4,-10,-4,-11,-3,-11,-3,-12,-2,-12,-2,-12,-2,-12,-2,-12,-2,-12,-2,-12,-2,-12,-2,-12,-3,-12,-3,-12,-4,-12,-4,-12,-4,-12,-5,-12,-5,-12,-6,-13,-6,-13,-7,-13,-7,-13,-7,-14]"
CSI_DATA,48,1a:00:00:00:00:00,-40,11,0,0,0,0,0,0,0,0,0,-96,0,1,0,8776146,0,31,0,128,0,"[0,0,1,-15,0,-15,1,-15,0,-15,0,-14,0,-14,0,-14,-1,-13,-1,-13,-2,-13,-3,-13,-3,-13,-3,-13,-4,-13,-4,-13,-4,-13,-4,-13,-4,-14,-4,-14,-3,-14,-3,-14,-2,-14,-1,-14,-1,-13,0,-13,1,-12,0,0,0,0,0,0,0,0,0,0,0,0,0,0,0,0,0,0,0,0,0,0,0,-10,1,-10,2,-11,2,-11,3,-11,3,-11,4,-11,4,-11,4,-11,4,-11,4,-11,4,-11,4,-11,3,-11,3,-11,3,-12,2,-11,2,-12,2,-12,1,-13,1,-13,1,-14,0,-14,0,-15,0,-15,1,-15]"
CSI_DATA,49,1a:00:00:00:00:00,-40,11,0,0,0,0,0,0,0,0,0,-96,0,1,0,8834053,0,42,0,128,0,"[0,0,14,-3,14,-4,13,-4,14,-4,13,-4,13,-4,12,-4,12,-4,11,-4,11,-5,11,-5,10,-6,10,-6,10,-7,10,-7,10,-7,11,-7,11,-7,12,-7,12,-6,12,-6,12,-5,12,-5,12,-4,12,-3,12,-2,0,0,0,0,0,0,0,0,0,0,0,0,0,0,0,0,0,0,0,0,0,0,9,-3,10,-3,10,-2,10,-1,10,-1,11,-1,11,0,11,0,11,0,11,1,11,1,11,1,11,0,11,0,11,0,11,-1,11,-1,11,-2,11,-2,12,-3,12,-3,12,-3,13,-4,13,-4,13,-4,14,-4]"
CSI_DATA,50,1a:00:00:00:00:00,-40,11,0,0,0,0,0,0,0,0,0,-96,0,1,0,8897540,0,31,0,128,0,"[0,0,14,-2,14,-2,13,-2,13,-2,13,-2,12,-2,12,-3,12,-3,11,-3,11,-4,11,-4,11,-5,10,-5,10,-5,11,-6,11,-6,12,-6,12,-5,12,-5,12,-5,12,-4,12,-3,12,-3,12,-2,12,-2,11,-1,0,0,0,0,0,0,0,0,0,0,0,0,0,0,0,0,0,0,0,0,0,0,9,-2,9,-2,10,-1,9,-1,10,0,10,0,11,1,11,1,11,1,11,2,11,2,10,2,10,1,10,1,10,1,11,0,11,0,11,-1,11,-1,12,-2,12,-2,12,-2,13,-2,13,-3,13,-2,13,-2]"
[0;32mI (8929) ftm_responder: Counter = 9[0m
CSI_DATA,51,1a:00:00:00:00:00,-41,11,0,0,0,0,0,0,0,0,0,-96,0,1,0,9098592,0,31,0,128,0,"[0,0,7,-13,7,-13,7,-13,7,-12,6,-13,6,-12,6,-12,5,-12,5,-12,4,-12,3,-12,3,-12,3,-12,2,-13,2,-12,2,-13,2,-13,3,-14,3,-13,4,-13,4,-13,5,-12,5,-12,5,-12,6,-11,6,-10,0,0,0,0,0,0,0,0,0,0,0,0,0,0,0,0,0,0,0,0,0,0,4,-9,5,-9,5,-9,6,-9,6,-9,7,-9,8,-8,8,-8,8,-8,8,-8,8,-8,8,-8,8,-8,8,-8,7,-9,7,-8,7,-9,6,-10,7,-10,7,-11,6,-11,6,-12,6,-12,6,-13,6,-13,7,-13]"
CSI_DATA,52,1a:00:00:00:00:00,-40,11,0,0,0,0,0,0,0,0,0,-96,0,1,0,9299739,0,31,0,128,0,"[0,0,-11,11,-11,10,-11,10,-10,10,-10,10,-10,10,-9,10,-9,10,-8,10,-8,10,-7,10,-7,10,-6,11,-6,11,-6,11,-6,11,-6,12,-7,12,-7,12,-7,12,-8,11,-9,11,-9,10,-9,10,-9,9,-10,8,0,0,0,0,0,0,0,0,0,0,0,0,0,0,0,0,0,0,0,0,0,0,-7,7,-8,7,-9,6,-9,6,-10,6,-10,6,-11,5,-11,6,-11,5,-11,5,-11,5,-11,5,-11,5,-11,6,-10,6,-10,6,-10,6,-10,7,-10,8,-10,8,-10,9,-10,9,-10,10,-10,10,-11,11,-11,10]"
CSI_DATA,53,1a:00:00:00:00:00,-40,11,0,0,0,0,0,0,0,0,0,-96,0,1,0,9500909,0,31,0,128,0,"[0,0,-15,4,-15,4,-15,4,-15,4,-14,4,-14,4,-14,4,-13,4,-13,4,-12,5,-12,5,-11,6,-12,6,-12,7,-11,7,-12,7,-12,7,-12,7,-13,7,-13,6,-13,5,-13,5,-13,4,-13,3,-13,2,-13,2,0,0,0,0,0,0,0,0,0,0,0,0,0,0,0,0,0,0,0,0,0,0,-10,3,-10,3,-11,2,-11,2,-12,1,-12,1,-12,0,-13,0,-12,-1,-12,-1,-12,0,-12,-1,-12,0,-12,0,-12,0,-12,0,-12,1,-12,2,-13,2,-13,3,-13,3,-13,3,-14,4,-15,4,-15,4,-15,4]"
CSI_DATA,54,1a:00:00:00:00:00,-40,11,0,0,0,0,0,0,0,0,0,-96,0,1,0,9702141,0,31,0,128,0,"[0,0,-13,-7,-13,-7,-13,-7,-13,-7,-13,-7,-12,-6,-12,-6,-12,-5,-12,-5,-12,-4,-12,-4,-12,-4,-12,-3,-13,-3,-13,-2,-13,-2,-13,-3,-13,-3,-14,-3,-13,-4,-13,-4,-13,-5,-12,-5,-12,-6,-11,-6,-11,-7,0,0,0,0,0,0,0,0,0,0,0,0,0,0,0,0,0,0,0,0,0,0,-9,-5,-9,-5,-9,-6,-9,-6,-9,-7,-9,-7,-9,-8,-9,-8,-9,-9,-8,-9,-8,-9,-8,-9,-8,-8,-8,-8,-9,-8,-9,-7,-10,-7,-10,-7,-11,-7,-11,-6,-11,-7,-12,-7,-12,-6,-13,-7,-13,-7,-13,-7]"
CSI_DATA,55,1a:00:00:00:00:00,-40,11,0,0,0,0,0,0,0,0,0,-96,0,1,0,9903459,0,31,0,128,0,"[0,0,-8,12,-8,12,-8,12,-8,12,-8,12,-7,11,-7,11,-6,11,-6,11,-5,11,-5,11,-4,11,-4,11,-4,12,-4,12,-3,12,-4,12,-4,12,-4,13,-5,13,-5,12,-6,12,-6,11,-7,11,-7,10,-8,9,0,0,0,0,0,0,0,0,0,0,0,0,0,0,0,0,0,0,0,0,0,0,-6,8,-6,8,-7,8,-8,8,-8,7,-9,7,-9,7,-10,7,-10,7,-10,6,-9,6,-10,6,-9,7,-9,7,-9,7,-8,7,-8,8,-8,8,-8,9,-8,10,-7,10,-8,11,-8,11,-8,12,-8,12,-8,12]"
[0;32mI (9929) ftm_responder: Counter = 10[0m
CSI_DATA,56,1a:00:00:00:00:00,-40,11,0,0,0,0,0,0,0,0,0,-96,0,1,0,10104579,0,31,0,128,0,"[0,0,-9,12,-8,12,-8,12,-8,12,-8,12,-8,11,-7,11,-6,11,-6,11,-5,11,-5,11,-4,11,-4,12,-4,12,-4,12,-4,12,-4,12,-4,13,-5,13,-5,12,-6,12,-6,12,-6,11,-7,11,-7,10,-8,9,0,0,0,0,0,0,0,0,0,0,0,0,0,0,0,0,0,0,0,0,0,0,-6,8,-6,8,-7,8,-8,8,-8,8,-9,8,-9,7,-10,7,-10,7,-9,7,-10,7,-9,7,-9,7,-9,7,-9,7,-8,7,-8,8,-8,8,-8,9,-8,10,-8,10,-8,11,-8,11,-8,12,-8,12,-8,12]"
CSI_DATA,57,1a:00:00:00:00:00,-40,11,0,0,0,0,0,0,0,0,0,-96,0,1,0,10305696,0,31,0,128,0,"[0,0,14,-4,14,-5,13,-5,14,-5,13,-5,13,-5,12,-5,12,-6,11,-6,11,-6,11,-7,10,-7,10,-7,10,-8,10,-8,10,-8,11,-8,11,-8,12,-8,12,-8,12,-7,12,-6,12,-6,12,-5,12,-4,12,-3,0,0,0,0,0,0,0,0,0,0,0,0,0,0,0,0,0,0,0,0,0,0,9,-4,9,-4,10,-3,10,-3,11,-2,11,-2,11,-2,11,-1,11,-1,11,0,11,0,11,0,11,-1,11,-1,11,-1,11,-2,11,-2,11,-3,12,-4,12,-4,12,-4,12,-5,13,-5,13,-5,14,-5,14,-5]"
CSI_DATA,58,1a:00:00:00:00:00,-40,11,0,0,0,0,0,0,0,0,0,-96,0,1,0,10365715,0,42,0,128,0,"[0,0,-15,-3,-15,-3,-15,-3,-15,-3,-15,-3,-14,-3,-14,-2,-14,-2,-13,-1,-13,-1,-13,0,-13,0,-13,0,-13,1,-13,1,-14,1,-14,1,-14,1,-15,0,-14,0,-14,-1,-14,-1,-14,-2,-14,-3,-13,-3,-13,-4,0,0,0,0,0,0,0,0,0,0,0,0,0,0,0,0,0,0,0,0,0,0,-10,-2,-11,-3,-11,-3,-11,-4,-11,-4,-11,-5,-11,-5,-11,-6,-11,-6,-11,-6,-11,-6,-11,-6,-11,-6,-11,-5,-11,-5,-11,-5,-12,-4,-12,-4,-12,-4,-13,-3,-13,-3,-14,-3,-14,-3,-15,-3,-15,-3,-16,-3]"
CSI_DATA,59,1a:00:00:00:00:00,-40,11,0,0,0,0,0,0,0,0,0,-96,0,1,0,10432456,0,31,0,128,0,"[0,0,-14,7,-14,7,-14,6,-13,6,-13,6,-12,6,-12,6,-11,7,-11,7,-11,7,-10,8,-10,8,-10,8,-10,9,-10,9,-10,9,-10,9,-10,9,-11,9,-11,9,-12,8,-12,7,-12,7,-12,6,-12,5,-12,4,0,0,0,0,0,0,0,0,0,0,0,0,0,0,0,0,0,0,0,0,0,0,-9,5,-10,4,-10,4,-11,4,-11,3,-12,3,-12,3,-12,2,-12,2,-12,2,-12,2,-12,2,-12,2,-12,2,-12,3,-12,3,-12,4,-12,4,-12,5,-12,5,-12,6,-12,6,-13,7,-13,7,-13,7,-14,7]"
CSI_DATA,60,1a:00:00:00:00:00,-40,11,0,0,0,0,0,0,0,0,0,-96,0,1,0,10634839,0,31,0,128,0,"[0,0,-6,15,-6,14,-5,14,-5,14,-5,14,-5,13,-4,13,-4,13,-3,13,-2,13,-2,12,-1,12,-1,13,-1,13,0,13,0,13,0,13,-1,14,-1,14,-2,14,-3,14,-3,14,-3,13,-4,13,-4,12,-5,11,0,0,0,0,0,0,0,0,0,0,0,0,0,0,0,0,0,0,0,0,0,0,-4,9,-5,10,-5,10,-6,9,-6,10,-7,10,-7,10,-8,10,-8,9,-8,9,-8,9,-8,9,-8,9,-7,10,-7,10,-7,10,-6,10,-6,11,-6,11,-5,12,-5,12,-5,13,-5,13,-5,14,-5,14,-5,15]"
CSI_DATA,61,1a:00:00:00:00:00,-40,11,0,0,0,0,0,0,0,0,0,-96,0,1,0,10834781,0,31,0,128,0,"[0,0,-12,10,-12,10,-12,10,-11,10,-11,10,-10,10,-10,9,-9,10,-9,10,-8,10,-8,10,-7,10,-7,10,-7,11,-7,11,-7,11,-7,12,-7,12,-8,12,-8,12,-8,11,-9,10,-9,10,-10,9,-10,8,-10,7,0,0,0,0,0,0,0,0,0,0,0,0,0,0,0,0,0,0,0,0,0,0,-8,7,-8,7,-9,6,-10,6,-10,6,-11,6,-11,5,-11,5,-11,5,-11,4,-11,4,-11,4,-11,5,-11,5,-11,5,-10,6,-10,6,-10,7,-10,8,-10,8,-10,9,-10,9,-10,10,-11,10,-11,10,-11,10]"
[0;32mI (10929) ftm_responder: Counter = 11[0m
CSI_DATA,62,1a:00:00:00:00:00,-40,11,0,0,0,0,0,0,0,0,0,-96,0,1,0,11036072,0,31,0,128,0,"[0,0,-12,-10,-12,-9,-12,-9,-12,-9,-12,-9,-12,-8,-11,-8,-12,-7,-11,-7,-11,-6,-12,-6,-12,-5,-12,-5,-12,-5,-13,-5,-13,-5,-13,-5,-13,-5,-14,-6,-13,-6,-13,-7,-12,-7,-11,-7,-11,-8,-10,-8,-10,-9,0,0,0,0,0,0,0,0,0,0,0,0,0,0,0,0,0,0,0,0,0,0,-8,-6,-9,-7,-8,-7,-8,-8,-8,-8,-8,-9,-8,-9,-8,-10,-7,-10,-7,-10,-7,-10,-7,-10,-7,-10,-7,-9,-8,-9,-8,-9,-9,-9,-9,-8,-10,-8,-10,-8,-11,-8,-11,-8,-12,-8,-12,-9,-12,-9,-12,-9]"
CSI_DATA,63,1a:00:00:00:00:00,-40,11,0,0,0,0,0,0,0,0,0,-96,0,1,0,11237263,0,31,0,128,0,"[0,0,12,-10,11,-11,11,-10,11,-10,10,-10,10,-10,9,-10,9,-10,8,-10,8,-10,8,-10,7,-11,7,-11,7,-11,6,-12,6,-12,7,-12,7,-12,7,-12,8,-12,8,-11,9,-11,9,-10,9,-9,9,-8,10,-7,0,0,0,0,0,0,0,0,0,0,0,0,0,0,0,0,0,0,0,0,0,0,7,-7,7,-7,8,-7,9,-6,9,-6,10,-6,10,-6,10,-6,11,-5,11,-5,11,-5,10,-5,10,-5,10,-5,10,-6,10,-6,10,-7,10,-7,9,-8,10,-8,10,-9,10,-10,10,-10,11,-10,11,-10,11,-11]"
CSI_DATA,64,1a:00:00:00:00:00,-41,11,0,0,0,0,0,0,0,0,0,-96,0,1,0,11438344,0,31,0,128,0,"[0,0,7,13,7,13,6,12,7,12,7,11,6,11,7,11,7,11,7,10,8,9,8,9,8,9,9,8,9,8,10,8,10,8,10,9,10,9,10,9,9,10,9,10,8,10,7,10,7,11,6,10,5,11,0,0,0,0,0,0,0,0,0,0,0,0,0,0,0,0,0,0,0,0,0,0,4,9,4,9,3,10,3,10,3,11,2,11,2,11,1,11,1,11,1,11,1,11,1,11,1,11,2,11,2,11,2,11,3,11,4,11,4,11,5,11,5,12,6,12,6,12,7,12,7,13,7,13]"
CSI_DATA,65,1a:00:00:00:00:00,-40,11,0,0,0,0,0,0,0,0,0,-96,0,1,0,11639562,0,31,0,128,0,"[0,0,15,-2,15,-2,14,-2,14,-2,14,-2,13,-2,13,-3,13,-3,12,-3,12,-4,12,-4,11,-5,11,-5,11,-6,11,-6,12,-6,12,-6,12,-6,13,-6,13,-5,13,-5,13,-4,13,-3,13,-3,12,-1,12,-1,0,0,0,0,0,0,0,0,0,0,0,0,0,0,0,0,0,0,0,0,0,0,10,-1,10,-1,10,0,11,0,11,1,11,1,11,2,11,2,11,2,11,3,11,3,11,3,11,2,11,2,11,2,11,1,11,1,11,0,12,-1,12,-1,13,-1,13,-2,14,-2,14,-2,14,-2,15,-2]"
CSI_DATA,66,1a:00:00:00:00:00,-40,11,0,0,0,0,0,0,0,0,0,-96,0,1,0,11840767,0,31,0,128,0,"[0,0,7,12,7,12,7,12,7,11,7,11,7,11,7,10,7,10,7,9,8,9,8,8,8,8,9,8,9,8,9,8,9,8,9,8,10,9,9,9,9,9,8,10,8,10,7,10,7,10,6,10,5,11,0,0,0,0,0,0,0,0,0,0,0,0,0,0,0,0,0,0,0,0,0,0,6,7,5,8,5,8,5,9,5,9,4,10,4,10,3,10,3,11,3,10,3,10,3,10,3,10,3,10,4,10,4,10,4,10,5,10,6,10,6,10,6,10,7,11,7,11,8,11,8,11,8,12]"
CSI_DATA,67,1a:00:00:00:00:00,-40,11,0,0,0,0,0,0,0,0,0,-96,0,1,0,11900735,0,42,0,128,0,"[0,0,-14,-5,-14,-5,-14,-5,-14,-5,-14,-5,-13,-4,-13,-4,-13,-4,-13,-3,-12,-2,-13,-2,-12,-1,-13,-1,-13,-1,-13,-1,-13,-1,-13,-1,-13,-1,-14,-1,-14,-2,-13,-3,-13,-3,-13,-3,-12,-4,-12,-4,-12,-5,0,0,0,0,0,0,0,0,0,0,0,0,0,0,0,0,0,0,0,0,0,0,-10,-3,-10,-4,-10,-4,-10,-5,-10,-5,-10,-6,-10,-6,-10,-7,-10,-7,-9,-7,-9,-7,-9,-7,-10,-7,-10,-6,-10,-6,-10,-6,-10,-5,-11,-5,-11,-5,-12,-5,-12,-4,-13,-4,-13,-4,-14,-4,-14,-4,-14,-5]"
[0;32mI (11929) ftm_responder: Counter = 12[0m
CSI_DATA,68,1a:00:00:00:00:00,-41,11,0,0,0,0,0,0,0,0,0,-96,0,1,0,11970637,0,31,0,128,0,"[0,0,-11,10,-11,10,-11,10,-10,9,-10,10,-10,9,-9,9,-9,9,-8,9,-7,9,-7,10,-7,10,-7,10,-6,11,-6,11,-6,11,-6,11,-7,11,-7,11,-8,11,-8,11,-8,10,-9,9,-9,9,-9,8,-10,7,0,0,0,0,0,0,0,0,0,0,0,0,0,0,0,0,0,0,0,0,0,0,-7,7,-8,7,-8,6,-9,6,-9,6,-10,6,-10,5,-11,5,-11,5,-11,5,-11,4,-11,4,-10,5,-10,5,-10,5,-10,6,-10,6,-9,7,-10,8,-10,8,-10,8,-10,9,-10,9,-10,10,-10,10,-11,10]"
CSI_DATA,69,1a:00:00:00:00:00,-40,11,0,0,0,0,0,0,0,0,0,-96,0,1,0,12171878,0,31,0,128,0,"[0,0,-2,15,-2,15,-1,14,-1,14,-1,14,-1,13,-1,13,0,13,0,12,1,12,1,12,2,12,2,12,2,12,3,12,3,12,3,13,2,13,2,13,2,13,1,13,0,13,0,13,-1,13,-2,12,-2,12,0,0,0,0,0,0,0,0,0,0,0,0,0,0,0,0,0,0,0,0,0,0,-1,10,-1,10,-2,10,-3,10,-3,11,-3,10,-4,11,-4,11,-5,11,-5,10,-5,10,-5,10,-5,10,-4,10,-4,10,-4,11,-3,11,-2,12,-2,11,-2,12,-2,13,-1,13,-1,14,-1,14,-1,15,-1,15]"
CSI_DATA,70,1a:00:00:00:00:00,-40,11,0,0,0,0,0,0,0,0,0,-96,0,1,0,12374173,0,31,0,128,0,"[0,0,-12,10,-12,10,-12,10,-12,10,-11,10,-11,9,-10,9,-10,10,-9,9,-9,10,-8,10,-7,10,-7,11,-7,11,-7,11,-7,11,-7,12,-8,12,-8,12,-8,11,-9,11,-9,10,-11,10,-10,9,-10,8,-10,8,0,0,0,0,0,0,0,0,0,0,0,0,0,0,0,0,0,0,0,0,0,0,-8,6,-9,6,-10,6,-10,6,-10,6,-11,5,-12,5,-11,4,-12,4,-12,4,-12,4,-12,4,-11,4,-11,5,-11,5,-11,5,-11,6,-10,7,-11,7,-11,8,-11,8,-11,9,-11,9,-11,10,-12,10,-12,10]"
CSI_DATA,71,1a:00:00:00:00:00,-41,11,0,0,0,0,0,0,0,0,0,-96,0,1,0,12574226,0,31,0,128,0,"[0,0,11,9,11,8,11,9,11,8,11,8,10,7,10,7,10,6,10,6,10,5,10,5,11,5,11,5,11,4,11,4,12,4,12,4,12,5,12,5,12,6,11,6,11,7,10,7,9,7,9,8,8,8,0,0,0,0,0,0,0,0,0,0,0,0,0,0,0,0,0,0,0,0,0,0,8,5,8,6,8,6,7,7,7,7,7,8,7,8,7,9,6,9,6,9,6,9,6,9,6,9,6,8,7,8,7,8,8,8,8,7,9,8,9,7,10,7,10,8,11,8,11,8,11,8,12,8]"
CSI_DATA,72,1a:00:00:00:00:00,-41,11,0,0,0,0,0,0,0,0,0,-96,0,1,0,12775393,0,31,0,128,0,"[0,0,-14,6,-14,6,-14,6,-14,5,-13,6,-13,6,-12,6,-12,6,-11,6,-11,6,-11,6,-10,7,-10,7,-10,8,-10,8,-10,8,-10,8,-11,8,-11,8,-11,8,-11,7,-12,7,-12,6,-12,5,-12,4,-12,3,0,0,0,0,0,0,0,0,0,0,0,0,0,0,0,0,0,0,0,0,0,0,-9,4,-10,3,-10,3,-11,3,-11,3,-12,2,-12,2,-12,1,-12,1,-12,1,-12,0,-12,0,-12,1,-11,1,-11,2,-11,2,-12,3,-12,3,-12,3,-12,5,-12,5,-13,5,-13,5,-13,6,-14,6,-14,6]"
[0;32mI (12939) ftm_responder: Counter = 13[0m
CSI_DATA,73,1a:00:00:00:00:00,-41,11,0,0,0,0,0,0,0,0,0,-96,0,1,0,12976532,0,31,0,128,0,"[0,0,7,-13,7,-13,7,-13,7,-12,6,-13,6,-12,6,-12,6,-12,5,-11,4,-12,3,-12,3,-12,3,-12,3,-13,2,-13,2,-13,3,-13,3,-13,3,-13,4,-13,5,-12,5,-12,5,-12,6,-11,6,-11,7,-10,0,0,0,0,0,0,0,0,0,0,0,0,0,0,0,0,0,0,0,0,0,0,4,-9,5,-9,5,-9,6,-9,6,-9,7,-9,8,-9,8,-8,8,-8,8,-8,8,-8,8,-8,8,-8,7,-8,7,-9,7,-9,7,-9,6,-10,6,-10,6,-11,6,-11,6,-12,6,-12,6,-13,6,-13,7,-13]"
CSI_DATA,74,1a:00:00:00:00:00,-41,11,0,0,0,0,0,0,0,0,0,-96,0,1,0,13177682,0,31,0,128,0,"[0,0,14,6,14,5,13,5,14,5,13,5,13,5,13,4,12,4,12,3,12,2,13,2,12,1,12,1,13,0,13,0,13,0,13,0,14,1,14,1,14,2,13,2,13,3,13,3,12,4,12,4,11,5,0,0,0,0,0,0,0,0,0,0,0,0,0,0,0,0,0,0,0,0,0,0,9,4,9,4,9,5,9,6,9,6,9,7,9,7,9,7,9,8,8,8,8,8,8,8,9,7,9,7,9,6,9,6,10,6,10,5,11,5,11,5,12,5,12,5,13,5,14,5,14,5,14,5]"
CSI_DATA,75,1a:00:00:00:00:00,-41,11,0,0,0,0,0,0,0,0,0,-96,0,1,0,13379008,0,31,0,128,0,"[0,0,-8,13,-8,12,-8,12,-8,12,-8,12,-7,11,-7,11,-6,11,-6,11,-5,11,-5,11,-4,11,-4,12,-4,12,-4,12,-3,12,-4,12,-4,13,-4,13,-5,13,-5,12,-6,12,-6,11,-7,11,-7,10,-8,9,0,0,0,0,0,0,0,0,0,0,0,0,0,0,0,0,0,0,0,0,0,0,-5,8,-6,8,-7,8,-7,8,-8,8,-8,8,-9,7,-9,8,-9,7,-9,7,-9,7,-9,7,-9,7,-9,7,-8,8,-8,8,-8,8,-8,9,-8,9,-7,10,-7,11,-7,11,-8,12,-8,12,-8,12,-8,12]"
CSI_DATA,76,1a:00:00:00:00:00,-41,11,0,0,0,0,0,0,0,0,0,-96,0,1,0,13438952,0,42,0,128,0,"[0,0,14,5,13,4,13,4,13,4,13,4,12,4,12,3,12,3,12,2,12,2,12,1,12,1,12,0,12,0,13,0,13,0,13,0,13,0,13,0,13,1,13,2,13,2,12,3,12,3,11,4,11,5,0,0,0,0,0,0,0,0,0,0,0,0,0,0,0,0,0,0,0,0,0,0,9,3,9,3,9,4,9,4,9,5,9,6,9,6,9,6,9,7,8,7,8,7,8,7,9,6,9,6,9,6,9,5,10,5,10,5,11,4,11,4,11,4,12,4,13,4,13,4,13,4,13,4]"
CSI_DATA,77,1a:00:00:00:00:00,-40,11,0,0,0,0,0,0,0,0,0,-96,0,1,0,13516160,0,31,0,128,0,"[0,0,-15,-1,-15,-1,-15,-1,-15,-1,-14,0,-14,0,-13,0,-13,1,-13,1,-12,1,-12,2,-12,3,-12,3,-12,3,-13,3,-12,4,-13,4,-13,3,-14,3,-14,3,-14,2,-13,1,-13,1,-13,0,-13,-1,-12,-2,0,0,0,0,0,0,0,0,0,0,0,0,0,0,0,0,0,0,0,0,0,0,-10,-1,-10,-1,-11,-2,-11,-2,-11,-3,-11,-3,-11,-4,-11,-4,-11,-4,-11,-4,-11,-4,-11,-4,-11,-4,-11,-4,-11,-3,-11,-3,-12,-2,-12,-2,-12,-2,-13,-1,-13,-1,-14,-1,-14,0,-14,0,-15,0,-15,-1]"
CSI_DATA,78,1a:00:00:00:00:00,-41,11,0,0,0,0,0,0,0,0,0,-96,0,1,0,13717338,0,31,0,128,0,"[0,0,-16,1,-16,1,-16,1,-15,0,-15,1,-14,2,-15,0,-13,1,-12,1,-12,3,-13,4,-13,5,-12,4,-10,2,-14,3,-10,3,-13,5,-13,4,-14,3,-13,4,-14,3,-14,2,-14,2,-14,1,-13,0,-13,0,0,0,0,0,0,0,0,0,0,0,0,0,0,0,0,0,0,0,0,0,0,0,-11,1,-11,0,-11,0,-12,-1,-12,-1,-12,-2,-12,-2,-12,-3,-12,-3,-12,-3,-12,-3,-12,-3,-12,-3,-12,-2,-12,-2,-12,-2,-13,-1,-12,-1,-13,0,-13,0,-14,0,-14,0,-15,1,-15,1,-15,2,-16,1]"
CSI_DATA,79,1a:00:00:00:00:00,-40,11,0,0,0,0,0,0,0,0,0,-96,0,1,0,13918488,0,31,0,128,0,"[0,0,-2,-16,-2,-15,-2,-15,-2,-15,-2,-15,-2,-14,-3,-14,-3,-14,-3,-13,-4,-12,-5,-13,-5,-12,-5,-12,-6,-13,-6,-13,-6,-13,-6,-13,-6,-13,-5,-14,-5,-14,-4,-14,-3,-14,-3,-14,-2,-14,-2,-13,-1,-13,0,0,0,0,0,0,0,0,0,0,0,0,0,0,0,0,0,0,0,0,0,0,-2,-11,-2,-12,-1,-12,-1,-12,-1,-12,0,-12,1,-12,2,-12,2,-13,2,-12,2,-12,2,-12,1,-12,1,-12,1,-12,0,-12,-1,-12,-1,-13,-1,-13,-1,-13,-2,-14,-2,-15,-3,-14,-3,-15,-3,-15,-3,-15]"
[0;32mI (13939) ftm_responder: Counter = 14[0m
CSI_DATA,80,1a:00:00:00:00:00,-41,11,0,0,0,0,0,0,0,0,0,-96,0,1,0,14121532,0,31,0,128,0,"[0,0,1,-15,1,-15,1,-15,1,-15,1,-14,0,-14,0,-14,0,-13,-1,-13,-1,-13,-2,-13,-2,-13,-2,-13,-3,-13,-3,-13,-4,-13,-3,-14,-3,-13,-3,-14,-3,-14,-2,-14,-1,-14,-1,-14,0,-13,1,-13,2,-12,0,0,0,0,0,0,0,0,0,0,0,0,0,0,0,0,0,0,0,0,0,0,0,-10,1,-11,2,-11,2,-11,3,-12,3,-11,3,-11,4,-11,4,-11,4,-11,4,-11,4,-11,4,-11,4,-11,3,-11,3,-11,2,-11,2,-12,2,-13,1,-13,1,-13,1,-14,1,-14,1,-15,1,-15,1,-15]"
CSI_DATA,81,1a:00:00:00:00:00,-41,11,0,0,0,0,0,0,0,0,0,-96,0,1,0,14321276,0,31,0,128,0,"[0,0,-7,-14,-7,-14,-6,-14,-6,-14,-6,-13,-6,-13,-7,-12,-7,-12,-7,-11,-8,-11,-8,-10,-8,-10,-9,-10,-9,-10,-10,-10,-9,-10,-10,-10,-10,-10,-9,-11,-9,-11,-8,-12,-8,-11,-7,-12,-7,-12,-6,-12,-5,-12,0,0,0,0,0,0,0,0,0,0,0,0,0,0,0,0,0,0,0,0,0,0,-5,-10,-4,-10,-4,-11,-3,-11,-3,-11,-3,-11,-2,-12,-2,-12,-2,-12,-1,-12,-1,-12,-1,-12,-2,-12,-2,-12,-2,-12,-3,-12,-4,-12,-4,-12,-5,-12,-5,-12,-6,-12,-6,-13,-6,-13,-7,-13,-7,-14,-7,-14]"
CSI_DATA,82,1a:00:00:00:00:00,-40,11,0,0,0,0,0,0,0,0,0,-96,0,1,0,14522432,0,31,0,128,0,"[0,0,-10,-12,-10,-12,-10,-12,-10,-12,-10,-11,-10,-11,-10,-11,-10,-10,-10,-9,-10,-9,-10,-8,-10,-8,-11,-8,-11,-7,-12,-8,-12,-7,-12,-8,-12,-8,-12,-8,-12,-9,-11,-9,-10,-10,-10,-10,-10,-11,-8,-10,-8,-11,0,0,0,0,0,0,0,0,0,0,0,0,0,0,0,0,0,0,0,0,0,0,-7,-8,-7,-9,-6,-9,-6,-10,-6,-10,-6,-11,-5,-11,-5,-11,-5,-12,-4,-12,-4,-12,-4,-11,-5,-11,-5,-11,-5,-11,-6,-11,-6,-11,-7,-11,-8,-11,-8,-11,-9,-11,-9,-11,-10,-11,-10,-12,-10,-12,-10,-12]"
CSI_DATA,83,1a:00:00:00:00:00,-40,11,0,0,0,0,0,0,0,0,0,-96,0,1,0,14723662,0,31,0,128,0,"[0,0,13,-6,13,-6,13,-6,13,-6,12,-6,12,-6,12,-6,11,-6,10,-6,10,-7,10,-7,9,-8,9,-8,9,-8,9,-9,9,-9,10,-9,10,-9,10,-9,11,-8,11,-7,11,-7,11,-7,11,-6,11,-5,11,-4,0,0,0,0,0,0,0,0,0,0,0,0,0,0,0,0,0,0,0,0,0,0,9,-4,9,-4,10,-3,10,-3,10,-3,11,-2,11,-2,11,-1,11,-1,11,-1,11,-1,11,-1,11,-1,10,-2,10,-2,11,-2,11,-3,11,-4,11,-4,12,-5,11,-5,12,-5,12,-6,13,-6,13,-6,13,-6]"
CSI_DATA,84,1a:00:00:00:00:00,-40,11,0,0,0,0,0,0,0,0,0,-96,0,1,0,14924776,0,31,0,128,0,"[0,0,8,12,8,12,7,11,8,11,7,11,7,10,8,10,8,10,8,9,8,8,8,8,8,7,9,7,9,7,10,7,10,7,10,8,10,8,10,8,10,9,9,9,8,9,8,9,7,10,7,10,6,10,0,0,0,0,0,0,0,0,0,0,0,0,0,0,0,0,0,0,0,0,0,0,5,8,5,9,4,9,4,9,4,9,3,10,3,10,2,11,2,11,2,11,2,11,2,10,2,10,3,10,3,10,4,10,4,10,5,10,5,10,6,11,6,10,7,11,7,11,8,11,8,12,8,12]"
[0;32mI (14949) ftm_responder: Counter = 15[0m
CSI_DATA,85,1a:00:00:00:00:00,-39,11,0,0,0,0,0,0,0,0,0,-96,0,1,0,14984673,0,42,0,128,0,"[0,0,12,9,12,8,12,8,11,8,11,8,11,8,10,7,11,7,11,6,11,5,11,5,11,4,11,4,11,3,12,4,13,4,12,4,13,4,13,5,12,5,12,6,11,6,10,6,11,7,10,7,9,8,0,0,0,0,0,0,0,0,0,0,0,0,0,0,0,0,0,0,0,0,0,0,8,5,8,6,8,6,8,7,8,7,8,8,7,9,7,9,6,9,6,9,6,9,6,9,7,9,7,9,7,8,7,8,8,8,9,7,9,8,10,8,10,7,11,8,10,7,12,8,11,8,12,8]"
CSI_DATA,86,1a:00:00:00:00:00,-40,11,0,0,0,0,0,0,0,0,0,-96,0,1,0,15043901,0,31,0,128,0,"[0,0,-15,-5,-15,-5,-15,-5,-15,-4,-14,-4,-14,-4,-14,-3,-13,-3,-13,-2,-13,-2,-13,-1,-13,-1,-13,-1,-13,0,-14,0,-14,0,-14,0,-14,0,-15,-1,-15,-1,-14,-2,-14,-2,-13,-3,-13,-4,-13,-4,-12,-5,0,0,0,0,0,0,0,0,0,0,0,0,0,0,0,0,0,0,0,0,0,0,-10,-3,-11,-3,-11,-4,-11,-5,-11,-5,-11,-6,-11,-6,-11,-6,-11,-7,-10,-7,-10,-7,-10,-7,-10,-7,-10,-6,-11,-6,-11,-6,-11,-5,-12,-5,-12,-5,-13,-4,-13,-4,-14,-4,-15,-4,-15,-4,-15,-4,-15,-4]"
CSI_DATA,87,1a:00:00:00:00:00,-40,11,0,0,0,0,0,0,0,0,0,-96,0,1,0,15244986,0,31,0,128,0,"[0,0,-2,-16,-3,-16,-2,-16,-2,-15,-3,-16,-3,-15,-3,-15,-3,-14,-4,-13,-5,-13,-5,-13,-6,-13,-6,-13,-6,-13,-6,-13,-7,-13,-6,-13,-6,-14,-6,-14,-5,-14,-5,-14,-4,-14,-3,-14,-3,-14,-2,-13,-1,-14,0,0,0,0,0,0,0,0,0,0,0,0,0,0,0,0,0,0,0,0,0,0,-3,-11,-2,-11,-2,-12,-1,-12,-1,-12,0,-13,1,-13,1,-13,1,-13,1,-13,1,-13,1,-12,1,-13,0,-12,0,-13,0,-13,-1,-13,-1,-13,-2,-14,-2,-14,-2,-14,-3,-15,-3,-15,-4,-16,-3,-16,-3,-16]"
CSI_DATA,88,1a:00:00:00:00:00,-40,11,0,0,0,0,0,0,0,0,0,-96,0,1,0,15446451,0,31,0,128,0,"[0,0,13,-5,13,-5,13,-5,13,-5,12,-5,12,-5,11,-6,11,-6,11,-6,10,-7,10,-7,10,-7,10,-8,9,-8,10,-8,10,-8,10,-8,11,-8,11,-8,11,-8,11,-7,11,-7,11,-6,11,-5,11,-4,11,-3,0,0,0,0,0,0,0,0,0,0,0,0,0,0,0,0,0,0,0,0,0,0,9,-4,9,-4,10,-3,10,-3,10,-2,11,-2,11,-1,11,-1,11,-1,11,-1,11,0,11,0,11,-1,11,-1,10,-2,11,-2,11,-3,11,-3,11,-4,12,-4,12,-5,12,-5,13,-5,13,-5,13,-5,13,-5]"
CSI_DATA,89,1a:00:00:00:00:00,-41,11,0,0,0,0,0,0,0,0,0,-96,0,1,0,15647518,0,31,0,128,0,"[0,0,-15,2,-14,2,-15,2,-14,1,-14,2,-13,2,-13,2,-12,2,-12,3,-12,3,-12,4,-11,4,-11,5,-11,5,-11,5,-12,5,-12,5,-12,5,-13,5,-13,4,-13,4,-13,3,-12,3,-13,2,-12,1,-12,1,0,0,0,0,0,0,0,0,0,0,0,0,0,0,0,0,0,0,0,0,0,0,-10,1,-11,1,-11,0,-11,0,-11,-1,-12,-1,-12,-1,-12,-2,-12,-2,-11,-2,-12,-2,-11,-2,-11,-2,-11,-1,-12,-1,-11,-1,-12,0,-12,0,-13,1,-13,1,-13,1,-13,1,-14,2,-14,2,-14,2,-15,2]"
CSI_DATA,90,1a:00:00:00:00:00,-40,11,0,0,0,0,0,0,0,0,0,-96,0,1,0,15848640,0,31,0,128,0,"[0,0,4,-15,4,-15,4,-14,4,-15,3,-14,3,-14,2,-14,2,-14,1,-13,1,-13,1,-13,0,-13,0,-13,-1,-13,-1,-14,-1,-14,-1,-15,-1,-14,-1,-15,0,-14,1,-15,1,-14,2,-14,3,-14,3,-13,4,-12,0,0,0,0,0,0,0,0,0,0,0,0,0,0,0,0,0,0,0,0,0,0,2,-10,3,-11,4,-11,4,-10,5,-11,5,-11,5,-11,6,-11,6,-11,7,-10,7,-10,6,-10,6,-10,6,-10,5,-10,5,-11,5,-11,4,-12,4,-12,3,-13,3,-13,3,-14,3,-14,4,-15,4,-15,4,-15]"
[0;32mI (15949) ftm_responder: Counter = 16[0m
CSI_DATA,91,1a:00:00:00:00:00,-40,11,0,0,0,0,0,0,0,0,0,-96,0,1,0,16049780,0,31,0,128,0,"[0,0,10,11,10,10,10,10,10,10,10,9,10,9,10,9,10,8,10,7,10,7,10,6,10,6,11,6,11,5,12,5,12,5,12,6,12,6,12,6,12,7,11,7,11,8,10,8,9,8,9,9,8,9,0,0,0,0,0,0,0,0,0,0,0,0,0,0,0,0,0,0,0,0,0,0,7,7,7,7,6,8,6,9,6,9,6,9,5,10,5,10,5,10,4,10,4,10,4,10,5,10,5,10,6,10,6,9,7,9,7,9,8,9,9,9,9,9,9,9,10,10,10,10,10,11,10,11]"
CSI_DATA,92,1a:00:00:00:00:00,-40,11,0,0,0,0,0,0,0,0,0,-96,0,1,0,16250930,0,31,0,128,0,"[0,0,15,5,13,4,14,4,13,4,14,4,13,3,13,3,13,3,12,2,12,1,12,1,12,0,13,0,13,0,13,0,13,0,13,-1,14,0,14,0,14,1,14,1,13,2,12,2,12,3,12,4,12,5,0,0,0,0,0,0,0,0,0,0,0,0,0,0,0,0,0,0,0,0,0,0,9,2,10,3,9,3,10,4,10,5,10,6,10,6,10,6,9,7,9,6,9,6,9,7,9,6,10,6,10,6,9,5,11,5,11,4,11,5,12,4,12,4,13,4,13,4,14,4,14,4,15,4]"
CSI_DATA,93,1a:00:00:00:00:00,-41,11,0,0,0,0,0,0,0,0,0,-96,0,1,0,16452065,0,31,0,128,0,"[0,0,-4,15,-3,15,-3,14,-3,14,-3,14,-3,14,-2,13,-1,13,-1,13,0,13,0,12,1,13,1,13,2,13,2,13,2,13,2,14,1,13,1,14,1,14,0,14,-1,14,-1,13,-2,13,-3,12,-4,12,0,0,0,0,0,0,0,0,0,0,0,0,0,0,0,0,0,0,0,0,0,0,-2,10,-3,10,-4,10,-4,10,-5,11,-5,11,-6,11,-6,10,-6,10,-8,11,-6,9,-8,11,-6,10,-6,10,-5,10,-5,11,-5,11,-4,11,-4,12,-4,12,-3,13,-3,14,-3,14,-3,15,-3,15,-3,15]"
CSI_DATA,94,1a:00:00:00:00:00,-40,11,0,0,0,0,0,0,0,0,0,-96,0,1,0,16512081,0,42,0,128,0,"[0,0,15,-4,15,-4,14,-3,15,-4,14,-4,13,-4,13,-4,12,-5,12,-5,11,-6,12,-6,11,-6,11,-6,11,-7,11,-8,11,-7,12,-7,12,-7,12,-8,12,-7,13,-7,13,-6,13,-5,13,-4,12,-3,12,-2,0,0,0,0,0,0,0,0,0,0,0,0,0,0,0,0,0,0,0,0,0,0,10,-3,10,-2,11,-2,11,-1,12,0,12,0,12,0,12,0,12,1,12,1,12,1,12,1,12,1,11,1,11,0,12,-1,12,-1,12,-2,13,-2,13,-3,13,-3,13,-3,14,-3,15,-3,15,-3,15,-3]"
CSI_DATA,95,1a:00:00:00:00:00,-40,11,0,0,0,0,0,0,0,0,0,-96,0,1,0,16578136,0,31,0,128,0,"[0,0,-2,14,-3,14,-3,13,-2,13,-2,13,-2,12,-2,12,-1,12,-1,12,0,11,1,11,1,11,1,11,2,12,2,12,2,12,2,13,2,12,1,13,1,13,0,13,-1,13,-1,12,-2,12,-2,11,-3,11,0,0,0,0,0,0,0,0,0,0,0,0,0,0,0,0,0,0,0,0,0,0,-2,9,-2,9,-3,10,-3,10,-4,10,-4,10,-5,10,-5,10,-5,10,-6,9,-6,10,-5,9,-5,10,-5,10,-4,10,-4,10,-4,10,-3,11,-3,11,-3,12,-3,12,-2,12,-2,13,-2,14,-2,14,-2,14]"
CSI_DATA,96,1a:00:00:00:00:00,-40,11,0,0,0,0,0,0,0,0,0,-96,0,1,0,16779232,0,31,0,128,0,"[0,0,-4,14,-4,14,-4,14,-3,14,-3,14,-3,13,-3,13,-2,13,-1,12,-1,12,-1,12,0,12,0,12,1,12,1,13,1,12,1,14,0,13,0,14,0,14,-1,13,-2,13,-2,13,-3,12,-4,12,-4,11,0,0,0,0,0,0,0,0,0,0,0,0,0,0,0,0,0,0,0,0,0,0,-2,10,-3,10,-4,10,-4,10,-5,10,-5,10,-6,10,-6,10,-6,10,-7,10,-7,9,-7,9,-7,10,-6,10,-5,10,-5,10,-5,10,-4,11,-4,11,-4,12,-3,12,-3,13,-3,14,-3,14,-4,14,-4,14]"
[0;32mI (16949) ftm_responder: Counter = 17[0m
CSI_DATA,97,1a:00:00:00:00:00,-40,11,0,0,0,0,0,0,0,0,0,-96,0,1,0,16981562,0,31,0,128,0,"[0,0,1,14,1,14,1,14,1,14,1,14,1,13,2,13,2,12,2,12,3,12,3,12,4,11,4,11,4,11,5,11,5,12,5,11,5,12,4,13,4,13,3,13,3,12,2,12,1,12,1,12,-1,12,0,0,0,0,0,0,0,0,0,0,0,0,0,0,0,0,0,0,0,0,0,0,1,10,0,10,-1,10,-2,11,-2,10,-2,11,-2,11,-3,11,-3,11,-4,11,-4,11,-3,11,-3,11,-3,10,-2,11,-2,11,-1,11,-1,11,-1,12,0,12,0,12,0,13,1,13,1,14,1,14,1,14]"
CSI_DATA,98,1a:00:00:00:00:00,-40,11,0,0,0,0,0,0,0,0,0,-96,0,1,0,17181532,0,31,0,128,0,"[0,0,-10,12,-9,11,-10,12,-9,11,-9,12,-8,11,-8,11,-7,11,-7,10,-6,11,-6,11,-5,12,-5,11,-5,12,-5,11,-5,13,-5,12,-5,13,-6,12,-7,12,-7,12,-7,11,-8,11,-8,11,-8,10,-9,9,0,0,0,0,0,0,0,0,0,0,0,0,0,0,0,0,0,0,0,0,0,0,-6,8,-6,8,-7,8,-8,8,-8,8,-9,8,-9,7,-10,7,-10,7,-10,7,-10,7,-9,7,-9,7,-9,7,-9,7,-9,8,-9,8,-8,9,-8,9,-9,10,-9,10,-8,11,-9,11,-8,12,-8,13,-9,12]"
CSI_DATA,99,1a:00:00:00:00:00,-40,11,0,0,0,0,0,0,0,0,0,-96,0,1,0,17382687,0,31,0,128,0,"[0,0,7,12,7,12,7,11,7,11,7,11,7,11,7,10,8,9,8,9,8,8,8,8,8,8,9,8,9,7,9,7,9,7,10,8,10,8,10,8,10,9,9,9,8,9,7,10,7,10,6,10,5,10,0,0,0,0,0,0,0,0,0,0,0,0,0,0,0,0,0,0,0,0,0,0,5,7,5,8,4,9,4,9,4,9,3,10,3,10,3,10,3,10,2,11,2,11,2,10,3,10,3,10,3,10,4,10,4,10,5,10,5,10,6,10,6,10,7,10,7,11,7,11,7,11,8,11]"
CSI_DATA,100,1a:00:00:00:00:00,-40,11,0,0,0,0,0,0,0,0,0,-96,0,1,0,17583955,0,31,0,128,0,"[0,0,-15,-3,-15,-3,-14,-3,-14,-3,-14,-3,-13,-3,-13,-3,-13,-2,-13,-2,-13,-1,-13,0,-13,1,-13,1,-13,1,-13,1,-13,1,-13,1,-14,1,-14,0,-14,-1,-14,-1,-14,-2,-13,-2,-13,-2,-12,-3,-12,-4,0,0,0,0,0,0,0,0,0,0,0,0,0,0,0,0,0,0,0,0,0,0,-10,-2,-10,-2,-11,-3,-11,-4,-11,-4,-11,-5,-11,-5,-11,-6,-10,-6,-10,-6,-11,-6,-10,-5,-10,-5,-11,-5,-11,-5,-11,-4,-11,-4,-12,-4,-12,-3,-12,-3,-13,-3,-13,-3,-14,-3,-14,-2,-15,-2,-15,-3]"
CSI_DATA,101,1a:00:00:00:00:00,-41,11,0,0,0,0,0,0,0,0,0,-96,0,1,0,17785635,0,31,0,128,0,"[0,0,-13,-7,-13,-7,-13,-8,-13,-7,-13,-7,-12,-7,-12,-6,-12,-6,-12,-5,-12,-4,-12,-4,-12,-3,-12,-3,-13,-3,-13,-3,-13,-3,-13,-3,-14,-3,-14,-4,-13,-4,-13,-5,-13,-6,-12,-6,-12,-6,-11,-6,-10,-7,0,0,0,0,0,0,0,0,0,0,0,0,0,0,0,0,0,0,0,0,0,0,-9,-5,-9,-6,-9,-6,-9,-7,-9,-7,-9,-8,-9,-9,-9,-9,-8,-9,-8,-9,-8,-9,-8,-9,-8,-8,-9,-8,-9,-8,-9,-8,-9,-8,-10,-7,-11,-7,-11,-7,-12,-7,-12,-7,-13,-7,-13,-7,-13,-7,-13,-7]"
[0;32mI (17949) ftm_responder: Counter = 18[0m
CSI_DATA,102,1a:00:00:00:00:00,-40,11,0,0,0,0,0,0,0,0,0,-96,0,1,0,17986627,0,31,0,128,0,"[0,0,-8,12,-8,12,-8,11,-8,11,-7,11,-7,11,-7,10,-6,11,-5,11,-5,11,-5,11,-4,11,-4,11,-3,11,-3,12,-3,12,-3,12,-3,12,-4,13,-4,12,-5,12,-5,12,-6,11,-6,11,-7,10,-7,9,0,0,0,0,0,0,0,0,0,0,0,0,0,0,0,0,0,0,0,0,0,0,-6,7,-7,7,-7,7,-8,7,-8,7,-9,7,-9,7,-9,6,-10,6,-10,6,-10,6,-10,6,-9,6,-9,6,-9,7,-8,7,-8,8,-8,8,-8,9,-7,9,-8,10,-7,10,-8,11,-8,11,-8,11,-8,11]"
CSI_DATA,103,1a:00:00:00:00:00,-40,11,0,0,0,0,0,0,0,0,0,-96,0,1,0,18046355,0,42,0,128,0,"[0,0,6,-13,6,-14,6,-13,6,-13,5,-13,5,-13,4,-12,4,-12,4,-12,3,-12,3,-12,2,-12,2,-12,1,-13,1,-13,1,-13,1,-13,2,-14,2,-14,3,-13,3,-13,4,-13,4,-13,5,-12,5,-11,6,-11,0,0,0,0,0,0,0,0,0,0,0,0,0,0,0,0,0,0,0,0,0,0,4,-9,4,-9,5,-9,5,-9,6,-9,7,-9,7,-9,7,-9,7,-9,7,-8,7,-8,7,-8,7,-9,7,-9,7,-9,6,-9,6,-10,6,-10,5,-11,5,-11,5,-12,5,-12,5,-13,5,-13,6,-13,6,-14]"
CSI_DATA,104,1a:00:00:00:00:00,-41,11,0,0,0,0,0,0,0,0,0,-96,0,1,0,18116802,0,31,0,128,0,"[0,0,13,-9,12,-10,12,-9,12,-9,11,-9,11,-9,11,-9,10,-9,9,-9,9,-10,9,-10,8,-10,8,-11,8,-11,8,-11,8,-12,8,-11,9,-11,9,-11,10,-11,10,-10,10,-10,10,-9,10,-8,11,-7,11,-6,0,0,0,0,0,0,0,0,0,0,0,0,0,0,0,0,0,0,0,0,0,0,8,-7,8,-7,9,-7,9,-6,10,-6,10,-6,11,-5,11,-5,11,-5,11,-4,11,-4,11,-4,11,-5,11,-5,11,-5,10,-5,10,-6,10,-7,10,-7,11,-8,11,-8,11,-9,11,-9,12,-10,12,-10,12,-9]"
CSI_DATA,105,1a:00:00:00:00:00,-40,11,0,0,0,0,0,0,0,0,0,-96,0,1,0,18318164,0,31,0,128,0,"[0,0,-5,15,-4,14,-4,14,-4,14,-4,13,-4,13,-3,13,-3,12,-2,12,-1,12,-1,12,0,12,0,12,0,13,1,13,1,13,1,13,0,13,0,14,0,14,-1,13,-2,13,-3,13,-3,13,-3,12,-4,11,0,0,0,0,0,0,0,0,0,0,0,0,0,0,0,0,0,0,0,0,0,0,-3,9,-4,9,-5,10,-5,9,-6,10,-6,10,-7,10,-7,9,-7,9,-7,9,-7,9,-7,9,-7,9,-6,9,-6,10,-6,10,-5,10,-5,11,-5,11,-4,12,-4,12,-4,13,-4,13,-4,14,-4,14,-4,14]"
CSI_DATA,106,1a:00:00:00:00:00,-41,11,0,0,0,0,0,0,0,0,0,-96,0,1,0,18519044,0,31,0,128,0,"[0,0,-15,-5,-15,-5,-14,-5,-14,-5,-14,-5,-13,-4,-13,-4,-13,-3,-13,-3,-13,-2,-13,-2,-13,-1,-13,-1,-13,0,-13,0,-13,0,-14,-1,-14,-1,-14,-1,-14,-2,-14,-2,-13,-3,-13,-3,-12,-4,-12,-4,-11,-5,0,0,0,0,0,0,0,0,0,0,0,0,0,0,0,0,0,0,0,0,0,0,-10,-3,-10,-4,-10,-5,-10,-5,-11,-6,-10,-6,-10,-7,-10,-7,-10,-7,-10,-8,-10,-7,-10,-7,-10,-7,-10,-6,-10,-6,-11,-6,-11,-6,-11,-5,-12,-5,-12,-5,-13,-5,-13,-5,-14,-5,-14,-4,-14,-5,-14,-5]"
CSI_DATA,107,1a:00:00:00:00:00,-40,11,0,0,0,0,0,0,0,0,0,-96,0,1,0,18720338,0,31,0,128,0,"[0,0,14,-5,13,-6,13,-5,13,-5,13,-6,12,-5,12,-6,11,-6,11,-6,10,-7,10,-7,10,-8,10,-8,9,-9,10,-8,10,-9,10,-9,10,-9,11,-9,11,-8,11,-7,11,-7,11,-6,11,-6,11,-5,11,-4,0,0,0,0,0,0,0,0,0,0,0,0,0,0,0,0,0,0,0,0,0,0,9,-4,9,-3,10,-3,10,-2,11,-2,11,-1,11,-1,11,-1,11,0,11,0,11,0,11,0,11,-1,11,-1,11,-1,11,-2,11,-2,11,-3,11,-4,12,-4,12,-4,12,-5,12,-5,13,-6,13,-5,13,-5]"
CSI_DATA,108,1a:00:00:00:00:00,-40,11,0,0,0,0,0,0,0,0,0,-96,0,1,0,18921748,0,31,0,128,0,"[0,0,11,-10,11,-10,11,-10,11,-10,10,-10,10,-10,9,-10,9,-10,8,-10,8,-10,7,-11,7,-11,7,-11,6,-12,6,-12,6,-12,7,-12,7,-12,7,-12,8,-12,8,-11,9,-11,9,-10,9,-10,9,-8,10,-8,0,0,0,0,0,0,0,0,0,0,0,0,0,0,0,0,0,0,0,0,0,0,7,-7,8,-7,8,-7,9,-7,9,-6,10,-6,10,-6,10,-5,11,-5,10,-5,10,-5,10,-5,10,-5,10,-5,10,-6,10,-6,10,-7,9,-7,10,-8,10,-9,10,-9,10,-9,10,-10,11,-10,11,-10,11,-10]"
[0;32mI (18949) ftm_responder: Counter = 19[0m
CSI_DATA,109,1a:00:00:00:00:00,-40,11,0,0,0,0,0,0,0,0,0,-96,0,1,0,19122727,0,31,0,128,0,"[0,0,10,-12,10,-12,10,-12,10,-12,9,-12,9,-11,9,-11,8,-11,7,-11,7,-11,6,-12,6,-12,5,-12,5,-13,5,-13,5,-13,5,-14,6,-13,6,-13,7,-13,7,-12,8,-12,8,-11,8,-11,9,-10,9,-9,0,0,0,0,0,0,0,0,0,0,0,0,0,0,0,0,0,0,0,0,0,0,6,-9,7,-8,8,-8,8,-8,9,-8,9,-7,10,-7,10,-7,10,-7,10,-6,10,-6,10,-6,10,-7,10,-7,10,-7,9,-8,9,-8,9,-9,9,-9,9,-10,9,-10,9,-11,9,-11,10,-12,10,-12,10,-12]"
CSI_DATA,110,1a:00:00:00:00:00,-40,11,0,0,0,0,0,0,0,0,0,-96,0,1,0,19323839,0,31,0,128,0,"[0,0,-15,-1,-15,-1,-14,-1,-14,-1,-14,-1,-14,-1,-13,0,-13,0,-12,1,-12,1,-12,2,-12,2,-12,2,-12,3,-12,3,-13,3,-13,3,-13,3,-13,3,-14,2,-14,1,-13,1,-13,0,-13,0,-12,-1,-13,-2,0,0,0,0,0,0,0,0,0,0,0,0,0,0,0,0,0,0,0,0,0,0,-10,0,-11,-1,-11,-1,-11,-2,-11,-2,-11,-3,-11,-3,-11,-4,-11,-4,-11,-4,-11,-4,-11,-4,-11,-4,-11,-3,-11,-3,-11,-3,-12,-2,-12,-2,-12,-2,-13,-1,-13,-1,-13,-1,-14,-1,-14,0,-14,0,-15,0]"
CSI_DATA,111,1a:00:00:00:00:00,-40,11,0,0,0,0,0,0,0,0,0,-96,0,1,0,19524981,0,31,0,128,0,"[0,0,-15,-3,-14,-3,-14,-3,-14,-3,-14,-3,-13,-3,-13,-2,-13,-2,-13,-1,-12,0,-12,0,-12,1,-12,1,-13,1,-12,2,-13,2,-13,2,-14,1,-14,1,-14,0,-14,0,-14,-1,-13,-1,-13,-2,-12,-3,-12,-3,0,0,0,0,0,0,0,0,0,0,0,0,0,0,0,0,0,0,0,0,0,0,-10,-2,-10,-2,-10,-3,-11,-4,-11,-4,-11,-4,-11,-5,-11,-5,-11,-5,-10,-6,-11,-6,-10,-6,-10,-5,-11,-5,-11,-5,-11,-4,-11,-4,-12,-4,-12,-4,-13,-3,-13,-3,-13,-3,-14,-3,-14,-2,-14,-3,-14,-3]"
CSI_DATA,112,1a:00:00:00:00:00,-40,11,0,0,0,0,0,0,0,0,0,-96,0,1,0,19585068,0,42,0,128,0,"[0,0,-3,15,-3,15,-3,15,-2,14,-2,14,-2,14,-1,13,-1,13,0,13,0,12,1,12,2,12,2,12,2,13,3,13,3,13,3,13,3,14,2,14,2,14,1,14,0,14,0,13,-1,13,-2,13,-2,13,0,0,0,0,0,0,0,0,0,0,0,0,0,0,0,0,0,0,0,0,0,0,-2,10,-2,10,-3,10,-4,11,-4,11,-5,11,-5,11,-5,11,-6,11,-6,10,-6,10,-6,10,-5,10,-5,10,-5,11,-5,11,-4,11,-4,12,-3,12,-3,13,-3,13,-3,14,-2,14,-2,15,-2,15,-2,15]"
CSI_DATA,113,1a:00:00:00:00:00,-40,11,0,0,0,0,0,0,0,0,0,-96,0,1,0,19648891,0,31,0,128,0,"[0,0,8,11,8,11,7,11,8,11,7,10,7,10,7,9,8,9,8,8,8,8,9,7,9,7,9,7,9,7,10,7,10,6,10,7,10,7,10,8,9,8,9,8,9,9,8,9,8,9,7,9,6,10,0,0,0,0,0,0,0,0,0,0,0,0,0,0,0,0,0,0,0,0,0,0,5,7,5,8,5,8,4,9,4,9,4,9,3,10,3,10,3,10,3,10,3,10,3,10,3,10,3,10,4,10,4,10,4,9,5,10,6,10,6,10,6,10,7,10,7,11,8,11,8,11,8,11]"
CSI_DATA,114,1a:00:00:00:00:00,-40,11,0,0,0,0,0,0,0,0,0,-96,0,1,0,19850537,0,31,0,128,0,"[0,0,-16,0,-15,0,-15,0,-15,0,-15,0,-14,0,-14,1,-13,1,-13,2,-13,2,-13,3,-13,3,-13,3,-12,4,-13,4,-13,4,-13,4,-14,4,-14,3,-14,3,-14,2,-14,2,-14,1,-14,0,-13,-1,-13,-1,0,0,0,0,0,0,0,0,0,0,0,0,0,0,0,0,0,0,0,0,0,0,-10,0,-11,0,-11,-1,-11,-1,-12,-2,-12,-2,-12,-3,-12,-3,-12,-4,-12,-4,-12,-4,-12,-4,-12,-4,-12,-3,-12,-3,-12,-3,-12,-2,-12,-1,-13,-1,-13,-1,-13,0,-14,0,-14,0,-15,0,-15,0,-15,0]"
[0;32mI (19949) ftm_responder: Counter = 20[0m
CSI_DATA,115,1a:00:00:00:00:00,-40,11,0,0,0,0,0,0,0,0,0,-96,0,1,0,20051370,0,31,0,128,0,"[0,0,2,15,3,15,3,15,3,15,3,14,3,14,3,13,3,13,4,12,4,12,5,12,5,11,5,11,6,11,6,11,6,11,6,12,6,12,6,12,5,13,5,13,4,13,3,13,3,13,2,13,1,12,0,0,0,0,0,0,0,0,0,0,0,0,0,0,0,0,0,0,0,0,0,0,2,10,2,10,1,11,0,11,0,12,0,12,-1,12,-1,12,-1,12,-2,12,-2,12,-2,12,-1,12,-1,12,-1,12,0,12,0,12,1,12,1,12,2,13,2,13,2,13,2,14,3,14,3,15,3,15]"
CSI_DATA,116,1a:00:00:00:00:00,-40,11,0,0,0,0,0,0,0,0,0,-96,0,1,0,20252437,0,31,0,128,0,"[0,0,-16,2,-15,2,-15,2,-14,2,-15,2,-14,2,-14,2,-13,2,-13,3,-12,3,-12,4,-12,5,-12,5,-12,6,-12,5,-12,6,-12,6,-13,6,-13,5,-13,5,-14,4,-13,4,-13,3,-13,3,-13,2,-13,1,0,0,0,0,0,0,0,0,0,0,0,0,0,0,0,0,0,0,0,0,0,0,-11,1,-11,0,-11,0,-12,-1,-12,-2,-12,-2,-12,-3,-12,-3,-12,-3,-12,-3,-12,-3,-12,-3,-12,-2,-12,-2,-12,-2,-11,-1,-12,-1,-12,0,-13,0,-13,0,-13,1,-14,1,-14,2,-14,2,-15,2,-15,2]"
CSI_DATA,117,1a:00:00:00:00:00,-40,11,0,0,0,0,0,0,0,0,0,-96,0,1,0,20453605,0,31,0,128,0,"[0,0,13,6,13,5,13,5,13,5,13,5,12,5,12,4,12,4,12,3,12,2,12,2,12,1,12,1,12,1,13,1,13,1,13,1,13,2,14,2,13,3,13,3,13,4,12,4,12,4,11,5,10,6,0,0,0,0,0,0,0,0,0,0,0,0,0,0,0,0,0,0,0,0,0,0,9,4,9,4,9,5,9,6,9,6,9,6,8,7,8,7,8,7,8,7,8,8,8,7,8,7,8,7,8,6,9,6,9,6,10,5,10,5,11,5,11,5,12,5,12,5,13,5,13,5,13,5]"
CSI_DATA,118,1a:00:00:00:00:00,-41,11,0,0,0,0,0,0,0,0,0,-96,0,1,0,20654855,0,31,0,128,0,"[0,0,-2,-16,-2,-16,-2,-15,-2,-15,-3,-15,-3,-15,-3,-14,-3,-14,-4,-13,-5,-13,-5,-13,-5,-12,-6,-13,-6,-13,-7,-13,-6,-13,-6,-13,-6,-14,-6,-14,-5,-14,-5,-14,-4,-14,-3,-14,-3,-14,-2,-13,-1,-13,0,0,0,0,0,0,0,0,0,0,0,0,0,0,0,0,0,0,0,0,0,0,-1,-11,-1,-12,0,-12,1,-12,1,-12,2,-12,2,-12,2,-12,3,-12,3,-12,3,-12,3,-12,2,-12,2,-12,1,-12,1,-12,0,-12,0,-13,-1,-13,-1,-13,-1,-14,-2,-15,-2,-15,-2,-15,-2,-15,-2,-16]"
CSI_DATA,119,1a:00:00:00:00:00,-41,11,0,0,0,0,0,0,0,0,0,-96,0,1,0,20855977,0,31,0,128,0,"[0,0,9,11,9,11,9,11,9,11,9,10,8,10,9,9,9,9,9,8,9,8,10,8,10,7,10,7,10,7,11,7,11,7,11,7,11,8,11,8,11,8,10,9,9,9,9,9,8,10,7,9,6,10,0,0,0,0,0,0,0,0,0,0,0,0,0,0,0,0,0,0,0,0,0,0,6,8,6,8,5,9,5,9,5,10,4,10,4,11,4,11,4,11,3,11,3,11,3,11,3,10,4,10,4,10,5,10,5,10,6,10,6,10,7,10,7,10,8,10,8,11,9,11,9,11,9,11]"
[0;32mI (20949) ftm_responder: Counter = 21[0m
CSI_DATA,120,1a:00:00:00:00:00,-40,11,0,0,0,0,0,0,0,0,0,-96,0,1,0,21057146,0,31,0,128,0,"[0,0,-13,-9,-13,-9,-13,-9,-12,-8,-12,-8,-12,-8,-12,-8,-12,-7,-12,-7,-12,-6,-12,-5,-12,-5,-13,-5,-13,-5,-13,-4,-13,-4,-14,-5,-14,-5,-14,-6,-13,-6,-13,-7,-12,-7,-12,-7,-11,-8,-11,-8,-10,-9,0,0,0,0,0,0,0,0,0,0,0,0,0,0,0,0,0,0,0,0,0,0,-9,-6,-9,-7,-9,-8,-9,-8,-9,-9,-8,-9,-8,-9,-8,-10,-8,-10,-7,-10,-7,-10,-7,-10,-8,-9,-8,-9,-8,-9,-8,-9,-9,-8,-9,-8,-10,-8,-10,-8,-11,-8,-11,-8,-12,-8,-13,-8,-13,-8,-13,-8]"
CSI_DATA,121,1a:00:00:00:00:00,-40,11,0,0,0,0,0,0,0,0,0,-96,0,1,0,21117139,0,42,0,128,0,"[0,0,4,14,4,13,4,13,4,13,4,13,4,12,4,12,5,12,5,11,6,11,6,10,7,10,5,12,7,11,7,10,7,10,7,11,7,11,7,11,6,11,6,12,5,12,4,12,4,12,3,11,2,11,0,0,0,0,0,0,0,0,0,0,0,0,0,0,0,0,0,0,0,0,0,0,3,9,2,10,1,10,1,10,1,11,0,11,0,11,-1,11,-1,11,-1,11,-1,11,-1,11,-1,11,0,11,0,11,1,11,1,11,2,11,2,11,3,12,3,12,4,12,4,13,4,13,4,13,4,13]"
CSI_DATA,122,1a:00:00:00:00:00,-40,11,0,0,0,0,0,0,0,0,0,-96,0,1,0,21185001,0,31,0,128,0,"[0,0,9,11,9,10,8,10,9,10,9,9,8,9,9,9,9,8,9,8,9,7,9,7,9,6,10,6,10,6,11,6,11,6,11,7,11,7,11,7,10,8,10,8,9,8,9,9,8,9,7,9,6,9,0,0,0,0,0,0,0,0,0,0,0,0,0,0,0,0,0,0,0,0,0,0,6,7,6,7,5,8,5,8,5,9,5,9,4,10,4,10,4,10,4,10,3,10,4,10,4,10,4,10,5,9,5,9,5,9,6,9,6,9,7,9,7,9,8,9,9,10,9,10,9,10,9,10]"
CSI_DATA,123,1a:00:00:00:00:00,-40,11,0,0,0,0,0,0,0,0,0,-96,0,1,0,21386076,0,31,0,128,0,"[0,0,0,15,0,14,0,14,1,14,1,14,1,13,1,13,2,12,2,12,3,12,3,12,4,12,4,12,4,12,5,11,5,12,5,12,4,13,4,13,3,13,2,13,2,13,1,13,1,13,0,12,-1,12,0,0,0,0,0,0,0,0,0,0,0,0,0,0,0,0,0,0,0,0,0,0,0,10,0,10,-1,10,-2,11,-2,11,-3,11,-3,11,-3,11,-4,11,-4,11,-4,11,-4,11,-3,11,-3,11,-3,11,-2,11,-2,11,-1,11,-1,12,0,12,0,13,0,13,0,13,1,14,1,14,1,14]"
CSI_DATA,124,1a:00:00:00:00:00,-40,11,0,0,0,0,0,0,0,0,0,-96,0,1,0,21589012,0,31,0,128,0,"[0,0,7,12,7,12,6,12,7,12,7,11,7,11,7,11,7,10,7,10,8,9,8,9,8,9,9,9,9,9,9,9,9,9,9,9,9,9,9,10,8,10,8,11,7,11,6,11,6,11,5,11,4,11,0,0,0,0,0,0,0,0,0,0,0,0,0,0,0,0,0,0,0,0,0,0,5,9,5,9,4,10,4,10,3,10,3,11,2,11,2,11,2,11,2,11,2,11,2,11,2,11,2,11,3,11,3,11,3,10,4,10,4,11,5,11,5,11,6,11,6,11,6,12,7,12,7,12]"
CSI_DATA,125,1a:00:00:00:00:00,-42,11,0,0,0,0,0,0,0,0,0,-96,0,1,0,21788480,0,31,0,128,0,"[0,0,-7,-14,-6,-13,-7,-14,-7,-13,-7,-12,-7,-13,-7,-12,-7,-12,-6,-11,-7,-11,-9,-10,-9,-10,-9,-10,-10,-10,-9,-10,-10,-10,-9,-10,-10,-11,-10,-11,-9,-11,-8,-12,-7,-11,-6,-11,-6,-12,-5,-12,-4,-12,0,0,0,0,0,0,0,0,0,0,0,0,0,0,0,0,0,0,0,0,0,0,-5,-9,-5,-10,-4,-10,-4,-11,-4,-11,-3,-12,-3,-12,-2,-12,-2,-12,-2,-12,-2,-12,-2,-12,-2,-12,-3,-11,-3,-12,-3,-11,-4,-12,-4,-11,-5,-12,-6,-12,-6,-12,-6,-12,-7,-12,-8,-14,-7,-13,-8,-13]"
[0;32mI (21949) ftm_responder: Counter = 22[0m
CSI_DATA,126,1a:00:00:00:00:00,-41,11,0,0,0,0,0,0,0,0,0,-96,0,1,0,21989655,0,31,0,128,0,"[0,0,-8,-13,-8,-13,-7,-13,-8,-13,-8,-12,-8,-12,-8,-12,-8,-11,-8,-11,-9,-10,-9,-10,-9,-10,-9,-10,-10,-9,-10,-10,-10,-10,-10,-10,-10,-10,-10,-11,-10,-11,-9,-11,-8,-12,-8,-12,-7,-12,-6,-12,-5,-12,0,0,0,0,0,0,0,0,0,0,0,0,0,0,0,0,0,0,0,0,0,0,-5,-10,-5,-10,-5,-11,-4,-11,-4,-11,-3,-12,-3,-12,-3,-12,-3,-12,-2,-12,-2,-12,-2,-12,-3,-12,-3,-12,-3,-11,-4,-11,-4,-11,-5,-11,-5,-11,-6,-12,-6,-12,-7,-12,-7,-12,-7,-13,-7,-13,-8,-13]"
CSI_DATA,127,1a:00:00:00:00:00,-42,11,0,0,0,0,0,0,0,0,0,-96,0,1,0,22190783,0,31,0,128,0,"[0,0,-4,15,-4,14,-4,14,-3,13,-3,14,-3,13,-3,13,-2,13,-2,12,-1,12,0,12,0,12,0,12,1,13,1,12,1,13,1,13,0,14,0,14,-1,14,-1,14,-2,13,-2,13,-3,13,-4,12,-5,11,0,0,0,0,0,0,0,0,0,0,0,0,0,0,0,0,0,0,0,0,0,0,-3,10,-3,10,-4,10,-5,10,-5,10,-6,10,-6,10,-6,10,-7,10,-7,9,-7,9,-7,10,-6,9,-6,10,-6,10,-5,10,-5,11,-4,11,-4,12,-4,12,-4,13,-4,13,-3,13,-3,14,-3,14,-3,14]"
CSI_DATA,128,1a:00:00:00:00:00,-41,11,0,0,0,0,0,0,0,0,0,-96,0,1,0,22392159,0,31,0,128,0,"[0,0,-4,13,-4,13,-5,13,-4,13,-4,12,-4,12,-3,12,-2,12,-2,12,-1,12,-1,12,0,12,0,12,0,12,0,12,0,12,0,13,0,13,0,13,-1,13,-1,13,-2,12,-3,12,-3,12,-4,11,-4,10,0,0,0,0,0,0,0,0,0,0,0,0,0,0,0,0,0,0,0,0,0,0,-3,9,-4,9,-5,9,-5,9,-6,9,-6,9,-7,9,-7,9,-7,9,-7,9,-7,9,-7,9,-7,9,-6,9,-6,9,-6,9,-6,10,-5,10,-5,11,-5,11,-4,11,-4,12,-4,12,-4,13,-4,13,-4,13]"
CSI_DATA,129,1a:00:00:00:00:00,-40,11,0,0,0,0,0,0,0,0,0,-96,0,1,0,22593258,0,31,0,128,0,"[0,0,-15,-6,-15,-5,-14,-5,-14,-5,-14,-5,-13,-5,-13,-4,-13,-3,-13,-3,-13,-2,-13,-2,-13,-1,-13,-1,-13,-1,-14,-1,-14,0,-14,-1,-14,-1,-15,-2,-14,-2,-14,-3,-13,-3,-14,-4,-13,-4,-12,-5,-12,-5,0,0,0,0,0,0,0,0,0,0,0,0,0,0,0,0,0,0,0,0,0,0,-10,-4,-10,-4,-10,-5,-10,-6,-10,-6,-10,-7,-10,-7,-10,-7,-9,-8,-10,-8,-10,-8,-10,-8,-10,-7,-10,-7,-10,-7,-10,-7,-11,-6,-11,-6,-12,-6,-12,-6,-13,-5,-13,-5,-14,-5,-14,-5,-14,-5,-14,-5]"
CSI_DATA,130,1a:00:00:00:00:00,-40,11,0,0,0,0,0,0,0,0,0,-96,0,1,0,22653360,0,42,0,128,0,"[0,0,-15,-6,-15,-6,-15,-6,-14,-5,-14,-5,-14,-5,-14,-4,-14,-4,-13,-3,-13,-2,-14,-2,-13,-1,-14,-1,-14,-1,-14,0,-14,0,-15,-1,-15,-1,-15,-1,-15,-2,-15,-3,-14,-3,-14,-4,-13,-4,-13,-5,-12,-5,0,0,0,0,0,0,0,0,0,0,0,0,0,0,0,0,0,0,0,0,0,0,-10,-4,-11,-5,-11,-5,-11,-6,-10,-7,-11,-7,-10,-8,-10,-8,-10,-8,-10,-8,-10,-8,-10,-8,-10,-8,-10,-7,-11,-7,-11,-7,-12,-7,-12,-6,-13,-6,-13,-6,-13,-6,-14,-6,-14,-5,-15,-5,-15,-6,-15,-5]"
CSI_DATA,131,1a:00:00:00:00:00,-40,11,0,0,0,0,0,0,0,0,0,-96,0,1,0,22721543,0,31,0,128,0,"[0,0,-4,14,-4,13,-4,13,-4,13,-3,13,-3,12,-3,12,-2,12,-2,12,-1,11,0,12,0,12,0,12,0,12,1,12,0,12,0,13,0,13,0,13,-1,13,-1,13,-2,13,-3,12,-3,12,-4,11,-5,11,0,0,0,0,0,0,0,0,0,0,0,0,0,0,0,0,0,0,0,0,0,0,-2,9,-3,9,-4,9,-4,9,-5,10,-5,10,-6,10,-6,10,-6,9,-6,9,-6,9,-6,10,-6,9,-5,10,-6,10,-5,10,-5,10,-4,10,-4,11,-4,12,-4,12,-4,12,-3,13,-4,13,-3,13,-3,13]"
CSI_DATA,132,1a:00:00:00:00:00,-40,11,0,0,0,0,0,0,0,0,0,-96,0,1,0,22922621,0,31,0,128,0,"[0,0,3,-15,3,-14,3,-14,3,-14,3,-14,3,-13,2,-13,2,-13,2,-13,1,-13,0,-12,0,-13,0,-13,-1,-13,0,-13,-1,-13,0,-14,0,-14,1,-14,1,-14,2,-14,3,-14,3,-13,4,-13,4,-12,5,-11,0,0,0,0,0,0,0,0,0,0,0,0,0,0,0,0,0,0,0,0,0,0,2,-9,2,-13,1,-12,3,-11,5,-8,10,-11,7,-11,2,-11,6,-10,4,-10,5,-10,5,-10,5,-11,5,-11,4,-11,4,-11,4,-11,3,-12,3,-12,3,-13,3,-13,3,-14,3,-14,3,-14,3,-15,3,-14]"
[0;32mI (22949) ftm_responder: Counter = 23[0m
CSI_DATA,133,1a:00:00:00:00:00,-40,11,0,0,0,0,0,0,0,0,0,-96,0,1,0,23123782,0,31,0,128,0,"[0,0,-6,-14,-5,-14,-5,-14,-5,-13,-5,-13,-5,-13,-6,-12,-6,-12,-6,-11,-7,-11,-7,-11,-8,-10,-8,-10,-8,-10,-8,-10,-9,-11,-8,-11,-9,-11,-8,-12,-8,-12,-7,-12,-6,-12,-6,-12,-5,-12,-4,-12,-3,-12,0,0,0,0,0,0,0,0,0,0,0,0,0,0,0,0,0,0,0,0,0,0,-5,-10,-4,-10,-4,-10,-3,-11,-3,-11,-3,-12,-2,-12,-2,-12,-1,-12,-1,-12,-1,-12,-1,-12,-1,-12,-2,-12,-2,-12,-2,-12,-3,-12,-4,-12,-4,-12,-4,-13,-5,-13,-5,-13,-5,-13,-6,-14,-6,-14,-6,-14]"
CSI_DATA,134,1a:00:00:00:00:00,-40,11,0,0,0,0,0,0,0,0,0,-96,0,1,0,23325355,0,31,0,128,0,"[0,0,14,-4,14,-4,13,-4,14,-4,12,-5,12,-5,13,-4,12,-5,11,-5,10,-6,11,-7,10,-6,11,-6,10,-7,11,-7,11,-7,11,-8,11,-8,12,-7,12,-7,12,-7,12,-5,12,-5,12,-4,12,-3,11,-2,0,0,0,0,0,0,0,0,0,0,0,0,0,0,0,0,0,0,0,0,0,0,9,-4,9,-3,10,-3,10,-2,11,-2,11,-2,11,-1,11,-1,11,-1,11,0,11,0,11,0,11,0,11,0,11,-1,11,-1,11,-2,11,-2,12,-3,12,-3,12,-4,12,-4,13,-5,13,-4,14,-4,13,-4]"
CSI_DATA,135,1a:00:00:00:00:00,-40,11,0,0,0,0,0,0,0,0,0,-96,0,1,0,23526265,0,31,0,128,0,"[0,0,8,13,8,12,8,13,8,12,8,12,8,11,8,11,8,10,8,9,9,9,9,9,9,8,10,8,10,8,11,8,11,8,10,8,11,9,11,9,10,10,10,10,9,11,8,11,8,11,7,11,6,11,0,0,0,0,0,0,0,0,0,0,0,0,0,0,0,0,0,0,0,0,0,0,6,8,6,9,5,10,5,10,4,10,4,11,3,12,3,11,3,12,3,12,3,12,3,11,3,12,3,11,4,11,4,11,4,11,5,11,6,11,6,11,6,11,7,12,7,12,8,13,8,13,8,12]"
CSI_DATA,136,1a:00:00:00:00:00,-40,11,0,0,0,0,0,0,0,0,0,-96,0,1,0,23727456,0,31,0,128,0,"[0,0,-15,-6,-15,-6,-14,-6,-14,-6,-14,-5,-13,-5,-13,-4,-13,-4,-13,-3,-13,-2,-13,-2,-13,-1,-13,-1,-14,-1,-14,-1,-14,-1,-14,-1,-15,-1,-15,-1,-15,-2,-14,-2,-14,-3,-13,-4,-13,-4,-13,-4,-13,-6,0,0,0,0,0,0,0,0,0,0,0,0,0,0,0,0,0,0,0,0,0,0,-11,-4,-11,-5,-11,-5,-11,-6,-10,-7,-11,-7,-10,-8,-10,-8,-10,-8,-10,-8,-10,-8,-10,-8,-10,-8,-11,-7,-11,-7,-11,-7,-11,-7,-11,-6,-12,-6,-12,-6,-13,-6,-14,-6,-13,-5,-15,-5,-15,-5,-15,-5]"
CSI_DATA,137,1a:00:00:00:00:00,-40,11,0,0,0,0,0,0,0,0,0,-96,0,1,0,23928947,0,31,0,128,0,"[0,0,-13,8,-13,8,-13,8,-12,8,-12,8,-12,8,-11,8,-10,8,-10,8,-9,8,-9,9,-8,9,-8,10,-8,10,-8,10,-8,11,-8,11,-9,11,-9,10,-10,10,-10,10,-11,9,-10,9,-10,8,-11,7,-11,6,0,0,0,0,0,0,0,0,0,0,0,0,0,0,0,0,0,0,0,0,0,0,-9,5,-10,5,-10,5,-11,4,-11,4,-11,4,-12,3,-12,3,-12,3,-12,3,-12,3,-12,3,-12,3,-12,4,-12,4,-11,4,-12,5,-11,5,-12,6,-11,6,-12,7,-12,7,-12,7,-12,8,-12,8,-13,8]"
[0;32mI (23959) ftm_responder: Counter = 24[0m
CSI_DATA,138,1a:00:00:00:00:00,-40,11,0,0,0,0,0,0,0,0,0,-96,0,1,0,24129718,0,31,0,128,0,"[0,0,-16,-2,-15,-2,-15,-2,-15,-2,-14,-2,-14,-1,-14,-1,-13,-1,-13,0,-13,1,-13,1,-13,2,-13,2,-13,2,-13,3,-14,3,-14,3,-14,2,-14,2,-15,2,-15,1,-14,0,-14,-1,-14,-1,-13,-2,-13,-3,0,0,0,0,0,0,0,0,0,0,0,0,0,0,0,0,0,0,0,0,0,0,-11,-2,-11,-2,-11,-3,-11,-3,-12,-4,-11,-4,-11,-5,-12,-5,-11,-6,-11,-6,-11,-6,-11,-6,-11,-5,-11,-5,-11,-5,-12,-4,-12,-4,-12,-4,-13,-3,-13,-3,-13,-2,-14,-2,-15,-2,-15,-2,-15,-2,-15,-2]"
CSI_DATA,139,1a:00:00:00:00:00,-41,11,0,0,0,0,0,0,0,0,0,-96,0,1,0,24189745,0,42,0,128,0,"[0,0,-12,-8,-13,-6,-15,-9,-12,-8,-13,-7,-12,-7,-12,-7,-11,-6,-12,-6,-12,-4,-13,-5,-12,-3,-12,-4,-13,-4,-12,-3,-14,-3,-14,-3,-14,-4,-14,-4,-13,-4,-13,-4,-12,-6,-12,-5,-12,-5,-11,-7,-10,-7,0,0,0,0,0,0,0,0,0,0,0,0,0,0,0,0,0,0,0,0,0,0,-9,-5,-9,-7,-9,-7,-9,-8,-9,-8,-9,-8,-8,-8,-8,-8,-7,-9,-8,-8,-9,-9,-8,-9,-8,-8,-9,-9,-8,-9,-10,-8,-10,-8,-9,-7,-11,-7,-9,-6,-10,-7,-12,-7,-12,-8,-12,-7,-16,-9,-14,-9]"
CSI_DATA,140,1a:00:00:00:00:00,-68,11,0,0,0,0,0,0,0,0,0,-96,0,1,0,24256968,0,31,0,128,0,"[0,0,13,-5,14,-6,14,-6,13,-6,12,-6,12,-6,12,-5,12,-5,11,-5,10,-6,10,-7,10,-8,10,-8,10,-8,10,-9,10,-9,11,-9,11,-9,11,-8,11,-8,11,-8,11,-7,11,-6,11,-6,11,-5,11,-4,0,0,0,0,0,0,0,0,0,0,0,0,0,0,0,0,0,0,0,0,0,0,9,-3,10,-3,11,-2,11,-2,11,-2,10,-1,10,-1,10,-1,10,-1,11,-1,11,-1,11,-1,11,-1,11,-1,11,-2,11,-2,11,-2,10,-2,11,-3,12,-4,12,-4,12,-4,12,-4,13,-5,14,-4,14,-4]"
CSI_DATA,141,1a:00:00:00:00:00,-40,11,0,0,0,0,0,0,0,0,0,-96,0,1,0,24458028,0,31,0,128,0,"[0,0,5,-14,5,-15,5,-14,4,-14,4,-14,4,-13,3,-13,3,-13,2,-13,2,-13,1,-13,1,-13,0,-13,0,-13,0,-13,0,-14,0,-14,0,-14,1,-14,1,-14,2,-14,2,-14,3,-13,4,-13,4,-12,5,-12,0,0,0,0,0,0,0,0,0,0,0,0,0,0,0,0,0,0,0,0,0,0,3,-10,4,-10,4,-10,5,-10,5,-10,6,-10,6,-10,7,-10,7,-10,7,-10,7,-9,7,-9,7,-10,6,-10,6,-10,6,-10,5,-11,5,-11,5,-12,5,-12,5,-13,4,-13,4,-14,4,-14,4,-14,5,-14]"
CSI_DATA,142,1a:00:00:00:00:00,-40,11,0,0,0,0,0,0,0,0,0,-96,0,1,0,24659396,0,31,0,128,0,"[0,0,-9,-13,-9,-13,-9,-13,-9,-13,-9,-12,-9,-12,-9,-11,-9,-10,-9,-10,-10,-9,-10,-9,-10,-8,-10,-8,-11,-8,-11,-8,-12,-8,-12,-8,-12,-9,-12,-9,-11,-10,-11,-10,-10,-10,-9,-10,-9,-11,-8,-11,-7,-11,0,0,0,0,0,0,0,0,0,0,0,0,0,0,0,0,0,0,0,0,0,0,-6,-9,-6,-10,-6,-10,-5,-11,-5,-11,-4,-12,-4,-12,-4,-12,-3,-12,-3,-12,-3,-12,-3,-12,-4,-12,-4,-12,-5,-11,-5,-11,-6,-11,-6,-11,-6,-11,-7,-12,-7,-12,-8,-12,-9,-12,-9,-12,-9,-13,-9,-13]"
CSI_DATA,143,1a:00:00:00:00:00,-41,11,0,0,0,0,0,0,0,0,0,-96,0,1,0,24860469,0,31,0,128,0,"[0,0,2,-16,2,-16,2,-15,2,-15,1,-15,1,-15,0,-14,0,-14,-1,-13,-1,-14,-1,-13,-2,-13,-2,-13,-3,-13,-3,-14,-3,-14,-3,-14,-3,-14,-3,-15,-2,-15,-1,-15,-1,-14,0,-14,2,-14,2,-13,3,-13,0,0,0,0,0,0,0,0,0,0,0,0,0,0,0,0,0,0,0,0,0,0,1,-11,1,-11,2,-12,3,-12,3,-12,4,-12,4,-12,4,-12,4,-12,5,-12,5,-11,5,-11,5,-11,5,-11,4,-12,3,-12,3,-12,3,-13,2,-13,2,-14,1,-14,1,-15,1,-15,2,-15,2,-15,2,-15]"
[0;32mI (24959) ftm_responder: Counter = 25[0m
CSI_DATA,144,1a:00:00:00:00:00,-40,11,0,0,0,0,0,0,0,0,0,-96,0,1,0,25061646,0,31,0,128,0,"[0,0,-10,-12,-10,-12,-10,-12,-10,-12,-10,-11,-10,-11,-10,-10,-10,-10,-10,-9,-11,-8,-11,-8,-11,-7,-12,-7,-12,-7,-12,-7,-13,-7,-13,-7,-13,-8,-13,-8,-12,-9,-12,-9,-11,-10,-10,-10,-10,-10,-9,-10,-8,-11,0,0,0,0,0,0,0,0,0,0,0,0,0,0,0,0,0,0,0,0,0,0,-8,-8,-7,-9,-7,-10,-7,-10,-7,-11,-6,-11,-6,-12,-6,-12,-5,-12,-5,-12,-5,-12,-5,-12,-5,-11,-6,-11,-6,-11,-6,-11,-7,-11,-8,-11,-8,-11,-8,-11,-9,-11,-9,-11,-10,-11,-11,-12,-10,-12,-10,-12]"
CSI_DATA,145,1a:00:00:00:00:00,-40,11,0,0,0,0,0,0,0,0,0,-96,0,1,0,25262790,0,31,0,128,0,"[0,0,-15,4,-14,4,-14,4,-13,4,-13,4,-12,4,-12,4,-12,5,-11,5,-11,5,-11,6,-10,7,-10,7,-10,7,-10,8,-10,8,-11,8,-11,8,-12,7,-12,7,-12,6,-12,6,-12,5,-12,4,-12,4,-12,3,0,0,0,0,0,0,0,0,0,0,0,0,0,0,0,0,0,0,0,0,0,0,-10,3,-10,3,-11,2,-11,2,-11,1,-12,1,-12,0,-12,0,-12,0,-12,-1,-12,0,-12,0,-12,0,-12,0,-12,0,-11,1,-12,1,-12,2,-12,3,-12,3,-13,3,-13,4,-13,4,-13,4,-14,5,-14,4]"
CSI_DATA,146,1a:00:00:00:00:00,-40,11,0,0,0,0,0,0,0,0,0,-96,0,1,0,25463942,0,31,0,128,0,"[0,0,10,-11,10,-11,9,-11,9,-11,9,-11,8,-11,8,-11,7,-11,7,-11,6,-11,6,-12,5,-12,5,-12,4,-13,4,-13,4,-13,5,-13,5,-13,6,-13,6,-13,7,-13,7,-12,7,-12,8,-11,8,-10,8,-9,0,0,0,0,0,0,0,0,0,0,0,0,0,0,0,0,0,0,0,0,0,0,7,-8,7,-8,8,-7,8,-7,9,-7,9,-7,10,-6,10,-6,10,-6,10,-6,10,-6,10,-6,10,-6,9,-6,9,-7,9,-7,9,-8,9,-8,9,-9,9,-9,9,-10,9,-10,9,-11,9,-11,9,-11,10,-11]"
CSI_DATA,147,1a:00:00:00:00:00,-40,11,0,0,0,0,0,0,0,0,0,-96,0,1,0,25665191,0,31,0,128,0,"[0,0,2,-16,2,-15,2,-15,2,-15,2,-15,1,-14,1,-14,1,-14,0,-14,-1,-14,-1,-13,-2,-13,-2,-14,-2,-14,-3,-14,-3,-14,-3,-15,-2,-15,-2,-15,-1,-15,0,-15,0,-15,1,-14,1,-14,2,-13,3,-13,0,0,0,0,0,0,0,0,0,0,0,0,0,0,0,0,0,0,0,0,0,0,1,-11,2,-11,2,-11,3,-11,3,-12,4,-12,5,-12,5,-11,5,-11,5,-11,5,-11,5,-11,5,-11,5,-11,4,-11,4,-12,4,-12,3,-13,3,-13,3,-14,2,-14,2,-14,2,-15,2,-15,2,-16,2,-15]"
CSI_DATA,148,1a:00:00:00:00:00,-40,11,0,0,0,0,0,0,0,0,0,-96,0,1,0,25725295,0,42,0,128,0,"[0,0,5,-14,4,-15,4,-14,4,-14,4,-14,3,-13,3,-13,2,-13,2,-13,1,-13,1,-13,0,-13,0,-13,-1,-14,-1,-14,-1,-14,0,-14,0,-14,0,-15,1,-14,1,-14,2,-14,2,-14,3,-13,3,-12,4,-12,0,0,0,0,0,0,0,0,0,0,0,0,0,0,0,0,0,0,0,0,0,0,3,-10,4,-10,4,-10,5,-10,6,-10,6,-10,7,-10,7,-10,7,-10,7,-10,7,-10,7,-9,7,-10,6,-10,6,-10,6,-10,5,-11,5,-11,5,-12,5,-12,5,-13,4,-13,4,-14,4,-14,4,-14,4,-14]"
CSI_DATA,149,1a:00:00:00:00:00,-40,11,0,0,0,0,0,0,0,0,0,-96,0,1,0,25792787,0,31,0,128,0,"[0,0,1,15,1,14,1,14,1,14,1,14,1,13,2,13,3,12,2,12,4,11,4,11,5,11,5,11,5,11,5,11,5,12,5,12,5,12,4,13,4,13,3,13,2,13,2,13,2,13,1,12,0,12,0,0,0,0,0,0,0,0,0,0,0,0,0,0,0,0,0,0,0,0,0,0,2,10,1,10,0,11,0,11,-1,11,-1,11,-2,11,-2,12,-2,11,-2,11,-2,11,-2,11,-1,11,-1,11,-1,11,-1,11,-1,12,0,11,0,12,0,13,1,13,1,13,2,13,2,14,2,14,2,14]"
[0;32mI (25959) ftm_responder: Counter = 26[0m
CSI_DATA,150,1a:00:00:00:00:00,-40,11,0,0,0,0,0,0,0,0,0,-96,0,1,0,25993856,0,31,0,128,0,"[0,0,-16,-1,-16,0,-15,0,-15,0,-14,0,-14,0,-14,1,-13,1,-13,2,-13,2,-13,3,-13,3,-12,4,-13,4,-13,4,-13,4,-14,4,-14,4,-14,4,-14,3,-14,2,-14,2,-14,1,-14,1,-13,0,-13,-1,0,0,0,0,0,0,0,0,0,0,0,0,0,0,0,0,0,0,0,0,0,0,-11,0,-11,-1,-11,-2,-11,-2,-12,-3,-12,-3,-12,-4,-12,-4,-12,-4,-12,-5,-12,-4,-12,-4,-12,-4,-12,-3,-12,-3,-12,-3,-12,-3,-13,-2,-13,-1,-14,-1,-14,-1,-14,-1,-15,0,-15,0,-15,0,-15,0]"
CSI_DATA,151,1a:00:00:00:00:00,-40,11,0,0,0,0,0,0,0,0,0,-96,0,1,0,26195012,0,31,0,128,0,"[0,0,-8,-13,-8,-12,-8,-12,-8,-12,-8,-11,-8,-11,-8,-10,-9,-10,-9,-9,-9,-9,-9,-9,-9,-8,-10,-8,-10,-8,-11,-8,-11,-8,-11,-8,-11,-8,-11,-8,-11,-9,-10,-9,-10,-10,-9,-10,-8,-10,-7,-11,-6,-11,0,0,0,0,0,0,0,0,0,0,0,0,0,0,0,0,0,0,0,0,0,0,-5,-9,-5,-10,-5,-10,-4,-11,-4,-11,-4,-11,-4,-12,-3,-12,-3,-12,-2,-12,-2,-12,-2,-12,-3,-11,-3,-11,-4,-11,-4,-11,-5,-11,-5,-11,-6,-11,-7,-11,-7,-11,-7,-12,-8,-12,-7,-12,-8,-13,-8,-13]"
