ESP-ROM:esp32s3-20210327
Build:Mar 27 2021
rst:0x15 (USB_UART_CHIP_RESET),boot:0x8 (SPI_FAST_FLASH_BOOT)
Saved PC:0x4037abfa
SPIWP:0xee
mode:DIO, clock div:1
load:0x3fce2810,len:0x15a0
load:0x403c8700,len:0x4
load:0x403c8704,len:0xd20
load:0x403cb700,len:0x2ee4
entry 0x403c8928
[0;32mI (26) boot: ESP-IDF v5.4-dirty 2nd stage bootloader[0m
[0;32mI (27) boot: compile time May  6 2025 13:26:06[0m
[0;32mI (27) boot: Multicore bootloader[0m
[0;32mI (27) boot: chip revision: v0.2[0m
[0;32mI (30) boot: efuse block revision: v1.3[0m
[0;32mI (34) boot.esp32s3: Boot SPI Speed : 80MHz[0m
[0;32mI (37) boot.esp32s3: SPI Mode       : DIO[0m
[0;32mI (41) boot.esp32s3: SPI Flash Size : 2MB[0m
[0;32mI (45) boot: Enabling RNG early entropy source...[0m
[0;32mI (49) boot: Partition Table:[0m
[0;32mI (52) boot: ## Label            Usage          Type ST Offset   Length[0m
[0;32mI (58) boot:  0 nvs              WiFi data        01 02 00009000 00006000[0m
[0;32mI (65) boot:  1 phy_init         RF data          01 01 0000f000 00001000[0m
[0;32mI (71) boot:  2 factory          factory app      00 00 00010000 00100000[0m
[0;32mI (78) boot: End of partition table[0m
[0;32mI (81) esp_image: segment 0: paddr=00010020 vaddr=3c080020 size=18f0ch (102156) map[0m
[0;32mI (107) esp_image: segment 1: paddr=00028f34 vaddr=3fc99a00 size=04a08h ( 18952) load[0m
[0;32mI (111) esp_image: segment 2: paddr=0002d944 vaddr=40374000 size=026d4h (  9940) load[0m
[0;32mI (114) esp_image: segment 3: paddr=00030020 vaddr=42000020 size=7ff4ch (524108) map[0m
[0;32mI (210) esp_image: segment 4: paddr=000aff74 vaddr=403766d4 size=13270h ( 78448) load[0m
[0;32mI (228) esp_image: segment 5: paddr=000c31ec vaddr=600fe100 size=0001ch (    28) load[0m
[0;32mI (237) boot: Loaded app from partition at offset 0x10000[0m
[0;32mI (237) boot: Disabling RNG early entropy source...[0m
[0;32mI (247) cpu_start: Multicore app[0m
[0;32mI (256) cpu_start: Pro cpu start user code[0m
[0;32mI (256) cpu_start: cpu freq: 160000000 Hz[0m
[0;32mI (256) app_init: Application information:[0m
[0;32mI (256) app_init: Project name:     responder[0m
[0;32mI (260) app_init: App version:      89f9f88-dirty[0m
[0;32mI (265) app_init: Compile time:     Jul 21 2025 20:52:32[0m
[0;32mI (270) app_init: ELF file SHA256:  2b702322b...[0m
[0;32mI (274) app_init: ESP-IDF:          v5.4-dirty[0m
[0;32mI (278) efuse_init: Min chip rev:     v0.0[0m
[0;32mI (282) efuse_init: Max chip rev:     v0.99 [0m
[0;32mI (286) efuse_init: Chip rev:         v0.2[0m
[0;32mI (290) heap_init: Initializing. RAM available for dynamic allocation:[0m
[0;32mI (296) heap_init: At 3FCA2020 len 000476F0 (285 KiB): RAM[0m
[0;32mI (301) heap_init: At 3FCE9710 len 00005724 (21 KiB): RAM[0m
[0;32mI (306) heap_init: At 3FCF0000 len 00008000 (32 KiB): DRAM[0m
[0;32mI (312) heap_init: At 600FE11C len 00001ECC (7 KiB): RTCRAM[0m
[0;32mI (318) spi_flash: detected chip: gd[0m
[0;32mI (320) spi_flash: flash io: dio[0m
[0;33mW (323) spi_flash: Detected size(8192k) larger than the size in the binary image header(2048k). Using the size in the binary image header.[0m
[0;32mI (336) sleep_gpio: Configure to isolate all GPIO pins in sleep state[0m
[0;32mI (342) sleep_gpio: Enable automatic switching of GPIO sleep configuration[0m
[0;32mI (349) main_task: Started on CPU0[0m
[0;32mI (359) main_task: Calling app_main()[0m
[0;32mI (369) pp: pp rom version: e7ae62f[0m
[0;32mI (369) net80211: net80211 rom version: e7ae62f[0m
[0;32mI (389) wifi_init: rx ba win: 6[0m
[0;32mI (389) wifi_init: accept mbox: 6[0m
[0;32mI (389) wifi_init: tcpip mbox: 32[0m
[0;32mI (389) wifi_init: udp mbox: 6[0m
[0;32mI (389) wifi_init: tcp mbox: 6[0m
[0;32mI (399) wifi_init: tcp tx win: 5760[0m
[0;32mI (399) wifi_init: tcp rx win: 5760[0m
[0;32mI (399) wifi_init: tcp mss: 1440[0m
[0;32mI (409) wifi_init: WiFi IRAM OP enabled[0m
[0;32mI (409) wifi_init: WiFi RX IRAM OP enabled[0m
[0;32mI (409) phy_init: phy_version 680,a6008b2,Jun  4 2024,16:41:10[0m
[0;32mI (899) ftm_responder: Starting SoftAP with FTM Responder support, SSID - FTM, Password - ftmftmftm, Primary Channel - 1, Bandwidth - 20MHz[0m
[0;32mI (909) ftm_responder: FTM Responder is ready, waiting for FTM requests...[0m
[0;32mI (909) ftm_responder: Counter = 1[0m
[0;32mI (909) main_task: Returned from app_main()[0m
[0;32mI (1909) ftm_responder: Counter = 2[0m
[0;32mI (2909) ftm_responder: Counter = 3[0m
[0;32mI (3909) ftm_responder: Counter = 4[0m
[0;32mI (4909) ftm_responder: Counter = 5[0m
[0;32mI (5909) ftm_responder: Counter = 6[0m
[0;32mI (6909) ftm_responder: Counter = 7[0m
[0;32mI (7909) ftm_responder: Counter = 8[0m
[0;32mI (8909) ftm_responder: Counter = 9[0m
[0;32mI (9909) ftm_responder: Counter = 10[0m
[0;32mI (10909) ftm_responder: Counter = 11[0m
[0;32mI (11909) ftm_responder: Counter = 12[0m
[0;32mI (12909) ftm_responder: Counter = 13[0m
[0;32mI (13909) ftm_responder: Counter = 14[0m
[0;32mI (14909) ftm_responder: Counter = 15[0m
[0;32mI (15909) ftm_responder: Counter = 16[0m
[0;32mI (16909) ftm_responder: Counter = 17[0m
[0;32mI (17909) ftm_responder: Counter = 18[0m
[0;32mI (18909) ftm_responder: Counter = 19[0m
[0;32mI (19909) ftm_responder: Counter = 20[0m
[0;32mI (20909) ftm_responder: Counter = 21[0m
[0;32mI (21909) ftm_responder: Counter = 22[0m
[0;32mI (22909) ftm_responder: Counter = 23[0m
[0;32mI (23909) ftm_responder: Counter = 24[0m
[0;32mI (24909) ftm_responder: Counter = 25[0m
[0;32mI (25909) ftm_responder: Counter = 26[0m
[0;32mI (26909) ftm_responder: Counter = 27[0m
[0;32mI (27909) ftm_responder: Counter = 28[0m
[0;32mI (28909) ftm_responder: Counter = 29[0m
[0;32mI (29909) ftm_responder: Counter = 30[0m
[0;32mI (30909) ftm_responder: Counter = 31[0m
[0;32mI (31909) ftm_responder: Counter = 32[0m
[0;32mI (32909) ftm_responder: Counter = 33[0m
[0;32mI (33909) ftm_responder: Counter = 34[0m
[0;32mI (34909) ftm_responder: Counter = 35[0m
[0;32mI (35909) ftm_responder: Counter = 36[0m
[0;32mI (36909) ftm_responder: Counter = 37[0m
[0;32mI (37909) ftm_responder: Counter = 38[0m
[0;32mI (38909) ftm_responder: Counter = 39[0m
[0;32mI (39909) ftm_responder: Counter = 40[0m
[0;32mI (40909) ftm_responder: Counter = 41[0m
[0;32mI (41909) ftm_responder: Counter = 42[0m
[0;32mI (42909) ftm_responder: Counter = 43[0m
[0;32mI (43909) ftm_responder: Counter = 44[0m
[0;32mI (44909) ftm_responder: Counter = 45[0m
[0;32mI (45909) ftm_responder: Counter = 46[0m
[0;32mI (46909) ftm_responder: Counter = 47[0m
[0;32mI (47909) ftm_responder: Counter = 48[0m
[0;32mI (48909) ftm_responder: Counter = 49[0m
[0;32mI (49909) ftm_responder: Counter = 50[0m
[0;32mI (50909) ftm_responder: Counter = 51[0m
[0;32mI (51909) ftm_responder: Counter = 52[0m
[0;32mI (52909) ftm_responder: Counter = 53[0m
[0;32mI (53909) ftm_responder: Counter = 54[0m
[0;32mI (54909) ftm_responder: Counter = 55[0m
[0;32mI (55909) ftm_responder: Counter = 56[0m
[0;32mI (56909) ftm_responder: Counter = 57[0m
[0;32mI (57909) ftm_responder: Counter = 58[0m
[0;32mI (58909) ftm_responder: Counter = 59[0m
[0;32mI (59909) ftm_responder: Counter = 60[0m
[0;32mI (60909) ftm_responder: Counter = 61[0m
[0;32mI (61909) ftm_responder: Counter = 62[0m
[0;32mI (62909) ftm_responder: Counter = 63[0m
[0;32mI (63909) ftm_responder: Counter = 64[0m
[0;32mI (64909) ftm_responder: Counter = 65[0m
[0;32mI (65909) ftm_responder: Counter = 66[0m
[0;32mI (66909) ftm_responder: Counter = 67[0m
[0;32mI (67909) ftm_responder: Counter = 68[0m
[0;32mI (68909) ftm_responder: Counter = 69[0m
[0;32mI (69909) ftm_responder: Counter = 70[0m
[0;32mI (70909) ftm_responder: Counter = 71[0m
[0;32mI (71909) ftm_responder: Counter = 72[0m
[0;32mI (72909) ftm_responder: Counter = 73[0m
[0;32mI (73909) ftm_responder: Counter = 74[0m
[0;32mI (74909) ftm_responder: Counter = 75[0m
[0;32mI (75909) ftm_responder: Counter = 76[0m
[0;32mI (76909) ftm_responder: Counter = 77[0m
[0;32mI (77909) ftm_responder: Counter = 78[0m
[0;32mI (78909) ftm_responder: Counter = 79[0m
[0;32mI (79909) ftm_responder: Counter = 80[0m
[0;32mI (80909) ftm_responder: Counter = 81[0m
[0;32mI (81909) ftm_responder: Counter = 82[0m
[0;32mI (82909) ftm_responder: Counter = 83[0m
[0;32mI (83909) ftm_responder: Counter = 84[0m
[0;32mI (84909) ftm_responder: Counter = 85[0m
[0;32mI (85909) ftm_responder: Counter = 86[0m
[0;32mI (86909) ftm_responder: Counter = 87[0m
[0;32mI (87909) ftm_responder: Counter = 88[0m
[0;32mI (88909) ftm_responder: Counter = 89[0m
[0;32mI (89909) ftm_responder: Counter = 90[0m
[0;32mI (90909) ftm_responder: Counter = 91[0m
[0;32mI (91909) ftm_responder: Counter = 92[0m
[0;32mI (92909) ftm_responder: Counter = 93[0m
[0;32mI (93909) ftm_responder: Counter = 94[0m
[0;32mI (94909) ftm_responder: Counter = 95[0m
[0;32mI (95909) ftm_responder: Counter = 96[0m
[0;32mI (96909) ftm_responder: Counter = 97[0m
[0;32mI (97909) ftm_responder: Counter = 98[0m
[0;32mI (98909) ftm_responder: Counter = 99[0m
[0;32mI (99909) ftm_responder: Counter = 100[0m
[0;32mI (100909) ftm_responder: Counter = 101[0m
[0;32mI (101909) ftm_responder: Counter = 102[0m
[0;32mI (102909) ftm_responder: Counter = 103[0m
[0;32mI (103909) ftm_responder: Counter = 104[0m
[0;32mI (104909) ftm_responder: Counter = 105[0m
[0;32mI (105909) ftm_responder: Counter = 106[0m
[0;32mI (106909) ftm_responder: Counter = 107[0m
[0;32mI (107909) ftm_responder: Counter = 108[0m
[0;32mI (108909) ftm_responder: Counter = 109[0m
[0;32mI (109909) ftm_responder: Counter = 110[0m
[0;32mI (110909) ftm_responder: Counter = 111[0m
[0;32mI (111909) ftm_responder: Counter = 112[0m
[0;32mI (112909) ftm_responder: Counter = 113[0m
[0;32mI (113909) ftm_responder: Counter = 114[0m
[0;32mI (114909) ftm_responder: Counter = 115[0m
[0;32mI (115909) ftm_responder: Counter = 116[0m
[0;32mI (116909) ftm_responder: Counter = 117[0m
[0;32mI (117909) ftm_responder: Counter = 118[0m
[0;32mI (118909) ftm_responder: Counter = 119[0m
[0;32mI (119909) ftm_responder: Counter = 120[0m
[0;32mI (120909) ftm_responder: Counter = 121[0m
[0;32mI (121909) ftm_responder: Counter = 122[0m
[0;32mI (122909) ftm_responder: Counter = 123[0m
[0;32mI (123909) ftm_responder: Counter = 124[0m
[0;32mI (124909) ftm_responder: Counter = 125[0m
[0;32mI (125909) ftm_responder: Counter = 126[0m
[0;32mI (126909) ftm_responder: Counter = 127[0m
[0;32mI (127909) ftm_responder: Counter = 128[0m
[0;32mI (128909) ftm_responder: Counter = 129[0m
[0;32mI (129909) ftm_responder: Counter = 130[0m
[0;32mI (130909) ftm_responder: Counter = 131[0m
[0;32mI (131799) csi_recv: ================ CSI RECV ================[0m
type,id,mac,rssi,rate,sig_mode,mcs,bandwidth,smoothing,not_sounding,aggregation,stbc,fec_coding,sgi,noise_floor,ampdu_cnt,channel,secondary_channel,local_timestamp,ant,sig_len,rx_state,len,first_word,data
CSI_DATA,0,1a:00:00:00:00:00,-67,11,0,0,0,0,0,0,0,0,0,-91,0,1,0,131803797,0,28,0,128,0,"[0,0,12,-10,12,-10,11,-9,11,-9,11,-9,10,-8,9,-8,8,-8,8,-8,9,-9,8,-9,7,-9,6,-9,6,-8,7,-9,7,-9,7,-9,7,-9,7,-9,7,-8,7,-7,7,-7,6,-6,7,-6,7,-5,8,-5,0,0,0,0,0,0,0,0,0,0,0,0,0,0,0,0,0,0,0,0,0,0,8,-8,9,-8,9,-8,10,-7,11,-7,12,-7,12,-6,12,-6,12,-5,12,-5,12,-5,12,-5,12,-5,11,-6,11,-6,11,-6,11,-7,11,-7,11,-8,11,-8,11,-9,11,-8,11,-9,11,-10,11,-10,11,-10]"
CSI_DATA,1,1a:00:00:00:00:00,-67,11,0,0,0,0,0,0,0,0,0,-91,0,1,0,131806525,0,165,0,128,0,"[0,0,-9,8,-9,9,-9,10,-9,9,-10,9,-10,9,-9,9,-8,9,-8,9,-7,9,-7,9,-7,9,-7,8,-7,8,-6,8,-6,8,-6,8,-7,8,-7,8,-7,8,-7,8,-7,7,-7,7,-7,6,-7,5,-7,5,0,0,0,0,0,0,0,0,0,0,0,0,0,0,0,0,0,0,0,0,0,0,-8,9,-8,9,-9,8,-10,8,-10,8,-11,8,-11,8,-12,7,-12,7,-12,7,-12,7,-12,6,-11,6,-11,6,-11,7,-11,7,-11,7,-10,8,-10,8,-10,9,-10,9,-9,9,-9,10,-9,11,-9,11,-9,10]"
CSI_DATA,2,1a:00:00:00:00:00,-67,11,0,0,0,0,0,0,0,0,0,-91,0,1,0,131903106,0,137,0,128,0,"[0,0,8,12,8,12,8,11,8,10,8,10,8,10,8,10,8,9,8,9,8,8,8,8,8,8,9,8,9,7,8,7,8,7,8,7,8,7,8,7,7,7,6,7,6,8,5,8,5,7,4,7,4,8,0,0,0,0,0,0,0,0,0,0,0,0,0,0,0,0,0,0,0,0,0,0,7,8,7,9,7,10,7,10,6,11,6,11,5,12,5,13,5,13,4,13,4,12,4,12,4,12,5,12,5,12,5,12,6,11,7,11,7,11,7,11,7,12,8,12,7,12,8,12,8,12,9,12]"
CSI_DATA,3,1a:00:00:00:00:00,-67,11,0,0,0,0,0,0,0,0,0,-91,0,1,0,131909855,0,42,0,128,0,"[0,0,12,9,11,8,11,8,10,8,10,7,10,6,10,6,10,6,10,5,10,5,10,5,10,4,10,3,10,3,10,3,11,3,10,4,10,4,10,3,10,3,9,4,8,4,8,4,7,4,6,5,6,6,0,0,0,0,0,0,0,0,0,0,0,0,0,0,0,0,0,0,0,0,0,0,10,6,10,6,9,7,9,8,10,9,9,9,9,10,9,10,8,10,8,10,7,11,7,11,7,10,7,10,8,9,8,9,9,8,9,8,10,8,11,8,11,8,11,7,12,7,12,8,12,8,12,8]"
[0;32mI (131909) ftm_responder: Counter = 132[0m
CSI_DATA,4,1a:00:00:00:00:00,-66,11,0,0,0,0,0,0,0,0,0,-91,0,1,0,131984831,0,31,0,128,0,"[0,0,-8,-10,-8,-12,-9,-12,-9,-12,-9,-10,-9,-10,-8,-10,-8,-9,-8,-9,-9,-9,-9,-9,-9,-9,-9,-8,-9,-6,-9,-6,-9,-7,-9,-8,-8,-8,-8,-8,-8,-8,-9,-8,-8,-7,-6,-8,-6,-8,-6,-8,-5,-8,0,0,0,0,0,0,0,0,0,0,0,0,0,0,0,0,0,0,0,0,0,0,-8,-9,-8,-9,-8,-10,-8,-11,-8,-11,-7,-12,-7,-12,-7,-12,-6,-13,-6,-13,-5,-13,-4,-13,-5,-13,-6,-13,-6,-12,-6,-11,-7,-11,-6,-12,-7,-12,-8,-12,-8,-11,-8,-10,-8,-10,-7,-11,-8,-12,-9,-11]"
CSI_DATA,5,1a:00:00:00:00:00,-67,11,0,0,0,0,0,0,0,0,0,-91,0,1,0,132185567,0,31,0,128,0,"[0,0,11,-10,12,-9,12,-9,12,-9,11,-9,10,-8,9,-9,9,-9,8,-9,7,-9,7,-9,5,-10,5,-10,6,-9,6,-9,6,-9,6,-10,7,-10,7,-9,6,-9,5,-9,5,-9,6,-8,6,-6,6,-5,8,-5,0,0,0,0,0,0,0,0,0,0,0,0,0,0,0,0,0,0,0,0,0,0,11,-6,11,-6,12,-5,12,-5,12,-5,13,-4,13,-4,13,-3,14,-3,14,-3,13,-3,13,-3,12,-3,12,-3,12,-4,12,-4,12,-5,11,-6,11,-7,12,-7,11,-8,11,-8,11,-8,11,-9,11,-9,12,-9]"
CSI_DATA,6,1a:00:00:00:00:00,-67,11,0,0,0,0,0,0,0,0,0,-91,0,1,0,132387591,0,31,0,128,0,"[0,0,5,-15,6,-14,6,-14,6,-14,5,-14,5,-14,5,-14,5,-13,4,-13,3,-13,2,-13,2,-13,2,-12,2,-12,2,-12,2,-12,2,-13,3,-13,3,-12,3,-12,3,-11,4,-11,4,-10,5,-10,5,-9,5,-8,0,0,0,0,0,0,0,0,0,0,0,0,0,0,0,0,0,0,0,0,0,0,4,-11,5,-11,6,-11,6,-11,7,-11,7,-11,8,-11,9,-10,9,-10,9,-10,9,-10,9,-9,9,-10,8,-10,8,-10,8,-10,7,-11,7,-11,6,-12,6,-13,5,-14,5,-14,5,-14,6,-15,6,-15,6,-15]"
CSI_DATA,7,1a:00:00:00:00:00,-67,11,0,0,0,0,0,0,0,0,0,-91,0,1,0,132588044,0,31,0,128,0,"[0,0,-13,7,-13,6,-13,6,-13,6,-13,7,-12,7,-11,6,-10,5,-9,6,-9,7,-9,8,-8,8,-9,7,-10,7,-9,8,-8,8,-8,8,-8,7,-9,7,-9,7,-10,7,-10,7,-9,5,-8,5,-8,5,-9,3,0,0,0,0,0,0,0,0,0,0,0,0,0,0,0,0,0,0,0,0,0,0,-11,3,-11,3,-12,3,-12,2,-13,2,-13,1,-14,1,-14,1,-14,0,-14,0,-13,0,-13,0,-13,0,-13,1,-13,2,-13,2,-12,2,-12,3,-12,3,-12,4,-12,4,-12,5,-13,6,-13,6,-14,6,-14,6]"
CSI_DATA,8,1a:00:00:00:00:00,-67,11,0,0,0,0,0,0,0,0,0,-91,0,1,0,132789176,0,31,0,128,0,"[0,0,-14,6,-14,6,-14,6,-13,6,-13,5,-13,5,-12,5,-11,5,-11,6,-11,5,-10,4,-9,5,-9,7,-10,7,-10,7,-10,8,-10,8,-10,7,-11,6,-11,5,-12,5,-12,5,-11,5,-10,4,-9,3,-9,2,0,0,0,0,0,0,0,0,0,0,0,0,0,0,0,0,0,0,0,0,0,0,-10,5,-11,5,-11,4,-12,4,-12,4,-13,3,-13,3,-13,3,-13,2,-13,1,-13,1,-13,1,-13,1,-13,2,-12,2,-12,3,-13,4,-14,4,-14,4,-14,4,-13,4,-14,5,-14,6,-14,6,-14,5,-15,6]"
[0;32mI (132959) ftm_responder: Counter = 133[0m
CSI_DATA,9,1a:00:00:00:00:00,-66,11,0,0,0,0,0,0,0,0,0,-91,0,1,0,132990362,0,31,0,128,0,"[0,0,7,13,6,12,7,11,7,11,7,11,6,11,6,10,6,10,6,9,7,9,7,9,8,8,8,8,8,8,8,8,8,8,8,8,8,8,7,8,7,8,7,8,6,8,5,8,5,8,4,9,3,9,0,0,0,0,0,0,0,0,0,0,0,0,0,0,0,0,0,0,0,0,0,0,5,9,5,10,4,10,4,11,3,11,3,12,2,12,2,12,2,12,1,12,1,12,1,12,1,12,2,11,2,11,2,12,2,12,3,11,4,11,4,11,6,10,6,11,6,12,6,12,7,12,7,13]"
CSI_DATA,10,1a:00:00:00:00:00,-66,11,0,0,0,0,0,0,0,0,0,-91,0,1,0,133191656,0,31,0,128,0,"[0,0,-2,-15,-2,-15,-1,-15,-3,-13,-3,-13,-3,-14,-3,-14,-4,-12,-5,-11,-3,-10,-2,-10,-3,-12,-4,-13,-2,-11,-2,-10,-3,-10,-3,-10,-3,-11,-2,-11,-1,-10,-1,-10,-3,-10,-4,-10,-2,-9,0,-8,0,-8,0,0,0,0,0,0,0,0,0,0,0,0,0,0,0,0,0,0,0,0,0,0,-2,-11,-1,-11,-1,-11,0,-12,1,-12,1,-13,2,-13,2,-13,2,-12,3,-13,3,-12,3,-12,3,-12,2,-12,2,-12,1,-13,0,-13,-1,-13,-1,-13,0,-13,0,-13,-1,-14,-2,-14,-2,-14,-2,-14,-2,-12]"
CSI_DATA,11,1a:00:00:00:00:00,-66,11,0,0,0,0,0,0,0,0,0,-91,0,1,0,133392864,0,31,0,128,0,"[0,0,-8,15,-7,13,-7,12,-8,14,-8,14,-7,14,-6,14,-4,13,-3,12,-2,11,-1,11,-3,12,-4,12,-4,12,-3,12,-2,12,-3,12,-3,12,-3,12,-5,12,-6,12,-4,11,-3,12,-4,12,-5,10,-6,8,0,0,0,0,0,0,0,0,0,0,0,0,0,0,0,0,0,0,0,0,0,0,-6,11,-7,10,-8,10,-9,11,-9,11,-9,10,-10,10,-10,10,-11,10,-11,10,-11,10,-10,10,-10,9,-10,9,-10,9,-10,10,-10,10,-9,11,-8,12,-8,13,-9,13,-9,14,-9,14,-8,13,-7,13,-7,13]"
CSI_DATA,12,1a:00:00:00:00:00,-66,11,0,0,0,0,0,0,0,0,0,-91,0,1,0,133452976,0,42,0,128,0,"[0,0,12,-10,12,-9,11,-9,11,-9,10,-9,9,-10,9,-9,9,-9,8,-9,7,-9,7,-9,7,-9,7,-9,6,-9,6,-9,7,-9,7,-10,7,-9,8,-9,8,-8,8,-8,7,-7,7,-6,8,-6,8,-5,8,-4,0,0,0,0,0,0,0,0,0,0,0,0,0,0,0,0,0,0,0,0,0,0,7,-8,8,-8,9,-8,9,-7,10,-7,10,-7,11,-6,11,-6,11,-6,11,-5,12,-5,12,-5,11,-5,11,-5,10,-6,10,-6,10,-7,10,-8,9,-8,10,-7,10,-8,10,-8,10,-9,10,-10,11,-10,11,-11]"
CSI_DATA,13,1a:00:00:00:00:00,-66,11,0,0,0,0,0,0,0,0,0,-91,0,1,0,133520774,0,31,0,128,0,"[0,0,11,-8,10,-7,11,-7,12,-8,12,-8,11,-7,10,-7,9,-7,8,-8,8,-9,9,-9,8,-9,7,-8,7,-8,7,-9,7,-10,7,-10,8,-9,8,-9,7,-8,7,-7,8,-7,8,-6,8,-6,8,-5,9,-4,0,0,0,0,0,0,0,0,0,0,0,0,0,0,0,0,0,0,0,0,0,0,9,-5,10,-4,10,-4,11,-4,11,-3,12,-2,12,-2,12,-2,12,-1,12,-1,12,-1,12,-1,11,-1,11,-2,11,-2,11,-3,11,-4,11,-4,11,-5,11,-6,12,-6,12,-7,11,-8,11,-8,13,-9,14,-9]"
CSI_DATA,14,1a:00:00:00:00:00,-66,11,0,0,0,0,0,0,0,0,0,-91,0,1,0,133720599,0,31,0,128,0,"[0,0,6,15,5,13,5,12,6,12,5,12,5,12,5,11,6,11,6,10,6,10,6,10,5,9,5,8,8,8,8,10,7,10,6,11,6,11,5,10,6,10,6,10,5,9,4,9,2,9,2,9,2,9,0,0,0,0,0,0,0,0,0,0,0,0,0,0,0,0,0,0,0,0,0,0,6,9,6,10,5,11,5,11,4,12,4,12,3,13,3,13,2,13,2,13,2,12,2,12,2,12,2,12,3,12,3,12,3,12,3,12,5,12,6,12,7,13,6,14,6,15,7,15,10,14,11,13]"
CSI_DATA,15,1a:00:00:00:00:00,-67,11,0,0,0,0,0,0,0,0,0,-91,0,1,0,133922215,0,31,0,128,0,"[0,0,3,-15,3,-15,2,-15,2,-14,1,-14,1,-14,1,-14,0,-14,0,-13,0,-13,0,-13,-1,-12,-2,-12,-2,-13,-2,-13,-2,-13,-2,-13,-1,-13,-1,-13,-1,-12,0,-12,1,-11,2,-11,2,-11,3,-11,3,-12,0,0,0,0,0,0,0,0,0,0,0,0,0,0,0,0,0,0,0,0,0,0,2,-12,2,-13,3,-13,4,-13,4,-13,5,-13,5,-13,6,-13,6,-13,7,-12,6,-12,6,-12,6,-12,6,-13,5,-13,5,-13,4,-13,4,-13,3,-13,3,-13,3,-14,3,-14,2,-15,2,-16,3,-16,3,-15]"
[0;32mI (133959) ftm_responder: Counter = 134[0m
CSI_DATA,16,1a:00:00:00:00:00,-67,11,0,0,0,0,0,0,0,0,0,-91,0,1,0,134121085,0,31,0,128,0,"[0,0,-4,-17,-3,-15,-2,-14,-2,-14,-2,-15,-3,-16,-4,-15,-4,-14,-5,-13,-5,-12,-5,-11,-4,-12,-4,-12,-5,-12,-5,-12,-5,-12,-5,-13,-4,-13,-5,-12,-4,-12,-4,-12,-4,-12,-3,-11,-2,-11,-1,-11,0,-11,0,0,0,0,0,0,0,0,0,0,0,0,0,0,0,0,0,0,0,0,0,0,-2,-12,-1,-13,-1,-13,0,-13,1,-14,1,-14,2,-14,2,-14,2,-14,3,-14,3,-13,3,-13,3,-13,2,-13,1,-14,1,-14,0,-14,0,-14,-1,-14,-1,-14,-2,-14,-2,-15,-3,-15,-4,-16,-4,-16,-3,-16]"
CSI_DATA,17,1a:00:00:00:00:00,-67,11,0,0,0,0,0,0,0,0,0,-91,0,1,0,134322465,0,31,0,128,0,"[0,0,14,-6,13,-7,13,-8,11,-8,12,-7,13,-7,14,-7,12,-6,10,-6,10,-7,10,-8,9,-9,9,-9,9,-9,10,-9,10,-8,10,-8,10,-7,10,-7,10,-7,10,-6,9,-6,10,-4,10,-4,9,-3,8,-2,0,0,0,0,0,0,0,0,0,0,0,0,0,0,0,0,0,0,0,0,0,0,9,-7,10,-7,10,-6,11,-6,11,-6,12,-5,13,-5,13,-4,13,-3,13,-3,12,-3,11,-3,12,-3,11,-3,11,-4,11,-4,11,-5,11,-5,12,-5,12,-5,12,-7,12,-7,12,-6,12,-7,12,-8,13,-9]"
CSI_DATA,18,1a:00:00:00:00:00,-67,11,0,0,0,0,0,0,0,0,0,-91,0,1,0,134523605,0,31,0,128,0,"[0,0,-17,-4,-16,-4,-16,-4,-15,-4,-14,-4,-14,-4,-14,-3,-14,-2,-14,-1,-13,-2,-13,-2,-13,-2,-12,-2,-11,-1,-11,0,-12,0,-13,-1,-13,-2,-13,-2,-13,-1,-12,-1,-10,-1,-10,-4,-11,-6,-10,-4,-9,-3,0,0,0,0,0,0,0,0,0,0,0,0,0,0,0,0,0,0,0,0,0,0,-12,-3,-12,-3,-13,-4,-13,-5,-13,-5,-13,-6,-13,-7,-13,-7,-13,-7,-12,-7,-12,-7,-12,-7,-12,-7,-12,-6,-12,-6,-12,-6,-13,-5,-13,-5,-14,-4,-14,-4,-14,-4,-14,-4,-15,-4,-14,-3,-14,-3,-15,-3]"
CSI_DATA,19,1a:00:00:00:00:00,-66,11,0,0,0,0,0,0,0,0,0,-91,0,1,0,134725656,0,31,0,128,0,"[0,0,15,6,13,5,14,4,15,4,14,5,13,5,14,3,13,0,13,-1,11,1,9,3,11,1,13,-1,14,-1,14,0,12,0,11,-2,11,-3,13,-2,13,0,11,-1,11,0,10,2,9,2,9,2,10,3,0,0,0,0,0,0,0,0,0,0,0,0,0,0,0,0,0,0,0,0,0,0,8,8,7,9,7,9,7,10,7,10,7,11,7,11,6,12,6,11,6,11,6,11,6,11,6,10,7,10,7,10,7,9,9,9,10,9,10,9,9,10,9,9,12,7,14,6,14,6,14,8,14,9]"
CSI_DATA,20,1a:00:00:00:00:00,-66,11,0,0,0,0,0,0,0,0,0,-91,0,1,0,134925954,0,31,0,128,0,"[0,0,0,-19,-1,-17,-2,-16,-2,-14,-1,-14,0,-15,-1,-14,-2,-14,-3,-13,-2,-12,-2,-12,-1,-12,-1,-12,-4,-12,-6,-13,-5,-12,-4,-12,-3,-13,-2,-14,-1,-13,-2,-11,-2,-11,-2,-12,0,-12,0,-11,0,-10,0,0,0,0,0,0,0,0,0,0,0,0,0,0,0,0,0,0,0,0,0,0,1,-12,1,-12,1,-12,2,-12,2,-12,3,-12,3,-12,4,-12,5,-12,4,-12,4,-12,5,-12,5,-12,3,-12,3,-13,3,-13,2,-13,1,-14,2,-12,1,-12,1,-13,0,-13,-1,-13,-2,-15,-2,-17,-1,-18]"
[0;32mI (134959) ftm_responder: Counter = 135[0m
CSI_DATA,21,1a:00:00:00:00:00,-66,11,0,0,0,0,0,0,0,0,0,-91,0,1,0,134985991,0,42,0,128,0,"[0,0,-9,15,-9,13,-10,13,-9,12,-8,12,-8,12,-7,12,-7,11,-7,11,-6,11,-6,11,-5,11,-4,12,-4,12,-5,12,-6,11,-5,10,-6,10,-6,10,-7,10,-8,10,-8,10,-8,9,-7,8,-6,8,-7,6,0,0,0,0,0,0,0,0,0,0,0,0,0,0,0,0,0,0,0,0,0,0,-7,10,-7,10,-8,10,-9,10,-10,10,-11,10,-11,9,-11,9,-12,9,-12,9,-12,9,-11,9,-11,8,-11,8,-11,8,-10,9,-10,9,-10,10,-9,12,-9,12,-9,12,-9,12,-9,13,-9,14,-9,14,-8,14]"
CSI_DATA,22,1a:00:00:00:00:00,-67,11,0,0,0,0,0,0,0,0,0,-91,0,1,0,135053459,0,31,0,128,0,"[0,0,13,4,13,4,14,4,13,4,13,4,12,3,12,3,12,2,11,1,11,0,11,0,11,0,11,1,11,1,11,1,11,0,11,0,11,1,11,2,11,2,11,2,10,2,10,3,8,3,7,3,7,3,0,0,0,0,0,0,0,0,0,0,0,0,0,0,0,0,0,0,0,0,0,0,10,1,11,2,11,3,11,3,11,4,11,4,11,5,11,6,11,6,11,6,10,7,10,6,11,6,11,6,11,5,10,5,11,5,11,4,11,4,12,3,12,3,13,3,13,3,14,3,14,3,15,2]"
CSI_DATA,23,1a:00:00:00:00:00,-67,11,0,0,0,0,0,0,0,0,0,-91,0,1,0,135255582,0,31,0,128,0,"[0,0,-15,6,-15,5,-15,5,-15,5,-14,6,-13,6,-11,6,-11,6,-11,7,-11,6,-11,5,-11,6,-10,7,-10,8,-9,7,-9,7,-10,7,-11,7,-10,7,-10,6,-11,5,-10,5,-10,4,-9,4,-9,2,-9,1,0,0,0,0,0,0,0,0,0,0,0,0,0,0,0,0,0,0,0,0,0,0,-11,4,-12,4,-12,3,-13,3,-13,2,-14,2,-14,1,-14,1,-14,0,-15,0,-15,0,-14,0,-14,1,-13,1,-13,1,-13,1,-13,2,-13,3,-13,4,-13,5,-13,6,-14,6,-14,6,-14,6,-15,6,-15,6]"
CSI_DATA,24,1a:00:00:00:00:00,-67,11,0,0,0,0,0,0,0,0,0,-91,0,1,0,135455930,0,31,0,128,0,"[0,0,-2,12,-2,11,-1,13,0,13,0,12,-1,10,-2,9,-1,9,1,9,-1,9,-2,10,-3,9,-3,8,-1,8,0,9,0,10,-1,10,-2,10,-2,11,-3,11,-4,10,-4,10,-3,9,-3,7,-3,6,-3,6,0,0,0,0,0,0,0,0,0,0,0,0,0,0,0,0,0,0,0,0,0,0,0,10,-1,11,-1,11,-1,11,-2,11,-2,11,-3,11,-4,11,-5,11,-5,12,-5,12,-5,11,-4,12,-3,12,-3,13,-4,12,-5,12,-3,13,0,15,1,14,1,11,0,11,-2,15,-2,15,-1,13,-2,13]"
CSI_DATA,25,1a:00:00:00:00:00,-67,11,0,0,0,0,0,0,0,0,0,-91,0,1,0,135657014,0,31,0,128,0,"[0,0,-17,-1,-17,-1,-18,-2,-17,-1,-16,0,-15,0,-15,0,-14,-1,-14,0,-14,2,-13,3,-12,2,-12,1,-11,2,-11,1,-12,1,-12,1,-12,1,-13,1,-12,0,-11,-1,-11,-1,-12,-1,-12,-2,-11,-2,-10,-2,0,0,0,0,0,0,0,0,0,0,0,0,0,0,0,0,0,0,0,0,0,0,-12,1,-13,0,-13,-1,-13,-2,-14,-2,-14,-3,-14,-4,-14,-4,-14,-4,-14,-5,-14,-5,-14,-5,-13,-5,-13,-4,-13,-3,-12,-3,-13,-3,-14,-3,-15,-3,-14,-3,-14,-2,-15,-1,-16,0,-16,1,-16,0,-16,0]"
CSI_DATA,26,1a:00:00:00:00:00,-66,11,0,0,0,0,0,0,0,0,0,-91,0,1,0,135858174,0,31,0,128,0,"[0,0,8,13,8,13,7,13,7,13,7,12,7,11,8,10,8,9,8,9,8,10,8,9,8,9,8,9,8,8,8,8,8,8,8,8,8,8,8,9,7,9,6,9,6,9,6,9,5,9,4,9,3,9,0,0,0,0,0,0,0,0,0,0,0,0,0,0,0,0,0,0,0,0,0,0,5,10,5,11,6,11,5,12,5,12,4,13,3,13,3,13,2,13,2,13,2,13,2,13,2,13,2,13,2,13,3,12,4,12,5,12,6,12,7,11,8,11,8,12,8,13,8,14,9,14,9,14]"
[0;32mI (135959) ftm_responder: Counter = 136[0m
CSI_DATA,27,1a:00:00:00:00:00,-66,11,0,0,0,0,0,0,0,0,0,-91,0,1,0,136059601,0,31,0,128,0,"[0,0,8,-12,9,-12,9,-12,9,-11,8,-11,7,-10,7,-10,7,-11,6,-11,7,-12,6,-11,4,-11,3,-12,4,-12,5,-11,4,-11,4,-11,5,-11,5,-10,4,-11,5,-10,5,-10,5,-9,5,-9,6,-8,6,-8,0,0,0,0,0,0,0,0,0,0,0,0,0,0,0,0,0,0,0,0,0,0,8,-7,9,-7,9,-7,10,-7,10,-7,11,-7,12,-6,12,-6,12,-6,12,-5,12,-5,11,-5,11,-6,11,-6,11,-6,10,-6,9,-7,10,-8,10,-8,9,-9,10,-10,10,-10,10,-10,10,-11,10,-11,10,-11]"
CSI_DATA,28,1a:00:00:00:00:00,-66,11,0,0,0,0,0,0,0,0,0,-91,0,1,0,136260629,0,31,0,128,0,"[0,0,13,6,13,4,13,3,14,3,12,4,11,4,10,3,11,1,11,0,11,2,10,4,9,2,10,1,12,1,13,2,12,2,11,3,10,3,8,3,9,3,10,4,10,4,9,3,8,4,7,5,7,5,0,0,0,0,0,0,0,0,0,0,0,0,0,0,0,0,0,0,0,0,0,0,10,-1,11,-1,11,0,12,1,12,2,12,2,12,3,12,4,12,4,11,5,11,5,11,5,11,5,11,4,11,4,11,4,11,4,12,3,12,2,12,2,13,2,13,2,13,2,14,2,14,2,15,1]"
CSI_DATA,29,1a:00:00:00:00:00,-68,11,0,0,0,0,0,0,0,0,0,-91,0,1,0,136461836,0,31,0,128,0,"[0,0,0,15,1,15,3,14,5,12,5,11,4,11,4,11,4,10,4,9,2,10,2,10,4,11,5,13,5,11,5,10,4,9,4,9,4,10,4,10,3,9,3,10,3,11,3,12,1,11,0,9,0,8,0,0,0,0,0,0,0,0,0,0,0,0,0,0,0,0,0,0,0,0,0,0,4,10,3,10,3,11,2,11,2,12,1,13,1,13,1,13,0,13,-1,13,-1,13,-1,13,-1,12,0,11,1,11,1,11,0,11,0,10,1,10,2,10,2,11,2,13,4,14,6,14,6,14,4,13]"
CSI_DATA,30,1a:00:00:00:00:00,-67,11,0,0,0,0,0,0,0,0,0,-91,0,1,0,136521958,0,42,0,128,0,"[0,0,-3,-15,-3,-15,-2,-15,-3,-14,-3,-13,-3,-13,-3,-13,-4,-12,-4,-11,-5,-11,-5,-10,-5,-11,-6,-11,-6,-10,-6,-10,-6,-10,-6,-10,-6,-10,-6,-11,-5,-11,-4,-11,-4,-11,-3,-11,-3,-11,-3,-10,-3,-9,0,0,0,0,0,0,0,0,0,0,0,0,0,0,0,0,0,0,0,0,0,0,-3,-12,-2,-12,-1,-13,-1,-13,0,-14,0,-14,1,-14,1,-14,2,-14,2,-13,2,-13,2,-13,2,-13,2,-13,2,-13,1,-12,1,-12,0,-13,0,-13,-1,-14,-1,-14,-2,-14,-3,-15,-3,-15,-3,-15,-3,-15]"
CSI_DATA,31,1a:00:00:00:00:00,-68,11,0,0,0,0,0,0,0,0,0,-91,0,1,0,136592813,0,31,0,128,0,"[0,0,6,11,7,10,7,10,7,11,6,11,5,10,5,9,5,9,5,8,5,8,7,7,7,7,7,6,7,7,7,7,7,7,7,7,7,7,7,8,7,8,6,7,5,8,5,8,4,9,4,10,4,9,0,0,0,0,0,0,0,0,0,0,0,0,0,0,0,0,0,0,0,0,0,0,6,9,6,10,5,10,5,11,4,11,4,12,3,12,3,13,2,13,2,13,1,12,1,12,2,12,2,11,2,11,2,11,2,12,3,12,4,11,5,10,6,10,6,10,6,10,7,11,9,11,9,11]"
CSI_DATA,32,1a:00:00:00:00:00,-68,11,0,0,0,0,0,0,0,0,0,-91,0,1,0,136793270,0,31,0,128,0,"[0,0,14,1,13,2,12,2,12,2,12,1,11,0,11,-1,11,-1,11,-2,11,-2,12,-2,11,-3,10,-3,9,-3,10,-4,11,-4,11,-4,11,-3,10,-3,9,-2,9,-2,9,-2,9,-2,9,-1,8,-1,8,1,0,0,0,0,0,0,0,0,0,0,0,0,0,0,0,0,0,0,0,0,0,0,12,2,12,2,12,3,12,4,12,4,12,5,12,6,12,6,12,6,11,6,11,6,10,6,10,7,11,7,11,6,11,5,11,5,11,4,12,3,12,2,12,2,12,2,13,2,13,2,13,2,13,2]"
[0;32mI (136959) ftm_responder: Counter = 137[0m
CSI_DATA,33,1a:00:00:00:00:00,-68,11,0,0,0,0,0,0,0,0,0,-91,0,1,0,136997495,0,31,0,128,0,"[0,0,-11,-11,-11,-11,-11,-11,-11,-10,-11,-10,-10,-9,-10,-8,-10,-8,-10,-7,-11,-7,-11,-8,-10,-8,-10,-8,-9,-6,-9,-6,-10,-7,-11,-6,-12,-6,-12,-7,-11,-7,-9,-7,-8,-7,-8,-7,-8,-7,-8,-7,-8,-8,0,0,0,0,0,0,0,0,0,0,0,0,0,0,0,0,0,0,0,0,0,0,-9,-9,-9,-10,-9,-11,-9,-11,-9,-12,-8,-13,-8,-13,-7,-14,-7,-14,-7,-13,-6,-13,-6,-13,-6,-12,-6,-12,-6,-12,-6,-12,-7,-11,-8,-11,-9,-11,-9,-11,-10,-11,-10,-11,-11,-11,-11,-11,-11,-11,-10,-11]"
CSI_DATA,34,1a:00:00:00:00:00,-68,11,0,0,0,0,0,0,0,0,0,-91,0,1,0,137200029,0,31,0,128,0,"[0,0,0,-15,0,-15,0,-15,0,-14,0,-14,0,-14,0,-14,0,-13,-1,-13,-2,-12,-3,-12,-3,-11,-3,-11,-3,-11,-2,-12,-3,-12,-3,-12,-3,-12,-2,-11,-2,-11,-2,-11,0,-11,0,-12,1,-11,1,-10,1,-11,0,0,0,0,0,0,0,0,0,0,0,0,0,0,0,0,0,0,0,0,0,0,-1,-13,0,-13,1,-13,1,-13,1,-14,2,-14,3,-14,4,-13,4,-13,4,-13,4,-13,4,-13,4,-13,3,-13,3,-13,3,-13,3,-13,2,-12,1,-13,1,-14,1,-14,0,-14,0,-14,0,-15,0,-15,-1,-15]"
CSI_DATA,35,1a:00:00:00:00:00,-68,11,0,0,0,0,0,0,0,0,0,-91,0,1,0,137396835,0,31,0,128,0,"[0,0,-17,-2,-15,-3,-13,-4,-14,-3,-15,-2,-14,-1,-14,-3,-14,-4,-14,-2,-14,0,-13,1,-12,0,-11,0,-12,1,-12,2,-12,1,-13,1,-13,1,-13,0,-13,-1,-12,-1,-12,-1,-12,-1,-11,-2,-11,-3,-11,-3,0,0,0,0,0,0,0,0,0,0,0,0,0,0,0,0,0,0,0,0,0,0,-14,-2,-14,-3,-14,-4,-14,-5,-14,-6,-14,-6,-14,-7,-14,-8,-14,-8,-14,-8,-14,-8,-13,-8,-13,-7,-12,-7,-12,-7,-12,-6,-12,-6,-13,-7,-14,-6,-14,-5,-14,-6,-13,-5,-13,-3,-14,-2,-15,-3,-15,-3]"
CSI_DATA,36,1a:00:00:00:00:00,-68,11,0,0,0,0,0,0,0,0,0,-91,0,1,0,137597972,0,31,0,128,0,"[0,0,7,-13,7,-14,6,-13,4,-13,3,-12,3,-12,3,-12,3,-11,3,-11,3,-12,2,-12,2,-12,1,-11,0,-11,-1,-11,0,-12,1,-12,2,-12,2,-12,2,-12,2,-12,1,-11,1,-11,2,-10,3,-9,3,-9,0,0,0,0,0,0,0,0,0,0,0,0,0,0,0,0,0,0,0,0,0,0,5,-11,6,-11,7,-11,7,-11,8,-11,9,-11,9,-11,9,-10,9,-10,9,-10,9,-9,9,-9,9,-8,9,-9,8,-9,7,-9,7,-9,6,-10,6,-11,6,-12,5,-12,5,-12,5,-12,5,-13,6,-13,7,-12]"
