CSI_DATA,89,1a:00:00:00:00:00,-61,11,0,0,0,0,0,0,0,0,0,-92,0,1,0,0,0,0,0,0,0,0ESP-ROM:esp32s3-20210327
Build:Mar 27 2021
rst:0x15 (USB_UART_CHIP_RESET),boot:0x8 (SPI_FAST_FLASH_BOOT)
Saved PC:0x40048839
SPIWP:0xee
mode:DIO, clock div:1
load:0x3fce2810,len:0x15a0
load:0x403c8700,len:0x4
load:0x403c8704,len:0xd20
load:0x403cb700,len:0x2ee4
entry 0x403c8928
[0;32mI (26) boot: ESP-IDF v5.4-dirty 2nd stage bootloader[0m
[0;32mI (27) boot: compile time May  6 2025 13:26:06[0m
[0;32mI (27) boot: Multicore bootloader[0m
[0;32mI (27) boot: chip revision: v0.2[0m
[0;32mI (30) boot: efuse block revision: v1.3[0m
[0;32mI (34) boot.esp32s3: Boot SPI Speed : 80MHz[0m
[0;32mI (37) boot.esp32s3: SPI Mode       : DIO[0m
[0;32mI (41) boot.esp32s3: SPI Flash Size : 2MB[0m
[0;32mI (45) boot: Enabling RNG early entropy source...[0m
[0;32mI (49) boot: Partition Table:[0m
[0;32mI (52) boot: ## Label            Usage          Type ST Offset   Length[0m
[0;32mI (58) boot:  0 nvs              WiFi data        01 02 00009000 00006000[0m
[0;32mI (65) boot:  1 phy_init         RF data          01 01 0000f000 00001000[0m
[0;32mI (71) boot:  2 factory          factory app      00 00 00010000 00100000[0m
[0;32mI (78) boot: End of partition table[0m
[0;32mI (81) esp_image: segment 0: paddr=00010020 vaddr=3c080020 size=18f0ch (102156) map[0m
[0;32mI (107) esp_image: segment 1: paddr=00028f34 vaddr=3fc99a00 size=04a08h ( 18952) load[0m
[0;32mI (111) esp_image: segment 2: paddr=0002d944 vaddr=40374000 size=026d4h (  9940) load[0m
[0;32mI (114) esp_image: segment 3: paddr=00030020 vaddr=42000020 size=7ff4ch (524108) map[0m
[0;32mI (210) esp_image: segment 4: paddr=000aff74 vaddr=403766d4 size=13270h ( 78448) load[0m
[0;32mI (228) esp_image: segment 5: paddr=000c31ec vaddr=600fe100 size=0001ch (    28) load[0m
[0;32mI (237) boot: Loaded app from partition at offset 0x10000[0m
[0;32mI (237) boot: Disabling RNG early entropy source...[0m
[0;32mI (247) cpu_start: Multicore app[0m
[0;32mI (256) cpu_start: Pro cpu start user code[0m
[0;32mI (256) cpu_start: cpu freq: 160000000 Hz[0m
[0;32mI (256) app_init: Application information:[0m
[0;32mI (256) app_init: Project name:     responder[0m
[0;32mI (260) app_init: App version:      89f9f88-dirty[0m
[0;32mI (265) app_init: Compile time:     Jul 21 2025 20:52:32[0m
[0;32mI (270) app_init: ELF file SHA256:  2b702322b...[0m
[0;32mI (274) app_init: ESP-IDF:          v5.4-dirty[0m
[0;32mI (278) efuse_init: Min chip rev:     v0.0[0m
[0;32mI (282) efuse_init: Max chip rev:     v0.99 [0m
[0;32mI (286) efuse_init: Chip rev:         v0.2[0m
[0;32mI (290) heap_init: Initializing. RAM available for dynamic allocation:[0m
[0;32mI (296) heap_init: At 3FCA2020 len 000476F0 (285 KiB): RAM[0m
[0;32mI (301) heap_init: At 3FCE9710 len 00005724 (21 KiB): RAM[0m
[0;32mI (306) heap_init: At 3FCF0000 len 00008000 (32 KiB): DRAM[0m
[0;32mI (312) heap_init: At 600FE11C len 00001ECC (7 KiB): RTCRAM[0m
[0;32mI (318) spi_flash: detected chip: gd[0m
[0;32mI (320) spi_flash: flash io: dio[0m
[0;33mW (323) spi_flash: Detected size(8192k) larger than the size in the binary image header(2048k). Using the size in the binary image header.[0m
[0;32mI (336) sleep_gpio: Configure to isolate all GPIO pins in sleep state[0m
[0;32mI (342) sleep_gpio: Enable automatic switching of GPIO sleep configuration[0m
[0;32mI (349) main_task: Started on CPU0[0m
[0;32mI (359) main_task: Calling app_main()[0m
[0;32mI (369) pp: pp rom version: e7ae62f[0m
[0;32mI (369) net80211: net80211 rom version: e7ae62f[0m
[0;32mI (389) wifi_init: rx ba win: 6[0m
[0;32mI (389) wifi_init: accept mbox: 6[0m
[0;32mI (389) wifi_init: tcpip mbox: 32[0m
[0;32mI (389) wifi_init: udp mbox: 6[0m
[0;32mI (389) wifi_init: tcp mbox: 6[0m
[0;32mI (399) wifi_init: tcp tx win: 5760[0m
[0;32mI (399) wifi_init: tcp rx win: 5760[0m
[0;32mI (399) wifi_init: tcp mss: 1440[0m
[0;32mI (409) wifi_init: WiFi IRAM OP enabled[0m
[0;32mI (409) wifi_init: WiFi RX IRAM OP enabled[0m
[0;32mI (409) phy_init: phy_version 680,a6008b2,Jun  4 2024,16:41:10[0m
[0;32mI (899) ftm_responder: Starting SoftAP with FTM Responder support, SSID - FTM, Password - ftmftmftm, Primary Channel - 1, Bandwidth - 20MHz[0m
[0;32mI (909) ftm_responder: FTM Responder is ready, waiting for FTM requests...[0m
[0;32mI (909) ftm_responder: Counter = 1[0m
[0;32mI (919) main_task: Returned from app_main()[0m
[0;32mI (1249) csi_recv: ================ CSI RECV ================[0m
type,id,mac,rssi,rate,sig_mode,mcs,bandwidth,smoothing,not_sounding,aggregation,stbc,fec_coding,sgi,noise_floor,ampdu_cnt,channel,secondary_channel,local_timestamp,ant,sig_len,rx_state,len,first_word,data
CSI_DATA,0,1a:00:00:00:00:00,-62,11,0,0,0,0,0,0,0,0,0,-96,0,1,0,1253497,0,42,0,128,0,"[0,0,12,-9,12,-9,12,-10,12,-9,12,-9,12,-9,12,-10,11,-10,10,-9,9,-10,11,-10,10,-10,9,-10,10,-10,10,-9,10,-9,10,-9,9,-8,10,-7,10,-7,9,-5,8,-5,8,-4,7,-4,6,-3,6,-3,0,0,0,0,0,0,0,0,0,0,0,0,0,0,0,0,0,0,0,0,0,0,10,-6,10,-6,11,-5,12,-5,12,-5,12,-4,13,-4,13,-4,13,-3,13,-3,13,-3,13,-2,12,-3,12,-3,12,-3,11,-4,11,-5,11,-5,12,-6,12,-7,12,-7,12,-7,11,-9,12,-8,11,-10,12,-9]"
CSI_DATA,1,1a:00:00:00:00:00,-63,11,0,0,0,0,0,0,0,0,0,-96,0,1,0,1320533,0,31,0,128,0,"[0,0,4,-14,3,-16,1,-13,5,-14,4,-14,4,-13,5,-13,4,-14,4,-14,3,-14,4,-16,3,-14,3,-15,0,-14,2,-14,3,-14,3,-13,3,-11,4,-13,6,-11,3,-10,4,-10,5,-10,4,-6,3,-7,4,-5,0,0,0,0,0,0,0,0,0,0,0,0,0,0,0,0,0,0,0,0,0,0,4,-11,5,-11,5,-11,7,-12,7,-12,8,-11,9,-11,9,-11,9,-10,9,-10,9,-10,9,-10,8,-10,8,-10,8,-10,7,-10,8,-10,7,-12,5,-12,6,-13,4,-13,6,-12,5,-13,4,-13,5,-14,5,-15]"
CSI_DATA,2,1a:00:00:00:00:00,-63,11,0,0,0,0,0,0,0,0,0,-96,0,1,0,1522224,0,31,0,128,0,"[0,0,-8,12,-7,12,-8,14,-6,13,-6,13,-8,13,-7,14,-7,12,-5,12,-5,12,-6,12,-5,13,-5,12,-7,13,-6,11,-6,11,-6,11,-7,11,-7,10,-6,9,-6,8,-6,7,-6,7,-6,6,-5,5,-5,4,0,0,0,0,0,0,0,0,0,0,0,0,0,0,0,0,0,0,0,0,0,0,-8,9,-8,9,-9,8,-10,9,-10,8,-11,9,-11,8,-11,8,-12,7,-11,7,-12,7,-11,7,-11,8,-12,8,-11,7,-10,7,-10,8,-9,8,-9,10,-10,10,-9,9,-7,11,-8,12,-7,11,-6,12,-8,12]"
CSI_DATA,3,1a:00:00:00:00:00,-63,11,0,0,0,0,0,0,0,0,0,-96,0,1,0,1723515,0,31,0,128,0,"[0,0,7,13,6,13,6,13,6,13,6,12,8,13,8,12,7,12,5,12,5,12,7,11,7,10,5,10,7,11,6,11,5,11,5,11,4,11,6,11,3,11,4,10,1,7,2,7,1,7,1,8,0,5,0,0,0,0,0,0,0,0,0,0,0,0,0,0,0,0,0,0,0,0,0,0,4,10,4,11,3,11,3,12,3,12,2,13,1,13,1,13,1,13,0,13,0,13,0,12,0,12,0,12,1,12,1,12,1,12,3,11,3,12,3,12,4,12,4,12,5,13,6,12,6,13,7,13]"
[0;32mI (1919) ftm_responder: Counter = 2[0m
CSI_DATA,4,1a:00:00:00:00:00,-62,11,0,0,0,0,0,0,0,0,0,-96,0,1,0,1923618,0,31,0,128,0,"[0,0,3,-15,2,-15,1,-16,3,-14,2,-17,2,-15,3,-14,3,-15,2,-13,2,-16,1,-13,2,-12,1,-13,2,-14,1,-14,2,-13,2,-14,2,-14,2,-13,3,-10,2,-10,2,-10,4,-6,3,-9,2,-6,2,-6,0,0,0,0,0,0,0,0,0,0,0,0,0,0,0,0,0,0,0,0,0,0,2,-11,3,-13,3,-13,4,-13,5,-12,6,-12,6,-13,7,-13,7,-12,7,-12,7,-11,8,-11,7,-11,7,-11,7,-12,5,-11,5,-12,5,-12,5,-12,4,-13,3,-13,3,-14,3,-14,3,-14,2,-14,2,-16]"
CSI_DATA,5,1a:00:00:00:00:00,-62,11,0,0,0,0,0,0,0,0,0,-96,0,1,0,2124769,0,31,0,128,0,"[0,0,-2,-15,-2,-15,-1,-15,-3,-15,-1,-15,-2,-14,-2,-15,-2,-15,-2,-15,-2,-14,-3,-14,-2,-14,-2,-13,-2,-14,-3,-13,-1,-13,-1,-13,-1,-13,-1,-13,0,-11,0,-11,1,-10,1,-10,1,-8,1,-8,1,-7,0,0,0,0,0,0,0,0,0,0,0,0,0,0,0,0,0,0,0,0,0,0,0,-12,1,-12,2,-13,2,-12,2,-13,3,-13,4,-13,4,-13,4,-13,5,-13,5,-12,4,-12,4,-12,4,-12,3,-11,3,-12,2,-12,2,-12,2,-13,1,-12,0,-14,0,-14,0,-14,-1,-15,-1,-14,-2,-15]"
CSI_DATA,6,1a:00:00:00:00:00,-63,11,0,0,0,0,0,0,0,0,0,-95,0,1,0,2326138,0,31,0,128,0,"[0,0,11,9,10,10,12,10,11,9,12,9,11,8,11,8,11,9,11,8,12,8,11,8,10,8,11,7,10,8,11,9,10,8,10,8,9,8,9,8,8,9,6,8,6,8,5,7,5,7,4,7,4,6,0,0,0,0,0,0,0,0,0,0,0,0,0,0,0,0,0,0,0,0,0,0,8,8,8,8,8,9,8,9,7,10,7,11,7,11,6,11,7,12,6,12,6,12,5,12,5,11,6,11,6,11,6,10,6,10,8,10,8,9,9,9,8,9,10,9,10,9,11,9,10,9,11,8]"
CSI_DATA,7,1a:00:00:00:00:00,-63,11,0,0,0,0,0,0,0,0,0,-95,0,1,0,2527568,0,31,0,128,0,"[0,0,-11,10,-12,11,-11,10,-11,11,-10,11,-11,11,-10,10,-10,10,-9,10,-10,10,-9,10,-9,10,-10,10,-9,10,-9,10,-9,9,-10,9,-10,8,-9,7,-9,7,-9,6,-9,5,-9,5,-8,4,-7,4,-7,4,0,0,0,0,0,0,0,0,0,0,0,0,0,0,0,0,0,0,0,0,0,0,-9,7,-10,7,-10,7,-11,7,-12,7,-12,6,-13,6,-13,5,-13,5,-13,5,-13,4,-12,4,-12,4,-12,5,-12,5,-11,6,-11,6,-10,6,-11,7,-10,7,-11,8,-11,9,-10,10,-10,9,-10,10,-11,10]"
CSI_DATA,8,1a:00:00:00:00:00,-63,11,0,0,0,0,0,0,0,0,0,-95,0,1,0,2728456,0,31,0,128,0,"[0,0,14,-5,14,-6,14,-6,14,-6,13,-6,13,-6,12,-7,13,-6,13,-6,12,-6,13,-6,12,-6,13,-7,12,-6,12,-5,12,-6,12,-5,12,-5,11,-4,11,-3,10,-2,10,-2,9,-1,8,-1,8,-2,7,-1,0,0,0,0,0,0,0,0,0,0,0,0,0,0,0,0,0,0,0,0,0,0,11,-3,11,-3,12,-3,12,-2,12,-2,13,0,14,0,13,0,13,1,13,1,13,1,12,1,13,1,12,1,12,0,12,-1,11,-1,12,-2,12,-2,12,-3,12,-3,12,-4,13,-5,13,-5,13,-5,14,-6]"
CSI_DATA,9,1a:00:00:00:00:00,-62,11,0,0,0,0,0,0,0,0,0,-95,0,1,0,2789239,0,42,0,128,0,"[0,0,12,-9,13,-11,10,-12,12,-10,11,-10,11,-10,12,-10,11,-10,12,-10,10,-11,11,-11,10,-10,10,-10,10,-10,10,-9,9,-10,11,-9,11,-7,10,-7,10,-6,10,-5,9,-5,8,-5,7,-3,7,-3,7,-3,0,0,0,0,0,0,0,0,0,0,0,0,0,0,0,0,0,0,0,0,0,0,9,-7,10,-7,10,-6,12,-6,12,-6,13,-5,13,-5,12,-4,13,-4,13,-4,14,-3,13,-3,12,-3,12,-3,11,-4,11,-5,12,-5,12,-6,11,-6,11,-7,12,-7,12,-8,11,-8,12,-9,12,-10,12,-10]"
CSI_DATA,10,1a:00:00:00:00:00,-63,11,0,0,0,0,0,0,0,0,0,-95,0,1,0,2858424,0,31,0,128,0,"[0,0,14,5,13,5,13,5,11,4,14,4,13,4,13,5,13,5,14,4,13,4,13,3,13,4,13,3,13,3,12,3,13,4,12,5,11,5,11,5,11,4,9,5,8,4,7,4,6,4,6,4,6,3,0,0,0,0,0,0,0,0,0,0,0,0,0,0,0,0,0,0,0,0,0,0,9,6,10,6,9,7,9,8,9,8,10,9,9,10,9,10,9,10,8,9,8,10,7,9,8,9,8,9,9,8,8,8,9,7,9,8,9,6,9,7,11,5,11,6,10,3,12,5,12,4,13,6]"
[0;32mI (2919) ftm_responder: Counter = 3[0m
CSI_DATA,11,1a:00:00:00:00:00,-63,11,0,0,0,0,0,0,0,0,0,-95,0,1,0,3059492,0,31,0,128,0,"[0,0,14,-4,15,-5,13,-6,15,-4,14,-6,12,-4,14,-5,14,-6,13,-4,14,-6,13,-6,13,-6,12,-3,13,-6,12,-5,13,-5,12,-5,11,-4,11,-4,11,-2,10,-2,8,-1,9,0,8,-1,8,0,5,0,0,0,0,0,0,0,0,0,0,0,0,0,0,0,0,0,0,0,0,0,0,0,11,-2,11,-2,12,-1,13,-1,12,0,14,0,13,1,13,2,13,2,13,3,12,3,12,3,12,2,12,1,12,1,12,0,12,0,12,-1,12,-1,13,-2,12,-2,12,-3,13,-3,13,-3,13,-4,14,-5]"
CSI_DATA,12,1a:00:00:00:00:00,-63,11,0,0,0,0,0,0,0,0,0,-95,0,1,0,3262050,0,31,0,128,0,"[0,0,-2,14,-1,16,1,16,-2,15,-1,13,0,14,0,15,-1,14,-1,14,1,14,1,13,0,14,-1,11,0,13,1,13,1,13,0,12,-1,13,-2,11,0,11,-3,10,-2,10,-4,9,-3,8,-2,7,-2,7,0,0,0,0,0,0,0,0,0,0,0,0,0,0,0,0,0,0,0,0,0,0,-3,11,-4,11,-4,12,-5,12,-6,12,-6,12,-7,12,-7,13,-7,11,-8,11,-8,11,-6,11,-7,10,-7,12,-7,11,-5,10,-6,11,-4,10,-5,12,-5,12,-5,11,-2,12,-4,12,-1,13,-3,14,-2,14]"
CSI_DATA,13,1a:00:00:00:00:00,-63,11,0,0,0,0,0,0,0,0,0,-95,0,1,0,3462034,0,31,0,128,0,"[0,0,14,4,15,3,14,3,13,4,14,1,14,4,14,3,13,2,13,3,14,2,13,2,14,2,13,2,11,4,13,2,12,2,11,3,13,2,11,3,11,3,10,4,8,4,7,4,8,4,7,3,7,2,0,0,0,0,0,0,0,0,0,0,0,0,0,0,0,0,0,0,0,0,0,0,11,3,11,4,11,5,11,6,11,6,11,7,11,7,11,8,10,9,10,8,10,8,9,8,9,7,9,7,9,7,10,6,9,6,10,5,11,5,11,5,11,5,12,4,12,3,13,4,14,2,13,4]"
CSI_DATA,14,1a:00:00:00:00:00,-63,11,0,0,0,0,0,0,0,0,0,-95,0,1,0,3663101,0,31,0,128,0,"[0,0,9,10,9,12,10,10,10,10,10,11,9,9,9,8,9,9,9,11,9,10,8,8,10,9,8,7,8,6,8,9,8,9,9,9,6,9,9,10,7,10,6,9,6,8,5,7,3,8,3,6,4,6,0,0,0,0,0,0,0,0,0,0,0,0,0,0,0,0,0,0,0,0,0,0,7,9,6,10,6,11,5,11,5,12,4,12,4,13,4,13,4,13,3,13,3,13,3,12,3,12,3,11,4,10,4,12,4,11,5,10,5,11,6,11,6,10,7,10,8,11,8,10,8,10,9,11]"
CSI_DATA,15,1a:00:00:00:00:00,-63,11,0,0,0,0,0,0,0,0,0,-95,0,1,0,3864255,0,31,0,128,0,"[0,0,5,13,4,12,5,13,5,13,5,13,5,12,6,12,6,12,7,12,6,11,7,12,5,11,5,11,5,11,5,10,6,12,4,11,4,12,4,11,4,10,3,10,2,9,2,8,1,8,1,8,1,7,0,0,0,0,0,0,0,0,0,0,0,0,0,0,0,0,0,0,0,0,0,0,2,10,2,11,2,11,1,12,1,12,0,13,0,13,-1,13,-1,13,-1,12,-2,12,-2,12,-1,11,-1,11,-1,12,0,11,1,12,1,11,2,12,2,11,2,11,3,11,4,12,4,12,5,12,5,13]"
[0;32mI (3919) ftm_responder: Counter = 4[0m
CSI_DATA,16,1a:00:00:00:00:00,-63,11,0,0,0,0,0,0,0,0,0,-95,0,1,0,4065417,0,31,0,128,0,"[0,0,-9,12,-9,12,-8,11,-8,12,-9,13,-8,11,-8,11,-9,11,-7,12,-7,12,-8,11,-7,11,-7,12,-7,11,-7,11,-7,10,-8,10,-8,10,-8,9,-8,8,-8,7,-8,7,-8,6,-7,5,-7,5,-6,5,0,0,0,0,0,0,0,0,0,0,0,0,0,0,0,0,0,0,0,0,0,0,-7,9,-8,9,-9,8,-9,8,-10,8,-11,8,-11,8,-11,8,-11,7,-12,7,-12,7,-11,6,-11,6,-11,6,-10,6,-10,7,-10,7,-9,8,-9,8,-10,9,-9,9,-9,10,-8,11,-9,11,-8,11,-8,11]"
CSI_DATA,17,1a:00:00:00:00:00,-63,11,0,0,0,0,0,0,0,0,0,-95,0,1,0,4266627,0,31,0,128,0,"[0,0,12,-12,9,-10,10,-11,11,-12,10,-12,9,-12,10,-12,10,-11,10,-11,9,-11,8,-11,8,-11,8,-10,9,-12,9,-10,9,-10,8,-10,8,-8,10,-8,10,-8,8,-7,7,-5,8,-6,6,-5,7,-4,7,-5,0,0,0,0,0,0,0,0,0,0,0,0,0,0,0,0,0,0,0,0,0,0,8,-8,9,-8,9,-8,9,-8,10,-8,11,-7,11,-6,12,-6,12,-6,12,-6,12,-5,11,-4,11,-4,11,-6,11,-6,11,-6,9,-6,10,-7,10,-8,10,-8,10,-7,11,-8,9,-10,10,-9,8,-11,9,-11]"
CSI_DATA,18,1a:00:00:00:00:00,-62,11,0,0,0,0,0,0,0,0,0,-95,0,1,0,4327383,0,42,0,128,0,"[0,0,10,9,11,9,10,11,11,8,10,8,10,9,11,9,11,9,10,9,10,7,10,7,11,8,9,8,11,8,10,8,9,8,10,8,9,7,8,8,7,7,7,8,6,8,5,7,5,6,4,6,5,6,0,0,0,0,0,0,0,0,0,0,0,0,0,0,0,0,0,0,0,0,0,0,7,8,7,9,6,9,6,10,6,10,6,11,5,11,5,11,5,12,4,11,4,11,4,11,5,10,5,10,5,10,5,10,6,10,6,9,7,9,7,9,7,9,8,9,8,9,9,8,10,8,10,9]"
CSI_DATA,19,1a:00:00:00:00:00,-63,11,0,0,0,0,0,0,0,0,0,-95,0,1,0,4392410,0,31,0,128,0,"[0,0,-6,-14,-10,-12,-8,-15,-7,-13,-8,-14,-6,-12,-7,-13,-8,-13,-8,-14,-10,-14,-8,-12,-9,-12,-9,-12,-9,-12,-7,-12,-6,-13,-6,-12,-7,-12,-5,-13,-4,-11,-3,-11,-4,-10,-3,-9,-3,-9,-2,-8,-2,-6,0,0,0,0,0,0,0,0,0,0,0,0,0,0,0,0,0,0,0,0,0,0,-7,-10,-7,-10,-6,-11,-5,-12,-5,-12,-5,-14,-4,-14,-4,-14,-3,-14,-3,-13,-3,-13,-2,-13,-3,-13,-2,-12,-4,-13,-4,-12,-3,-12,-3,-12,-6,-12,-5,-13,-5,-13,-7,-13,-7,-11,-9,-10,-7,-13,-8,-14]"
CSI_DATA,20,1a:00:00:00:00:00,-62,11,0,0,0,0,0,0,0,0,0,-94,0,1,0,4593679,0,31,0,128,0,"[0,0,14,4,13,3,14,3,14,3,14,3,14,3,14,3,14,2,14,2,13,2,13,2,13,2,13,1,13,2,13,2,13,2,12,3,11,4,11,3,11,4,10,4,9,4,8,4,7,3,8,3,7,3,0,0,0,0,0,0,0,0,0,0,0,0,0,0,0,0,0,0,0,0,0,0,10,4,10,4,10,5,11,5,10,6,10,7,10,8,10,8,10,8,9,8,9,8,9,8,9,7,9,7,10,7,10,7,10,6,10,5,11,5,11,5,12,4,12,4,12,4,13,4,13,3,14,4]"
CSI_DATA,21,1a:00:00:00:00:00,-62,11,0,0,0,0,0,0,0,0,0,-94,0,1,0,4796718,0,31,0,128,0,"[0,0,10,10,10,10,10,10,10,10,10,9,11,9,10,9,11,10,11,8,8,8,10,9,11,8,12,7,10,9,10,8,9,8,9,9,8,8,6,10,7,7,7,7,4,9,6,7,4,7,4,6,3,8,0,0,0,0,0,0,0,0,0,0,0,0,0,0,0,0,0,0,0,0,0,0,7,8,6,9,7,9,6,10,6,10,6,11,5,12,5,12,4,12,4,12,4,12,4,11,4,11,4,11,5,11,5,11,5,11,6,10,6,10,7,10,8,9,8,9,9,9,9,9,10,9,10,9]"
[0;32mI (4919) ftm_responder: Counter = 5[0m
CSI_DATA,22,1a:00:00:00:00:00,-62,11,0,0,0,0,0,0,0,0,0,-94,0,1,0,4995965,0,31,0,128,0,"[0,0,-14,-7,-14,-6,-14,-8,-15,-7,-13,-6,-13,-6,-14,-6,-13,-5,-14,-5,-13,-5,-12,-5,-14,-4,-12,-5,-12,-5,-12,-6,-12,-6,-12,-5,-12,-7,-11,-4,-9,-7,-8,-5,-11,-5,-9,-6,-7,-4,-8,-5,-6,-5,0,0,0,0,0,0,0,0,0,0,0,0,0,0,0,0,0,0,0,0,0,0,-10,-6,-10,-7,-10,-7,-11,-8,-10,-8,-10,-9,-9,-10,-10,-10,-9,-10,-9,-10,-9,-11,-9,-10,-9,-10,-9,-9,-9,-9,-9,-9,-10,-8,-10,-8,-11,-8,-11,-7,-11,-8,-12,-7,-12,-7,-13,-7,-13,-6,-13,-7]"
CSI_DATA,23,1a:00:00:00:00:00,-62,11,0,0,0,0,0,0,0,0,0,-94,0,1,0,5197112,0,31,0,128,0,"[0,0,2,15,2,15,1,15,3,15,3,14,3,16,2,14,3,14,3,14,3,14,3,13,3,13,2,14,2,13,2,13,2,12,2,13,2,12,1,12,0,12,0,11,-1,10,-1,10,-1,9,-1,8,-1,8,0,0,0,0,0,0,0,0,0,0,0,0,0,0,0,0,0,0,0,0,0,0,1,11,1,11,0,12,-1,12,-1,12,-2,13,-2,13,-2,13,-3,13,-4,13,-4,13,-4,13,-4,12,-3,12,-3,12,-2,13,-1,12,-1,13,0,12,0,13,0,12,1,13,1,15,2,15,1,14,2,14]"
CSI_DATA,24,1a:00:00:00:00:00,-62,11,0,0,0,0,0,0,0,0,0,-94,0,1,0,5398366,0,31,0,128,0,"[0,0,-12,-11,-13,-11,-13,-11,-12,-11,-12,-11,-13,-12,-12,-10,-12,-10,-12,-10,-12,-9,-12,-10,-12,-9,-12,-9,-12,-9,-11,-10,-12,-10,-10,-9,-10,-9,-10,-10,-9,-9,-8,-8,-7,-9,-6,-8,-6,-8,-5,-8,-5,-7,0,0,0,0,0,0,0,0,0,0,0,0,0,0,0,0,0,0,0,0,0,0,-9,-8,-9,-9,-9,-9,-9,-10,-8,-10,-9,-12,-8,-12,-8,-12,-7,-13,-7,-12,-6,-13,-6,-13,-7,-12,-7,-12,-7,-12,-7,-11,-8,-12,-8,-11,-9,-11,-9,-10,-9,-10,-10,-10,-10,-10,-11,-11,-12,-10,-12,-11]"
CSI_DATA,25,1a:00:00:00:00:00,-62,11,0,0,0,0,0,0,0,0,0,-94,0,1,0,5599504,0,31,0,128,0,"[0,0,1,-14,0,-15,1,-15,1,-16,0,-15,0,-15,0,-15,0,-14,0,-15,-1,-14,-1,-15,-1,-15,-1,-14,-1,-14,0,-14,0,-14,0,-13,1,-13,1,-12,2,-12,1,-11,2,-10,3,-10,2,-9,1,-9,2,-8,0,0,0,0,0,0,0,0,0,0,0,0,0,0,0,0,0,0,0,0,0,0,0,-11,1,-12,1,-12,2,-12,3,-13,3,-13,4,-13,4,-13,4,-13,5,-12,5,-12,5,-12,5,-12,5,-12,5,-12,5,-12,3,-12,3,-12,1,-13,1,-13,1,-13,1,-14,1,-14,1,-14,0,-15,0,-15]"
CSI_DATA,26,1a:00:00:00:00:00,-62,11,0,0,0,0,0,0,0,0,0,-94,0,1,0,5800827,0,31,0,128,0,"[0,0,14,-6,15,-7,13,-6,15,-6,14,-6,14,-6,14,-6,13,-7,12,-6,13,-7,13,-7,12,-6,12,-6,12,-6,12,-6,11,-6,11,-5,11,-6,12,-4,11,-3,11,-4,9,-4,9,-2,8,-2,8,-2,7,-1,0,0,0,0,0,0,0,0,0,0,0,0,0,0,0,0,0,0,0,0,0,0,10,-3,10,-3,11,-3,12,-2,13,-2,13,-1,13,0,13,0,13,0,13,1,13,1,12,1,12,1,12,0,12,0,12,-1,11,-1,12,-2,13,-2,13,-3,12,-4,12,-4,14,-4,14,-5,14,-6,14,-5]"
CSI_DATA,27,1a:00:00:00:00:00,-62,11,0,0,0,0,0,0,0,0,0,-94,0,1,0,5861774,0,42,0,128,0,"[0,0,14,6,14,5,13,6,13,6,14,6,14,6,13,6,13,5,13,6,13,6,12,5,13,5,12,5,12,5,12,5,12,5,12,6,11,5,10,6,10,6,8,6,7,6,7,6,6,5,6,5,5,4,0,0,0,0,0,0,0,0,0,0,0,0,0,0,0,0,0,0,0,0,0,0,9,4,10,5,10,5,10,6,10,6,10,7,10,8,10,9,9,9,9,9,8,9,9,9,8,9,9,8,9,8,9,8,10,7,11,7,11,7,10,7,11,5,12,5,12,7,13,6,13,6,14,5]"
[0;32mI (5919) ftm_responder: Counter = 6[0m
CSI_DATA,28,1a:00:00:00:00:00,-62,11,0,0,0,0,0,0,0,0,0,-94,0,1,0,5929135,0,31,0,128,0,"[0,0,3,-15,1,-16,3,-13,3,-16,3,-16,3,-16,2,-15,2,-14,3,-14,1,-14,2,-14,2,-15,2,-12,2,-14,1,-13,0,-13,2,-13,2,-13,5,-12,3,-12,4,-10,3,-10,3,-8,3,-9,2,-8,3,-8,0,0,0,0,0,0,0,0,0,0,0,0,0,0,0,0,0,0,0,0,0,0,2,-11,3,-11,3,-11,5,-12,5,-12,5,-12,6,-12,6,-12,7,-12,7,-11,7,-11,7,-10,7,-11,6,-11,6,-11,5,-11,5,-11,4,-13,5,-12,3,-13,3,-12,2,-13,3,-14,3,-14,2,-15,3,-15]"
CSI_DATA,29,1a:00:00:00:00:00,-62,11,0,0,0,0,0,0,0,0,0,-94,0,1,0,6130210,0,31,0,128,0,"[0,0,15,2,15,2,14,1,15,1,14,1,15,1,14,1,14,0,14,0,14,0,14,0,13,-1,14,-1,13,-1,13,0,13,0,12,0,13,1,12,2,11,2,10,2,9,2,9,1,8,2,8,2,7,2,0,0,0,0,0,0,0,0,0,0,0,0,0,0,0,0,0,0,0,0,0,0,10,2,11,2,11,3,11,3,12,4,12,5,12,5,12,6,11,6,11,6,11,7,11,7,11,6,11,6,11,5,11,5,11,4,12,4,12,3,12,3,13,3,13,2,14,2,14,1,14,1,15,1]"
CSI_DATA,30,1a:00:00:00:00:00,-62,11,0,0,0,0,0,0,0,0,0,-94,0,1,0,6332760,0,31,0,128,0,"[0,0,-11,-10,-11,-12,-11,-11,-12,-10,-11,-10,-11,-10,-11,-11,-10,-10,-12,-10,-12,-10,-11,-10,-12,-10,-11,-7,-12,-9,-9,-9,-10,-8,-10,-10,-10,-9,-10,-8,-10,-8,-6,-9,-7,-8,-6,-8,-6,-8,-7,-6,-4,-7,0,0,0,0,0,0,0,0,0,0,0,0,0,0,0,0,0,0,0,0,0,0,-7,-9,-8,-10,-7,-10,-8,-11,-7,-11,-7,-13,-6,-13,-6,-13,-6,-13,-5,-13,-5,-13,-5,-13,-5,-12,-5,-12,-6,-12,-6,-11,-7,-11,-7,-11,-7,-11,-8,-11,-9,-11,-9,-11,-9,-11,-11,-11,-10,-11,-11,-12]"
CSI_DATA,31,1a:00:00:00:00:00,-62,11,0,0,0,0,0,0,0,0,0,-94,0,1,0,6532602,0,31,0,128,0,"[0,0,-15,-2,-16,-2,-16,-2,-16,-1,-16,-2,-16,-1,-15,-1,-15,-1,-16,0,-14,-2,-15,0,-11,-2,-15,2,-15,1,-14,1,-13,0,-12,-1,-14,-1,-12,0,-13,-2,-11,-2,-12,-3,-7,-4,-9,-3,-6,-4,-10,-3,0,0,0,0,0,0,0,0,0,0,0,0,0,0,0,0,0,0,0,0,0,0,-11,-2,-12,-4,-12,-4,-13,-4,-13,-4,-13,-6,-13,-7,-12,-7,-13,-7,-12,-7,-12,-8,-12,-8,-12,-7,-12,-6,-12,-7,-12,-6,-13,-6,-13,-5,-13,-5,-13,-4,-13,-4,-14,-3,-14,-3,-15,-2,-16,-1,-16,-2]"
CSI_DATA,32,1a:00:00:00:00:00,-63,11,0,0,0,0,0,0,0,0,0,-94,0,1,0,6733751,0,31,0,128,0,"[0,0,6,-13,6,-14,6,-14,6,-13,5,-13,5,-14,6,-13,5,-13,4,-13,4,-12,5,-13,4,-13,4,-14,4,-13,4,-12,4,-12,4,-12,5,-11,5,-11,5,-10,5,-9,5,-9,5,-8,5,-8,5,-7,4,-6,0,0,0,0,0,0,0,0,0,0,0,0,0,0,0,0,0,0,0,0,0,0,4,-11,5,-11,6,-11,6,-11,7,-11,7,-11,8,-11,9,-11,9,-10,8,-9,9,-10,9,-10,9,-9,8,-9,9,-10,8,-9,7,-10,7,-10,7,-11,6,-11,6,-11,6,-12,6,-13,6,-13,6,-13,6,-14]"
[0;32mI (6919) ftm_responder: Counter = 7[0m
CSI_DATA,33,1a:00:00:00:00:00,-62,11,0,0,0,0,0,0,0,0,0,-94,0,1,0,6935148,0,31,0,128,0,"[0,0,14,5,14,5,13,4,14,5,13,3,13,4,13,4,13,4,12,4,12,3,11,3,13,2,12,3,13,3,12,4,12,4,12,3,11,4,11,4,9,5,9,4,8,4,7,5,6,4,6,4,6,3,0,0,0,0,0,0,0,0,0,0,0,0,0,0,0,0,0,0,0,0,0,0,10,3,10,4,11,4,11,5,11,5,11,7,11,7,10,8,10,8,10,8,10,9,9,8,9,8,10,8,10,7,10,7,11,7,10,6,11,6,11,5,11,6,11,5,12,5,13,3,13,3,12,4]"
CSI_DATA,34,1a:00:00:00:00:00,-63,11,0,0,0,0,0,0,0,0,0,-94,0,1,0,7136205,0,31,0,128,0,"[0,0,14,-5,13,-5,14,-6,14,-6,14,-6,13,-5,13,-6,13,-6,13,-5,12,-6,12,-6,12,-7,12,-6,12,-6,11,-6,12,-5,12,-5,12,-4,12,-4,11,-3,10,-2,9,-2,9,-1,9,-1,8,-2,8,-2,0,0,0,0,0,0,0,0,0,0,0,0,0,0,0,0,0,0,0,0,0,0,10,-4,11,-4,12,-4,12,-3,12,-3,13,-2,13,-1,13,-1,13,0,13,0,13,0,13,1,13,0,12,-1,13,-1,11,-1,12,-2,12,-3,13,-2,13,-3,13,-3,13,-3,13,-4,13,-5,14,-4,14,-5]"
CSI_DATA,35,1a:00:00:00:00:00,-62,11,0,0,0,0,0,0,0,0,0,-94,0,1,0,7337419,0,31,0,128,0,"[0,0,3,-14,1,-16,2,-16,2,-15,2,-16,2,-15,1,-15,1,-16,1,-15,0,-13,1,-15,0,-15,1,-15,1,-15,1,-13,1,-14,1,-13,2,-13,1,-12,2,-11,3,-11,4,-10,2,-8,3,-9,3,-9,4,-8,0,0,0,0,0,0,0,0,0,0,0,0,0,0,0,0,0,0,0,0,0,0,1,-11,2,-12,3,-12,3,-12,3,-12,4,-13,5,-12,5,-12,6,-12,6,-11,6,-12,6,-11,6,-11,6,-11,5,-12,4,-11,4,-12,3,-12,5,-12,3,-12,3,-13,4,-13,2,-13,2,-14,3,-13,2,-15]"
CSI_DATA,36,1a:00:00:00:00:00,-62,11,0,0,0,0,0,0,0,0,0,-94,0,1,0,7398202,0,42,0,128,0,"[0,0,-13,-8,-14,-7,-14,-7,-14,-8,-14,-8,-13,-7,-13,-7,-14,-7,-14,-7,-13,-6,-13,-7,-13,-6,-13,-6,-13,-6,-13,-6,-12,-6,-12,-7,-12,-7,-11,-8,-11,-7,-10,-8,-9,-7,-8,-7,-7,-7,-7,-6,-7,-6,0,0,0,0,0,0,0,0,0,0,0,0,0,0,0,0,0,0,0,0,0,0,-10,-6,-10,-7,-10,-7,-10,-8,-10,-8,-10,-10,-10,-10,-10,-11,-9,-11,-9,-11,-9,-10,-9,-11,-9,-10,-8,-10,-9,-9,-10,-10,-9,-9,-10,-9,-10,-9,-11,-8,-12,-8,-12,-7,-12,-7,-13,-8,-13,-6,-14,-8]"
CSI_DATA,37,1a:00:00:00:00:00,-63,11,0,0,0,0,0,0,0,0,0,-94,0,1,0,7464907,0,31,0,128,0,"[0,0,14,-6,14,-7,14,-7,14,-6,13,-6,13,-6,14,-6,13,-6,12,-6,12,-6,12,-6,12,-6,13,-6,12,-5,12,-5,11,-5,11,-5,12,-5,11,-5,11,-4,11,-3,10,-3,9,-3,8,-3,7,-2,8,-1,0,0,0,0,0,0,0,0,0,0,0,0,0,0,0,0,0,0,0,0,0,0,10,-4,10,-4,11,-3,12,-3,12,-3,12,-2,12,-2,13,-1,13,-1,12,0,12,0,12,0,12,0,12,-1,12,-1,12,-1,12,-2,12,-2,12,-3,12,-4,12,-4,13,-4,13,-5,13,-5,14,-5,14,-6]"
CSI_DATA,38,1a:00:00:00:00:00,-62,11,0,0,0,0,0,0,0,0,0,-94,0,1,0,7665694,0,31,0,128,0,"[0,0,-16,-2,-16,-2,-16,-2,-15,-3,-16,-2,-15,-2,-16,-1,-15,-1,-15,-1,-15,-2,-15,-1,-15,-1,-15,-1,-14,-2,-14,-1,-14,-2,-14,-2,-13,-2,-12,-3,-12,-4,-12,-4,-11,-3,-10,-4,-10,-4,-8,-4,-8,-4,0,0,0,0,0,0,0,0,0,0,0,0,0,0,0,0,0,0,0,0,0,0,-11,-3,-12,-3,-12,-4,-12,-4,-12,-4,-13,-6,-13,-6,-13,-6,-12,-7,-12,-7,-12,-7,-11,-7,-12,-7,-12,-6,-12,-6,-12,-6,-12,-5,-12,-4,-13,-5,-13,-3,-13,-3,-14,-3,-14,-3,-15,-2,-15,-2,-15,-2]"
CSI_DATA,39,1a:00:00:00:00:00,-63,11,0,0,0,0,0,0,0,0,0,-93,0,1,0,7868608,0,31,0,128,0,"[0,0,-13,9,-13,8,-13,8,-13,8,-13,8,-12,8,-12,8,-12,9,-12,9,-11,8,-11,8,-12,9,-12,9,-11,9,-11,9,-11,9,-11,8,-12,6,-12,5,-12,5,-11,4,-10,3,-9,4,-8,4,-9,3,-9,3,0,0,0,0,0,0,0,0,0,0,0,0,0,0,0,0,0,0,0,0,0,0,-11,4,-11,4,-12,3,-12,3,-13,3,-13,2,-13,2,-13,1,-13,1,-13,1,-13,1,-13,1,-13,1,-13,2,-13,2,-13,3,-13,3,-13,4,-12,4,-13,5,-13,5,-13,6,-12,7,-12,8,-13,8,-13,8]"
[0;32mI (7919) ftm_responder: Counter = 8[0m
CSI_DATA,40,1a:00:00:00:00:00,-62,11,0,0,0,0,0,0,0,0,0,-93,0,1,0,8068191,0,31,0,128,0,"[0,0,15,-2,15,-2,15,-1,15,-2,14,-3,14,-3,14,-3,14,-3,14,-3,13,-3,13,-3,13,-3,13,-3,14,-2,13,-1,13,-1,13,-2,13,-3,11,-3,11,-2,10,-1,10,0,9,0,8,1,8,1,7,1,0,0,0,0,0,0,0,0,0,0,0,0,0,0,0,0,0,0,0,0,0,0,10,0,10,0,11,1,11,1,12,1,12,2,12,3,12,3,12,3,12,3,11,4,11,4,11,3,11,3,11,2,11,2,12,2,12,1,12,1,13,0,13,0,13,-1,13,-1,13,-2,13,-2,14,-2]"
CSI_DATA,41,1a:00:00:00:00:00,-62,11,0,0,0,0,0,0,0,0,0,-93,0,1,0,8269294,0,31,0,128,0,"[0,0,14,6,14,6,14,5,14,5,14,5,14,5,14,5,13,5,13,4,13,4,13,4,13,3,13,3,12,3,12,4,12,4,12,4,11,5,11,5,10,5,9,5,8,5,7,4,7,4,6,5,5,5,0,0,0,0,0,0,0,0,0,0,0,0,0,0,0,0,0,0,0,0,0,0,9,4,10,5,10,5,10,6,10,6,10,7,10,8,10,8,9,9,9,9,9,8,9,8,9,8,9,8,9,8,9,7,10,7,10,6,10,6,11,6,12,5,12,5,13,5,14,5,14,5,14,5]"
CSI_DATA,42,1a:00:00:00:00:00,-62,11,0,0,0,0,0,0,0,0,0,-93,0,1,0,8470509,0,31,0,128,0,"[0,0,-7,14,-6,14,-7,14,-7,14,-7,14,-6,14,-6,14,-6,14,-6,13,-6,13,-5,13,-5,13,-5,13,-5,12,-5,12,-5,12,-6,12,-6,11,-6,10,-6,9,-6,9,-7,8,-6,7,-6,6,-5,6,-5,6,0,0,0,0,0,0,0,0,0,0,0,0,0,0,0,0,0,0,0,0,0,0,-5,10,-5,10,-6,10,-7,10,-7,10,-8,10,-8,10,-9,10,-9,10,-9,9,-9,9,-9,9,-9,9,-9,9,-9,9,-8,9,-8,10,-8,10,-7,11,-7,11,-7,11,-7,12,-6,13,-6,13,-6,13,-6,14]"
CSI_DATA,43,1a:00:00:00:00:00,-62,11,0,0,0,0,0,0,0,0,0,-93,0,1,0,8508016,0,28,0,128,0,"[0,0,12,9,12,8,12,8,12,8,12,8,12,8,12,8,12,8,12,7,12,7,11,7,11,6,11,6,10,7,10,7,10,8,10,8,10,7,9,7,8,7,7,7,6,7,6,6,5,6,4,6,4,5,0,0,0,0,0,0,0,0,0,0,0,0,0,0,0,0,0,0,0,0,0,0,8,6,8,7,8,7,8,8,8,8,8,9,8,10,7,10,7,10,7,10,6,10,6,10,6,10,6,10,6,9,7,9,7,9,8,9,8,8,9,8,10,8,10,9,11,8,11,8,11,8,12,8]"
CSI_DATA,44,1a:00:00:00:00:00,-62,11,0,0,0,0,0,0,0,0,0,-93,0,1,0,8671748,0,31,0,128,0,"[0,0,0,13,0,13,0,14,0,15,1,15,0,14,0,14,0,14,1,14,1,13,1,13,1,13,1,13,1,13,1,12,0,13,0,13,-1,12,-2,11,-2,11,-2,10,-3,9,-2,8,-2,8,-2,7,-3,7,0,0,0,0,0,0,0,0,0,0,0,0,0,0,0,0,0,0,0,0,0,0,1,10,1,11,0,11,0,11,-1,12,-1,12,-2,12,-3,13,-3,12,-3,12,-3,12,-3,12,-3,12,-3,12,-2,12,-2,12,-1,12,-1,12,0,12,0,12,0,12,0,13,0,14,1,13,1,14,2,15]"
CSI_DATA,45,1a:00:00:00:00:00,-63,11,0,0,0,0,0,0,0,0,0,-93,0,1,0,8872836,0,31,0,128,0,"[0,0,2,-16,2,-15,3,-16,2,-15,1,-15,2,-15,1,-15,2,-15,2,-15,1,-15,1,-15,1,-14,0,-14,0,-15,0,-14,0,-14,1,-14,1,-13,2,-13,3,-12,3,-12,3,-11,4,-10,3,-9,2,-8,3,-7,0,0,0,0,0,0,0,0,0,0,0,0,0,0,0,0,0,0,0,0,0,0,3,-11,3,-12,4,-11,5,-11,5,-12,6,-12,6,-12,7,-12,7,-11,7,-11,7,-11,7,-10,6,-11,6,-10,6,-11,5,-12,5,-11,4,-12,4,-13,4,-13,4,-13,4,-14,3,-14,2,-15,3,-15,2,-16]"
[0;32mI (8919) ftm_responder: Counter = 9[0m
CSI_DATA,46,1a:00:00:00:00:00,-63,11,0,0,0,0,0,0,0,0,0,-93,0,1,0,8933606,0,42,0,128,0,"[0,0,-3,14,-3,14,-3,14,-3,14,-2,14,-2,13,-2,13,-2,13,-2,13,-2,13,-2,13,-2,12,-2,12,-2,12,-2,12,-2,12,-3,12,-3,11,-3,10,-4,10,-4,9,-4,8,-4,8,-4,7,-4,6,-4,6,0,0,0,0,0,0,0,0,0,0,0,0,0,0,0,0,0,0,0,0,0,0,-3,10,-3,10,-4,10,-4,10,-5,10,-5,11,-5,11,-6,11,-6,11,-7,10,-7,10,-7,10,-6,10,-6,10,-6,10,-5,10,-5,10,-5,11,-4,11,-3,12,-3,12,-3,12,-3,13,-3,13,-3,13,-2,14]"
CSI_DATA,47,1a:00:00:00:00:00,-63,11,0,0,0,0,0,0,0,0,0,-93,0,1,0,9003549,0,31,0,128,0,"[0,0,3,-15,3,-15,4,-15,3,-16,2,-16,3,-16,3,-16,3,-16,3,-16,3,-15,2,-15,2,-15,2,-14,2,-14,2,-14,3,-14,3,-14,3,-13,3,-12,4,-12,4,-11,4,-10,4,-9,4,-9,4,-8,4,-8,0,0,0,0,0,0,0,0,0,0,0,0,0,0,0,0,0,0,0,0,0,0,3,-11,4,-11,4,-11,5,-12,5,-12,6,-12,7,-12,7,-12,7,-12,8,-12,8,-11,7,-11,7,-11,7,-11,7,-11,6,-11,5,-12,4,-12,4,-12,4,-13,4,-13,3,-15,3,-15,4,-15,4,-16,3,-16]"
CSI_DATA,48,1a:00:00:00:00:00,-62,11,0,0,0,0,0,0,0,0,0,-93,0,1,0,9204585,0,31,0,128,0,"[0,0,-9,-13,-9,-12,-9,-12,-10,-12,-10,-12,-10,-12,-10,-12,-10,-12,-11,-12,-11,-11,-11,-10,-10,-10,-8,-12,-8,-11,-8,-10,-8,-10,-7,-9,-6,-9,-6,-9,-5,-10,-5,-10,-4,-10,-3,-9,-3,-9,-3,-8,-3,-7,0,0,0,0,0,0,0,0,0,0,0,0,0,0,0,0,0,0,0,0,0,0,-7,-9,-7,-9,-7,-10,-7,-10,-7,-11,-7,-12,-6,-12,-6,-12,-5,-12,-5,-13,-5,-13,-5,-12,-4,-12,-5,-12,-5,-12,-6,-12,-6,-12,-7,-12,-7,-11,-8,-10,-8,-11,-8,-11,-8,-10,-8,-11,-9,-12,-10,-13]"
CSI_DATA,49,1a:00:00:00:00:00,-62,11,0,0,0,0,0,0,0,0,0,-93,0,1,0,9405845,0,31,0,128,0,"[0,0,8,13,8,13,8,13,8,13,8,12,9,12,8,12,8,12,8,12,8,12,7,11,8,11,8,11,8,11,8,11,7,11,6,11,6,11,5,11,4,11,4,10,3,10,3,9,2,8,2,8,2,7,0,0,0,0,0,0,0,0,0,0,0,0,0,0,0,0,0,0,0,0,0,0,5,9,5,9,5,10,4,10,4,11,4,12,4,12,3,12,3,12,2,12,2,12,2,12,2,12,3,12,3,12,3,12,4,11,4,11,4,11,5,11,6,12,7,12,7,12,7,12,7,12,8,12]"
CSI_DATA,50,1a:00:00:00:00:00,-63,11,0,0,0,0,0,0,0,0,0,-93,0,1,0,9582772,0,28,0,128,0,"[0,0,15,-6,14,-6,14,-6,14,-6,15,-6,14,-6,13,-6,13,-7,13,-7,13,-6,13,-6,13,-6,13,-7,13,-6,13,-5,12,-5,12,-5,12,-5,12,-5,12,-4,12,-3,10,-2,9,-2,8,-2,8,-2,7,-1,0,0,0,0,0,0,0,0,0,0,0,0,0,0,0,0,0,0,0,0,0,0,10,-3,11,-2,11,-2,12,-2,12,-1,13,-1,13,-1,13,-1,13,0,13,0,12,1,12,0,12,0,12,0,13,0,12,-1,12,-1,12,-2,13,-3,13,-3,12,-4,13,-5,13,-5,13,-5,14,-5,14,-6]"
CSI_DATA,51,1a:00:00:00:00:00,-62,11,0,0,0,0,0,0,0,0,0,-93,0,1,0,9582996,0,165,0,128,0,"[0,0,16,1,15,1,15,1,15,1,15,1,16,1,15,1,15,1,14,1,14,1,13,1,14,0,14,0,14,1,13,1,14,0,13,1,12,2,11,2,12,3,12,4,10,3,9,3,9,3,8,3,8,2,0,0,0,0,0,0,0,0,0,0,0,0,0,0,0,0,0,0,0,0,0,0,11,2,11,2,11,2,12,3,12,3,12,4,12,5,12,5,12,5,12,5,11,5,11,5,12,5,12,5,12,5,12,5,12,4,12,4,13,3,13,2,13,2,14,2,15,1,15,1,15,1,15,1]"
CSI_DATA,52,1a:00:00:00:00:00,-62,11,0,0,0,0,0,0,0,0,0,-93,0,1,0,9607053,0,31,0,128,0,"[0,0,13,6,12,6,12,5,13,6,13,6,12,6,12,5,12,5,12,5,12,6,12,5,12,4,13,4,13,4,13,4,12,4,12,5,11,6,9,6,8,6,8,6,7,5,6,5,6,5,6,5,7,4,0,0,0,0,0,0,0,0,0,0,0,0,0,0,0,0,0,0,0,0,0,0,9,4,9,4,9,4,9,5,9,6,10,7,9,8,9,8,9,9,9,9,8,9,8,8,8,8,8,8,8,8,8,7,9,7,9,7,10,6,10,6,10,6,11,6,11,5,12,5,12,5,13,5]"
CSI_DATA,53,1a:00:00:00:00:00,-62,11,0,0,0,0,0,0,0,0,0,-93,0,1,0,9690928,0,137,0,128,0,"[0,0,-13,-9,-14,-9,-13,-9,-13,-10,-13,-10,-13,-9,-13,-9,-13,-9,-12,-9,-12,-9,-12,-8,-13,-8,-13,-8,-12,-8,-12,-8,-12,-8,-12,-8,-11,-8,-10,-9,-9,-9,-8,-9,-8,-8,-7,-7,-7,-7,-6,-7,-6,-6,0,0,0,0,0,0,0,0,0,0,0,0,0,0,0,0,0,0,0,0,0,0,-9,-7,-9,-8,-9,-8,-9,-9,-9,-10,-9,-11,-9,-11,-8,-11,-8,-11,-8,-11,-8,-12,-8,-11,-8,-11,-8,-11,-9,-11,-9,-10,-9,-10,-10,-9,-10,-9,-10,-9,-11,-9,-12,-9,-12,-9,-13,-9,-13,-9,-13,-9]"
CSI_DATA,54,1a:00:00:00:00:00,-62,11,0,0,0,0,0,0,0,0,0,-93,0,1,0,9808451,0,31,0,128,0,"[0,0,7,-15,6,-15,6,-15,6,-15,6,-15,5,-15,5,-15,5,-15,5,-14,5,-14,5,-13,5,-13,4,-14,5,-14,5,-12,5,-12,5,-13,5,-13,5,-13,5,-12,6,-11,6,-10,6,-8,5,-8,5,-7,5,-7,0,0,0,0,0,0,0,0,0,0,0,0,0,0,0,0,0,0,0,0,0,0,4,-11,5,-11,5,-11,6,-11,6,-11,7,-11,7,-11,8,-11,8,-11,8,-10,9,-10,8,-10,8,-10,8,-10,7,-10,7,-11,7,-11,7,-11,6,-12,6,-12,6,-13,6,-13,5,-13,5,-14,5,-14,5,-14]"
[0;32mI (9919) ftm_responder: Counter = 10[0m
CSI_DATA,55,1a:00:00:00:00:00,-63,11,0,0,0,0,0,0,0,0,0,-93,0,1,0,10009496,0,31,0,128,0,"[0,0,-1,-16,-1,-15,-2,-15,-2,-16,-2,-17,-2,-16,-2,-15,-2,-15,-2,-15,-2,-15,-2,-15,-2,-14,-2,-14,-2,-14,-2,-14,-2,-14,-2,-14,-1,-13,-1,-13,0,-12,0,-12,0,-11,1,-10,1,-9,1,-9,1,-8,0,0,0,0,0,0,0,0,0,0,0,0,0,0,0,0,0,0,0,0,0,0,0,-11,0,-12,1,-12,1,-12,2,-13,2,-13,3,-13,3,-13,3,-13,4,-13,4,-13,4,-13,4,-12,3,-12,3,-13,3,-13,3,-13,2,-13,1,-13,0,-13,0,-14,0,-14,-1,-15,-1,-15,-1,-16,-1,-16]"
CSI_DATA,56,1a:00:00:00:00:00,-62,11,0,0,0,0,0,0,0,0,0,-93,0,1,0,10210644,0,31,0,128,0,"[0,0,-16,-6,-15,-5,-15,-5,-15,-5,-15,-5,-16,-4,-15,-4,-15,-4,-14,-4,-14,-4,-14,-4,-14,-3,-14,-3,-14,-3,-14,-4,-13,-4,-13,-4,-13,-4,-12,-4,-11,-5,-11,-5,-10,-5,-9,-5,-8,-5,-8,-5,-7,-5,0,0,0,0,0,0,0,0,0,0,0,0,0,0,0,0,0,0,0,0,0,0,-10,-4,-10,-5,-11,-5,-11,-6,-11,-6,-11,-7,-11,-8,-11,-8,-11,-8,-11,-8,-11,-9,-10,-8,-10,-8,-11,-8,-11,-7,-11,-7,-11,-7,-12,-6,-12,-6,-12,-6,-13,-6,-13,-5,-14,-5,-14,-5,-14,-5,-15,-5]"
CSI_DATA,57,1a:00:00:00:00:00,-62,11,0,0,0,0,0,0,0,0,0,-93,0,1,0,10411863,0,31,0,128,0,"[0,0,-3,-15,-4,-15,-4,-15,-4,-15,-4,-15,-4,-15,-4,-15,-4,-15,-4,-15,-4,-15,-5,-15,-4,-14,-4,-14,-4,-14,-4,-14,-4,-14,-3,-13,-3,-13,-2,-13,-1,-13,-1,-12,0,-11,0,-10,1,-9,1,-9,1,-8,0,0,0,0,0,0,0,0,0,0,0,0,0,0,0,0,0,0,0,0,0,0,-3,-11,-2,-11,-2,-12,-2,-12,-1,-12,-1,-13,0,-13,0,-13,0,-13,1,-13,1,-13,1,-13,0,-13,0,-13,0,-13,0,-13,-1,-13,-2,-13,-2,-13,-2,-13,-2,-13,-3,-14,-4,-14,-4,-14,-4,-14,-4,-15]"
CSI_DATA,58,1a:00:00:00:00:00,-62,11,0,0,0,0,0,0,0,0,0,-93,0,1,0,10472633,0,42,0,128,0,"[0,0,-15,-8,-15,-8,-14,-7,-15,-7,-15,-7,-15,-6,-14,-6,-14,-6,-14,-6,-14,-6,-14,-5,-14,-5,-14,-5,-14,-5,-14,-5,-14,-5,-13,-6,-12,-6,-12,-6,-11,-7,-11,-7,-9,-6,-9,-6,-8,-6,-7,-6,-7,-5,0,0,0,0,0,0,0,0,0,0,0,0,0,0,0,0,0,0,0,0,0,0,-10,-6,-10,-7,-10,-7,-10,-7,-11,-8,-11,-9,-10,-9,-10,-10,-10,-10,-10,-10,-10,-10,-10,-10,-10,-9,-10,-9,-10,-9,-11,-9,-11,-9,-11,-8,-11,-8,-12,-8,-12,-8,-13,-7,-13,-6,-14,-6,-14,-6,-15,-6]"
CSI_DATA,59,1a:00:00:00:00:00,-62,11,0,0,0,0,0,0,0,0,0,-93,0,1,0,10536353,0,31,0,128,0,"[0,0,12,-4,13,-5,15,-5,15,-5,13,-5,13,-6,13,-5,11,-5,10,-4,11,-4,11,-5,11,-6,12,-8,11,-8,10,-7,11,-5,11,-5,11,-4,11,-2,10,-1,10,-1,10,-1,9,-1,8,-2,7,-2,6,-2,0,0,0,0,0,0,0,0,0,0,0,0,0,0,0,0,0,0,0,0,0,0,9,-1,10,-1,10,0,11,0,11,0,11,1,11,1,11,2,11,2,11,2,11,2,11,2,11,2,11,1,11,1,11,0,11,0,11,-1,12,-2,12,-2,12,-2,12,-3,13,-4,13,-4,12,-4,12,-3]"
CSI_DATA,60,1a:00:00:00:00:00,-62,11,0,0,0,0,0,0,0,0,0,-93,0,1,0,10737437,0,31,0,128,0,"[0,0,15,3,15,3,15,3,14,3,14,3,14,3,14,3,14,2,14,3,14,3,14,2,13,2,13,2,13,2,13,2,13,2,12,2,12,3,12,4,11,4,10,4,10,4,9,4,7,4,7,3,7,3,0,0,0,0,0,0,0,0,0,0,0,0,0,0,0,0,0,0,0,0,0,0,10,2,10,3,10,3,11,4,11,4,11,5,11,6,11,6,11,6,11,6,10,6,10,6,10,6,10,6,10,5,11,5,11,5,11,4,11,4,12,4,12,3,13,3,14,3,14,3,14,3,15,3]"
[0;32mI (10919) ftm_responder: Counter = 11[0m
CSI_DATA,61,1a:00:00:00:00:00,-63,11,0,0,0,0,0,0,0,0,0,-93,0,1,0,10938762,0,31,0,128,0,"[0,0,-2,-16,-3,-16,-3,-16,-3,-15,-3,-15,-3,-15,-2,-15,-3,-15,-3,-14,-3,-14,-3,-14,-3,-14,-4,-14,-3,-14,-3,-14,-3,-14,-2,-15,-2,-15,-1,-14,0,-13,0,-12,0,-11,0,-11,0,-11,0,-10,0,-9,0,0,0,0,0,0,0,0,0,0,0,0,0,0,0,0,0,0,0,0,0,0,-1,-11,0,-12,0,-12,1,-12,1,-13,2,-13,2,-13,3,-13,3,-13,3,-13,3,-13,3,-13,2,-13,2,-13,2,-13,1,-13,1,-13,1,-13,1,-13,0,-13,0,-14,-1,-14,-2,-14,-2,-14,-2,-15,-2,-16]"
CSI_DATA,62,1a:00:00:00:00:00,-63,11,0,0,0,0,0,0,0,0,0,-93,0,1,0,11139884,0,31,0,128,0,"[0,0,8,12,8,12,8,11,9,11,9,11,8,11,8,11,8,11,9,11,9,11,9,10,9,10,8,10,9,11,9,11,8,11,8,11,8,11,7,11,6,10,5,9,5,8,3,9,3,8,2,7,2,7,0,0,0,0,0,0,0,0,0,0,0,0,0,0,0,0,0,0,0,0,0,0,5,9,5,10,4,10,4,10,4,11,4,11,4,12,3,12,3,12,3,13,3,12,3,12,3,12,3,12,4,12,4,11,4,11,5,11,5,11,6,11,6,12,7,12,8,12,8,12,9,12,9,12]"
CSI_DATA,63,1a:00:00:00:00:00,-63,11,0,0,0,0,0,0,0,0,0,-93,0,1,0,11341108,0,31,0,128,0,"[0,0,-8,13,-8,13,-8,13,-7,13,-8,13,-8,13,-8,13,-7,12,-7,12,-6,12,-6,12,-6,13,-6,13,-6,12,-6,11,-6,11,-7,11,-7,11,-7,10,-7,9,-7,8,-7,7,-7,7,-7,6,-6,5,-6,5,0,0,0,0,0,0,0,0,0,0,0,0,0,0,0,0,0,0,0,0,0,0,-6,8,-7,9,-8,9,-8,9,-9,9,-9,9,-10,8,-10,8,-10,8,-10,8,-10,8,-10,8,-10,8,-10,8,-9,8,-9,8,-9,9,-9,9,-8,9,-8,10,-8,10,-8,11,-8,11,-7,12,-8,13,-8,13]"
CSI_DATA,64,1a:00:00:00:00:00,-63,11,0,0,0,0,0,0,0,0,0,-93,0,1,0,11542537,0,31,0,128,0,"[0,0,-1,-16,-2,-16,-3,-15,-2,-15,-2,-16,-2,-16,-2,-16,-2,-15,-2,-14,-1,-14,-1,-15,-2,-15,-2,-15,-3,-15,-3,-14,-2,-14,-1,-14,-1,-13,0,-13,0,-13,1,-12,1,-11,2,-10,2,-9,2,-9,2,-8,0,0,0,0,0,0,0,0,0,0,0,0,0,0,0,0,0,0,0,0,0,0,-1,-12,0,-12,0,-12,1,-13,1,-13,2,-13,2,-13,3,-13,3,-13,3,-13,4,-13,4,-13,3,-12,3,-13,2,-12,2,-12,2,-12,2,-12,1,-13,0,-13,0,-14,0,-14,0,-14,-1,-14,-1,-14,-2,-14]"
CSI_DATA,65,1a:00:00:00:00:00,-63,11,0,0,0,0,0,0,0,0,0,-93,0,1,0,11743464,0,31,0,128,0,"[0,0,-7,-15,-7,-14,-7,-14,-7,-14,-6,-14,-7,-14,-7,-14,-7,-14,-7,-13,-7,-13,-7,-13,-6,-13,-7,-13,-7,-13,-7,-13,-6,-13,-6,-13,-5,-12,-5,-12,-4,-12,-3,-11,-3,-11,-2,-10,-2,-10,-2,-9,-2,-9,0,0,0,0,0,0,0,0,0,0,0,0,0,0,0,0,0,0,0,0,0,0,-3,-11,-3,-11,-2,-12,-2,-12,-2,-13,-1,-13,-1,-13,0,-13,0,-13,0,-13,0,-13,0,-13,0,-13,0,-13,-1,-13,-1,-13,-1,-13,-2,-13,-3,-13,-3,-13,-4,-13,-5,-13,-5,-13,-5,-13,-5,-13,-6,-14]"
[0;32mI (11919) ftm_responder: Counter = 12[0m
CSI_DATA,66,1a:00:00:00:00:00,-63,11,0,0,0,0,0,0,0,0,0,-93,0,1,0,11944585,0,31,0,128,0,"[0,0,8,-13,8,-13,8,-13,8,-13,8,-13,8,-13,8,-13,8,-13,7,-13,7,-13,8,-13,8,-13,7,-13,7,-13,7,-12,7,-12,8,-11,8,-11,8,-10,8,-9,7,-8,8,-8,7,-7,7,-6,6,-6,6,-6,0,0,0,0,0,0,0,0,0,0,0,0,0,0,0,0,0,0,0,0,0,0,6,-9,7,-9,7,-9,8,-9,9,-9,9,-9,9,-9,10,-8,10,-8,10,-8,10,-8,10,-8,10,-7,9,-8,9,-8,9,-9,9,-9,8,-9,8,-10,8,-11,8,-11,8,-11,8,-12,8,-12,8,-13,7,-14]"
CSI_DATA,67,1a:00:00:00:00:00,-63,11,0,0,0,0,0,0,0,0,0,-93,0,1,0,12005383,0,42,0,128,0,"[0,0,-13,-10,-13,-9,-13,-10,-13,-10,-13,-10,-13,-9,-13,-9,-13,-9,-13,-9,-13,-9,-13,-8,-13,-8,-13,-8,-13,-8,-13,-8,-12,-8,-12,-8,-11,-8,-11,-8,-10,-9,-9,-9,-8,-9,-8,-8,-7,-7,-6,-7,-6,-7,0,0,0,0,0,0,0,0,0,0,0,0,0,0,0,0,0,0,0,0,0,0,-8,-9,-8,-9,-8,-10,-8,-10,-8,-11,-8,-11,-7,-12,-7,-12,-7,-13,-7,-13,-7,-13,-6,-12,-7,-12,-7,-11,-7,-11,-8,-10,-8,-10,-9,-11,-9,-11,-10,-10,-10,-10,-10,-10,-11,-10,-12,-10,-12,-10,-12,-10]"
CSI_DATA,68,1a:00:00:00:00:00,-63,11,0,0,0,0,0,0,0,0,0,-93,0,1,0,12072268,0,31,0,128,0,"[0,0,-5,-15,-6,-16,-5,-16,-5,-15,-5,-15,-5,-15,-5,-15,-5,-15,-6,-15,-7,-16,-7,-15,-6,-15,-5,-14,-5,-14,-6,-13,-6,-14,-5,-14,-5,-13,-5,-13,-4,-13,-3,-13,-2,-11,-2,-10,-1,-10,-1,-9,-1,-8,0,0,0,0,0,0,0,0,0,0,0,0,0,0,0,0,0,0,0,0,0,0,-2,-12,-1,-12,-1,-12,-1,-13,0,-13,0,-13,1,-14,1,-14,2,-14,2,-14,2,-14,2,-14,2,-13,1,-13,1,-13,0,-13,-1,-13,-2,-14,-2,-14,-3,-14,-3,-13,-4,-13,-4,-14,-4,-14,-5,-14,-5,-14]"
CSI_DATA,69,1a:00:00:00:00:00,-63,11,0,0,0,0,0,0,0,0,0,-92,0,1,0,12273417,0,31,0,128,0,"[0,0,13,7,13,7,13,8,13,7,13,7,13,7,13,6,13,6,12,6,12,6,12,6,12,6,12,6,12,6,12,6,12,6,12,6,12,7,11,7,10,7,9,7,8,6,7,6,6,6,6,6,5,6,0,0,0,0,0,0,0,0,0,0,0,0,0,0,0,0,0,0,0,0,0,0,8,7,8,7,8,8,7,8,7,9,7,10,7,10,7,10,7,11,6,11,6,11,6,10,6,10,7,10,7,9,7,9,8,9,8,8,9,8,9,8,10,7,10,7,11,7,11,7,12,7,12,8]"
CSI_DATA,70,1a:00:00:00:00:00,-63,11,0,0,0,0,0,0,0,0,0,-92,0,1,0,12474579,0,31,0,128,0,"[0,0,8,13,8,13,7,13,8,13,8,13,8,13,8,12,8,12,7,12,7,12,7,12,8,11,8,11,8,11,8,11,7,11,6,10,6,9,6,9,6,10,5,10,4,11,3,10,3,9,3,8,3,8,0,0,0,0,0,0,0,0,0,0,0,0,0,0,0,0,0,0,0,0,0,0,3,10,3,10,2,11,2,11,2,12,1,12,1,13,0,13,0,13,0,12,0,12,0,12,0,12,1,12,1,12,2,11,2,11,3,11,3,11,4,11,4,11,5,11,6,12,6,12,7,12,7,12]"
CSI_DATA,71,1a:00:00:00:00:00,-63,11,0,0,0,0,0,0,0,0,0,-92,0,1,0,12676001,0,31,0,128,0,"[0,0,7,12,7,12,7,12,7,12,7,12,7,11,7,11,7,11,7,11,7,11,8,11,8,11,8,11,8,11,7,11,7,11,7,11,7,11,7,11,5,11,4,10,2,10,1,10,1,8,2,7,3,6,0,0,0,0,0,0,0,0,0,0,0,0,0,0,0,0,0,0,0,0,0,0,4,9,4,10,4,10,3,11,3,11,2,12,2,12,2,12,1,12,1,12,1,12,1,12,1,12,1,12,1,11,1,11,2,11,3,11,4,11,4,11,5,11,5,11,6,11,6,12,6,12,7,12]"
CSI_DATA,72,1a:00:00:00:00:00,-63,11,0,0,0,0,0,0,0,0,0,-92,0,1,0,12877189,0,31,0,128,0,"[0,0,12,8,11,8,11,9,11,9,11,8,11,8,11,8,11,8,11,8,11,7,11,7,11,7,11,7,11,7,11,7,10,7,10,7,10,7,9,7,8,7,7,7,7,7,6,6,5,6,5,6,5,5,0,0,0,0,0,0,0,0,0,0,0,0,0,0,0,0,0,0,0,0,0,0,8,7,7,8,7,8,7,9,7,9,7,10,7,11,6,11,6,11,5,11,5,11,5,11,5,11,5,10,6,10,6,10,6,10,7,10,7,9,8,9,8,9,9,9,9,8,10,9,10,9,11,8]"
[0;32mI (12919) ftm_responder: Counter = 13[0m
CSI_DATA,73,1a:00:00:00:00:00,-63,11,0,0,0,0,0,0,0,0,0,-92,0,1,0,13078108,0,31,0,128,0,"[0,0,-3,-14,-3,-14,-4,-15,-5,-14,-5,-14,-4,-14,-4,-14,-4,-14,-5,-13,-4,-13,-4,-13,-4,-13,-5,-13,-5,-13,-4,-13,-4,-13,-3,-12,-3,-12,-2,-12,-2,-12,-1,-11,-1,-11,-1,-10,-1,-9,0,-9,0,-8,0,0,0,0,0,0,0,0,0,0,0,0,0,0,0,0,0,0,0,0,0,0,-2,-11,-2,-12,-1,-12,-1,-12,0,-13,0,-13,1,-13,1,-14,2,-14,2,-13,2,-13,2,-13,2,-13,1,-13,1,-12,0,-12,0,-12,-1,-12,-1,-12,-1,-12,-1,-12,-2,-13,-3,-14,-3,-14,-3,-14,-3,-14]"
CSI_DATA,74,1a:00:00:00:00:00,-63,11,0,0,0,0,0,0,0,0,0,-92,0,1,0,13279477,0,31,0,128,0,"[0,0,-9,12,-9,12,-8,12,-8,12,-8,11,-8,12,-7,13,-7,12,-7,12,-7,12,-7,12,-6,12,-6,12,-6,12,-6,11,-6,11,-7,11,-6,10,-7,9,-7,9,-7,8,-7,8,-7,7,-7,6,-6,5,-6,5,0,0,0,0,0,0,0,0,0,0,0,0,0,0,0,0,0,0,0,0,0,0,-7,9,-7,9,-8,9,-8,9,-9,9,-10,9,-10,9,-11,8,-11,8,-11,7,-11,7,-11,7,-11,7,-11,7,-10,7,-10,8,-9,8,-9,8,-9,9,-9,9,-8,10,-8,10,-8,11,-8,11,-8,12,-8,12]"
CSI_DATA,75,1a:00:00:00:00:00,-62,11,0,0,0,0,0,0,0,0,0,-92,0,1,0,13480558,0,31,0,128,0,"[0,0,-15,1,-15,1,-15,1,-15,1,-15,1,-15,1,-15,2,-15,2,-14,2,-14,2,-14,2,-14,2,-13,2,-14,2,-14,1,-13,1,-13,1,-13,1,-13,0,-12,-1,-11,-1,-11,-2,-10,-2,-9,-2,-9,-2,-8,-2,0,0,0,0,0,0,0,0,0,0,0,0,0,0,0,0,0,0,0,0,0,0,-12,1,-12,0,-12,0,-13,0,-13,-1,-13,-2,-14,-2,-14,-3,-14,-3,-13,-3,-13,-4,-13,-4,-13,-3,-13,-3,-13,-3,-13,-3,-13,-2,-13,-2,-13,-1,-14,0,-14,0,-14,0,-14,1,-14,1,-15,1,-14,1]"
CSI_DATA,76,1a:00:00:00:00:00,-62,11,0,0,0,0,0,0,0,0,0,-92,0,1,0,13541337,0,42,0,128,0,"[0,0,-4,15,-4,14,-4,14,-4,15,-3,14,-3,14,-3,14,-3,14,-3,14,-3,13,-3,13,-3,13,-3,13,-3,13,-2,13,-3,13,-3,12,-3,12,-4,11,-4,11,-5,10,-5,9,-5,9,-5,7,-4,7,-5,6,0,0,0,0,0,0,0,0,0,0,0,0,0,0,0,0,0,0,0,0,0,0,-4,11,-4,11,-5,11,-6,11,-6,11,-7,11,-8,11,-8,11,-8,11,-9,11,-9,10,-9,10,-9,10,-8,10,-8,10,-7,11,-7,11,-6,11,-6,11,-6,12,-6,12,-5,12,-5,13,-5,13,-4,14,-3,14]"
CSI_DATA,77,1a:00:00:00:00:00,-62,11,0,0,0,0,0,0,0,0,0,-92,0,1,0,13611927,0,31,0,128,0,"[0,0,13,4,13,4,14,5,14,4,14,3,14,3,14,3,14,3,14,3,13,3,13,2,13,2,13,2,13,2,13,3,12,3,12,3,12,4,11,4,10,4,9,4,9,4,8,4,7,4,7,4,7,4,0,0,0,0,0,0,0,0,0,0,0,0,0,0,0,0,0,0,0,0,0,0,10,4,10,4,10,5,10,5,10,6,10,7,10,8,10,8,10,8,10,8,9,8,9,8,9,8,9,7,10,7,10,7,10,6,11,6,11,6,11,5,12,5,12,5,13,5,13,4,13,3,14,3]"
CSI_DATA,78,1a:00:00:00:00:00,-62,11,0,0,0,0,0,0,0,0,0,-92,0,1,0,13813007,0,31,0,128,0,"[0,0,7,12,7,12,8,12,8,12,7,11,8,11,8,12,7,12,8,11,8,10,7,10,8,10,8,11,8,11,8,11,7,10,7,10,6,10,5,10,5,9,5,8,4,9,4,9,3,8,2,7,2,7,0,0,0,0,0,0,0,0,0,0,0,0,0,0,0,0,0,0,0,0,0,0,5,9,5,9,5,10,4,10,4,11,4,12,3,12,3,12,2,12,2,12,2,12,2,12,2,11,2,12,3,12,3,11,4,12,5,11,5,11,5,11,5,10,6,10,6,11,7,11,8,10,9,11]"
[0;32mI (13919) ftm_responder: Counter = 14[0m
CSI_DATA,79,1a:00:00:00:00:00,-62,11,0,0,0,0,0,0,0,0,0,-92,0,1,0,14014172,0,31,0,128,0,"[0,0,14,-2,15,-3,15,-2,15,-3,14,-3,15,-3,15,-3,14,-3,13,-3,14,-3,14,-3,13,-3,13,-3,13,-3,13,-3,13,-2,13,-2,12,-2,11,-2,11,-1,11,0,10,0,10,0,8,0,7,0,7,0,0,0,0,0,0,0,0,0,0,0,0,0,0,0,0,0,0,0,0,0,0,0,10,0,11,0,11,1,11,1,12,1,12,2,12,2,12,3,12,3,12,4,12,4,11,4,11,3,11,3,11,2,11,2,11,2,12,1,12,0,12,0,12,0,13,-1,13,-1,14,-2,14,-2,14,-2]"
CSI_DATA,80,1a:00:00:00:00:00,-62,11,0,0,0,0,0,0,0,0,0,-92,0,1,0,14215336,0,31,0,128,0,"[0,0,0,15,0,14,0,15,0,14,0,14,0,15,0,15,0,15,-1,13,-1,13,0,13,1,13,0,12,0,12,1,13,0,13,0,12,-1,12,-2,12,-2,11,-2,10,-1,10,-1,9,-2,9,-3,9,-3,8,0,0,0,0,0,0,0,0,0,0,0,0,0,0,0,0,0,0,0,0,0,0,-2,10,-2,10,-3,11,-3,11,-3,11,-4,11,-4,12,-5,12,-5,12,-5,11,-5,11,-5,11,-5,11,-5,11,-5,10,-4,11,-4,11,-3,11,-3,12,-2,12,-2,12,-1,12,0,13,0,14,0,14,0,14]"
CSI_DATA,81,1a:00:00:00:00:00,-63,11,0,0,0,0,0,0,0,0,0,-92,0,1,0,14416687,0,31,0,128,0,"[0,0,-15,1,-15,2,-15,2,-15,2,-15,2,-15,2,-14,2,-14,2,-14,3,-14,3,-15,2,-15,2,-15,2,-14,2,-13,2,-13,2,-13,1,-12,1,-12,0,-11,-1,-12,-1,-12,-1,-11,-1,-10,-1,-8,-2,-7,-1,0,0,0,0,0,0,0,0,0,0,0,0,0,0,0,0,0,0,0,0,0,0,-11,-1,-12,-1,-12,-2,-13,-2,-13,-3,-13,-4,-13,-4,-12,-5,-12,-5,-12,-5,-12,-5,-12,-4,-12,-4,-13,-4,-12,-4,-12,-3,-12,-3,-12,-2,-12,-2,-13,-1,-13,0,-13,0,-14,1,-14,2,-14,2,-14,1]"
CSI_DATA,82,1a:00:00:00:00:00,-63,11,0,0,0,0,0,0,0,0,0,-92,0,1,0,14617774,0,31,0,128,0,"[0,0,5,-15,5,-15,4,-15,4,-15,4,-15,4,-15,4,-15,5,-14,4,-14,4,-15,4,-15,3,-15,3,-15,3,-14,4,-14,4,-14,4,-13,4,-12,5,-12,5,-11,5,-10,5,-10,4,-9,4,-8,5,-8,4,-8,0,0,0,0,0,0,0,0,0,0,0,0,0,0,0,0,0,0,0,0,0,0,4,-10,5,-11,6,-11,6,-11,7,-11,7,-11,8,-11,8,-10,9,-10,9,-10,9,-9,8,-9,8,-10,8,-10,8,-10,7,-10,6,-10,6,-11,6,-11,6,-12,5,-12,5,-12,4,-13,4,-14,4,-14,4,-15]"
CSI_DATA,83,1a:00:00:00:00:00,-63,11,0,0,0,0,0,0,0,0,0,-92,0,1,0,14822886,0,31,0,128,0,"[0,0,3,-14,3,-14,4,-14,4,-15,3,-15,3,-15,3,-15,3,-15,3,-15,3,-14,2,-13,2,-13,2,-14,2,-13,2,-13,3,-13,3,-13,4,-13,4,-12,4,-12,4,-11,4,-10,4,-9,4,-9,4,-8,4,-8,0,0,0,0,0,0,0,0,0,0,0,0,0,0,0,0,0,0,0,0,0,0,5,-10,5,-10,6,-10,7,-10,7,-11,8,-11,8,-10,9,-10,9,-10,9,-10,9,-10,9,-9,8,-9,7,-9,8,-10,7,-10,7,-10,6,-11,6,-11,6,-12,5,-12,5,-11,4,-12,4,-13,4,-14,4,-15]"
[0;32mI (14919) ftm_responder: Counter = 15[0m
CSI_DATA,84,1a:00:00:00:00:00,-63,11,0,0,0,0,0,0,0,0,0,-92,0,1,0,15020050,0,31,0,128,0,"[0,0,-12,8,-12,8,-13,8,-13,8,-13,8,-12,8,-13,9,-12,9,-12,9,-12,9,-12,8,-12,8,-12,8,-12,9,-12,8,-12,8,-11,8,-11,7,-11,6,-11,5,-11,5,-11,4,-10,3,-10,3,-9,2,-9,2,0,0,0,0,0,0,0,0,0,0,0,0,0,0,0,0,0,0,0,0,0,0,-11,5,-11,5,-12,4,-12,4,-12,4,-13,3,-13,3,-13,3,-14,2,-14,2,-13,1,-13,1,-13,2,-13,2,-12,2,-12,3,-12,3,-12,4,-12,5,-12,5,-12,6,-12,6,-12,7,-12,7,-13,7,-13,8]"
CSI_DATA,85,1a:00:00:00:00:00,-63,11,0,0,0,0,0,0,0,0,0,-92,0,1,0,15080866,0,42,0,128,0,"[0,0,-12,7,-12,7,-12,7,-13,8,-12,8,-12,7,-13,7,-13,7,-12,7,-12,7,-12,8,-12,8,-12,7,-12,7,-12,7,-11,7,-11,6,-11,6,-11,5,-11,4,-11,3,-10,3,-9,3,-9,2,-8,2,-8,1,0,0,0,0,0,0,0,0,0,0,0,0,0,0,0,0,0,0,0,0,0,0,-10,4,-10,4,-11,3,-11,3,-12,3,-12,2,-13,2,-13,1,-13,1,-13,1,-13,1,-13,1,-13,1,-13,1,-12,1,-12,1,-12,2,-12,2,-12,3,-12,4,-11,4,-11,5,-12,6,-11,6,-11,7,-12,8]"
CSI_DATA,86,1a:00:00:00:00:00,-62,11,0,0,0,0,0,0,0,0,0,-92,0,1,0,15144609,0,31,0,128,0,"[0,0,-14,-7,-14,-7,-14,-8,-13,-7,-13,-8,-14,-7,-14,-7,-14,-7,-14,-6,-13,-6,-13,-5,-13,-5,-14,-5,-15,-5,-14,-5,-13,-5,-12,-6,-12,-6,-11,-7,-11,-7,-10,-7,-10,-7,-9,-6,-8,-6,-7,-5,-7,-5,0,0,0,0,0,0,0,0,0,0,0,0,0,0,0,0,0,0,0,0,0,0,-9,-7,-9,-8,-9,-9,-9,-9,-9,-9,-9,-10,-8,-11,-8,-11,-8,-11,-8,-11,-8,-11,-8,-11,-8,-11,-9,-10,-9,-9,-9,-9,-9,-9,-10,-8,-11,-8,-11,-8,-11,-9,-13,-8,-14,-7,-14,-6,-13,-7,-13,-8]"
CSI_DATA,87,1a:00:00:00:00:00,-63,11,0,0,0,0,0,0,0,0,0,-92,0,1,0,15345785,0,31,0,128,0,"[0,0,14,2,14,1,14,0,13,0,13,0,14,0,14,-1,14,0,13,-1,14,-1,14,-1,14,-1,13,0,13,0,13,1,12,1,12,1,12,2,11,2,10,2,9,2,8,2,9,1,9,1,8,1,6,2,0,0,0,0,0,0,0,0,0,0,0,0,0,0,0,0,0,0,0,0,0,0,10,1,10,2,11,2,11,3,11,3,11,4,11,5,11,5,11,6,11,6,11,6,10,5,10,5,10,5,10,5,10,4,10,4,10,3,11,3,11,3,12,3,12,2,12,2,13,1,13,1,14,1]"
CSI_DATA,88,1a:00:00:00:00:00,-63,11,0,0,0,0,0,0,0,0,0,-92,0,1,0,15547330,0,31,0,128,0,"[0,0,14,-5,14,-5,13,-6,12,-6,13,-7,13,-6,14,-6,14,-6,13,-6,12,-6,11,-5,10,-6,12,-6,13,-7,12,-6,12,-5,11,-4,11,-4,11,-3,10,-2,10,-1,10,-1,9,-1,8,-2,8,-2,7,-1,0,0,0,0,0,0,0,0,0,0,0,0,0,0,0,0,0,0,0,0,0,0,10,-3,11,-3,11,-2,12,-2,12,-2,12,-1,12,0,12,0,12,0,12,1,12,1,12,1,11,0,12,0,12,0,11,0,11,-1,11,-2,11,-3,11,-3,12,-4,12,-4,11,-4,12,-5,12,-6,12,-6]"
CSI_DATA,89,1a:00:00:00:00:00,-63,11,0,0,0,0,0,0,0,0,0,-92,0,1,0,15748191,0,31,0,128,0,"[0,0,15,-6,15,-6,14,-6,14,-6,14,-7,15,-7,15,-6,14,-6,14,-6,13,-6,13,-6,13,-6,12,-6,13,-4,14,-4,13,-5,13,-5,14,-4,13,-3,12,-3,11,-2,10,-1,10,-1,9,-1,8,-1,8,-1,0,0,0,0,0,0,0,0,0,0,0,0,0,0,0,0,0,0,0,0,0,0,12,-2,12,-2,13,-2,13,-1,13,-1,13,0,13,1,14,1,13,2,13,2,13,2,13,2,13,1,13,1,13,0,12,0,12,0,13,-1,13,-2,13,-2,13,-2,13,-3,13,-4,14,-4,14,-5,14,-5]"
[0;32mI (15919) ftm_responder: Counter = 16[0m
CSI_DATA,90,1a:00:00:00:00:00,-63,11,0,0,0,0,0,0,0,0,0,-92,0,1,0,15949337,0,31,0,128,0,"[0,0,-15,-6,-15,-6,-15,-7,-15,-7,-15,-6,-15,-6,-15,-6,-15,-5,-15,-6,-15,-6,-15,-6,-14,-5,-14,-5,-14,-5,-14,-5,-14,-6,-13,-6,-13,-6,-12,-6,-11,-7,-10,-7,-10,-7,-9,-6,-8,-6,-7,-6,-7,-6,0,0,0,0,0,0,0,0,0,0,0,0,0,0,0,0,0,0,0,0,0,0,-11,-7,-11,-7,-11,-8,-11,-9,-11,-9,-11,-10,-10,-11,-10,-11,-10,-11,-9,-11,-9,-11,-9,-11,-9,-10,-9,-10,-9,-10,-9,-9,-10,-9,-10,-9,-11,-8,-11,-7,-12,-7,-12,-7,-13,-7,-13,-6,-14,-6,-14,-7]"
CSI_DATA,91,1a:00:00:00:00:00,-63,11,0,0,0,0,0,0,0,0,0,-92,0,1,0,16150511,0,31,0,128,0,"[0,0,-9,13,-8,12,-8,13,-8,14,-8,14,-8,14,-8,13,-8,13,-8,12,-8,12,-8,12,-8,12,-7,12,-7,12,-7,12,-8,12,-8,11,-8,11,-8,10,-8,9,-8,8,-8,7,-8,6,-7,6,-7,5,-7,4,0,0,0,0,0,0,0,0,0,0,0,0,0,0,0,0,0,0,0,0,0,0,-8,9,-8,9,-9,9,-10,8,-10,8,-11,8,-11,8,-12,8,-12,7,-12,7,-12,6,-12,6,-12,6,-11,6,-10,7,-10,7,-10,7,-10,8,-9,9,-9,9,-9,10,-9,10,-8,10,-8,11,-7,11,-7,11]"
CSI_DATA,92,1a:00:00:00:00:00,-63,11,0,0,0,0,0,0,0,0,0,-92,0,1,0,16351752,0,31,0,128,0,"[0,0,-15,3,-15,3,-15,3,-15,3,-15,3,-15,3,-15,4,-14,4,-14,4,-14,3,-14,4,-14,4,-14,4,-14,4,-14,4,-14,3,-13,3,-13,2,-13,1,-12,1,-12,1,-11,0,-10,0,-10,-1,-9,-1,-9,-1,0,0,0,0,0,0,0,0,0,0,0,0,0,0,0,0,0,0,0,0,0,0,-13,-1,-13,-1,-13,-1,-13,-2,-14,-3,-14,-3,-14,-4,-14,-4,-14,-5,-14,-5,-13,-5,-13,-5,-13,-5,-13,-4,-13,-3,-12,-3,-12,-3,-12,-2,-13,-1,-13,0,-14,0,-14,0,-14,1,-14,2,-14,2,-14,2]"
CSI_DATA,93,1a:00:00:00:00:00,-63,11,0,0,0,0,0,0,0,0,0,-92,0,1,0,16552891,0,31,0,128,0,"[0,0,-7,-14,-8,-13,-8,-13,-9,-14,-9,-14,-9,-14,-8,-13,-8,-13,-9,-13,-9,-13,-9,-13,-8,-13,-8,-13,-8,-12,-9,-12,-8,-13,-7,-13,-7,-12,-6,-12,-6,-12,-5,-11,-4,-11,-3,-10,-3,-10,-3,-9,-2,-9,0,0,0,0,0,0,0,0,0,0,0,0,0,0,0,0,0,0,0,0,0,0,-4,-13,-3,-13,-3,-13,-3,-14,-2,-14,-2,-15,-1,-15,-1,-15,0,-15,0,-14,0,-14,0,-14,0,-14,0,-13,-1,-13,-2,-13,-2,-13,-3,-13,-3,-13,-4,-13,-5,-13,-5,-13,-6,-13,-6,-13,-7,-13,-7,-14]"
CSI_DATA,94,1a:00:00:00:00:00,-63,11,0,0,0,0,0,0,0,0,0,-92,0,1,0,16613730,0,42,0,128,0,"[0,0,8,12,9,11,9,12,9,12,9,12,8,11,8,11,8,11,9,12,9,11,9,11,9,10,9,10,9,10,9,10,8,10,8,10,7,11,6,11,5,10,5,10,4,9,4,9,3,8,3,7,3,7,0,0,0,0,0,0,0,0,0,0,0,0,0,0,0,0,0,0,0,0,0,0,5,11,5,11,4,12,4,12,3,13,3,13,2,14,1,14,1,14,1,13,1,13,1,13,1,12,2,12,2,12,2,12,3,12,3,12,4,12,5,11,5,11,6,11,7,11,7,11,8,12,8,12]"
CSI_DATA,95,1a:00:00:00:00:00,-63,11,0,0,0,0,0,0,0,0,0,-92,0,1,0,16680119,0,31,0,128,0,"[0,0,-1,14,-1,15,-2,15,-1,15,0,15,0,15,0,14,0,14,0,14,0,14,0,14,0,13,0,13,-1,14,-1,14,0,13,-1,13,-1,12,-1,11,-2,11,-3,11,-3,9,-4,9,-4,8,-4,8,-4,7,0,0,0,0,0,0,0,0,0,0,0,0,0,0,0,0,0,0,0,0,0,0,-4,11,-4,11,-5,11,-5,11,-6,12,-6,12,-7,12,-7,12,-7,11,-8,11,-8,11,-8,10,-7,10,-7,10,-6,10,-6,10,-5,11,-5,11,-4,11,-4,12,-3,12,-3,12,-2,12,-1,13,-1,13,-1,14]"
CSI_DATA,96,1a:00:00:00:00:00,-63,11,0,0,0,0,0,0,0,0,0,-92,0,1,0,16881183,0,31,0,128,0,"[0,0,-10,-12,-11,-12,-10,-13,-10,-13,-10,-12,-11,-12,-11,-12,-10,-11,-12,-10,-12,-13,-11,-13,-11,-11,-12,-10,-13,-10,-13,-9,-12,-10,-11,-12,-9,-13,-9,-11,-8,-10,-7,-10,-6,-10,-5,-9,-4,-8,-5,-8,-5,-7,0,0,0,0,0,0,0,0,0,0,0,0,0,0,0,0,0,0,0,0,0,0,-6,-12,-6,-12,-6,-12,-5,-13,-5,-13,-4,-14,-4,-14,-3,-15,-3,-14,-3,-14,-2,-14,-2,-14,-3,-13,-3,-13,-4,-13,-4,-12,-5,-12,-5,-12,-6,-12,-7,-12,-7,-11,-8,-12,-8,-12,-9,-12,-9,-12,-9,-13]"
[0;32mI (16919) ftm_responder: Counter = 17[0m
CSI_DATA,97,1a:00:00:00:00:00,-63,11,0,0,0,0,0,0,0,0,0,-92,0,1,0,17082336,0,31,0,128,0,"[0,0,-4,15,-4,15,-3,15,-3,15,-3,15,-3,14,-3,14,-2,14,-2,14,-2,14,-2,13,-1,14,-1,14,-1,14,-2,13,-2,13,-3,13,-3,12,-3,12,-4,11,-4,10,-5,9,-5,9,-4,9,-4,7,-5,7,0,0,0,0,0,0,0,0,0,0,0,0,0,0,0,0,0,0,0,0,0,0,-5,11,-6,11,-7,11,-7,11,-7,11,-8,11,-9,10,-9,10,-9,10,-10,10,-9,9,-9,9,-9,9,-8,9,-8,9,-7,10,-7,10,-6,10,-6,11,-5,11,-5,12,-5,12,-4,13,-4,13,-4,14,-4,14]"
CSI_DATA,98,1a:00:00:00:00:00,-63,11,0,0,0,0,0,0,0,0,0,-92,0,1,0,17283544,0,31,0,128,0,"[0,0,14,-2,14,-2,14,-2,14,-2,14,-2,13,-2,14,-2,14,-2,14,-3,14,-3,13,-2,13,-3,13,-3,13,-3,13,-3,13,-2,13,-2,12,-2,12,-1,11,0,10,1,10,1,8,2,8,2,7,2,7,2,0,0,0,0,0,0,0,0,0,0,0,0,0,0,0,0,0,0,0,0,0,0,10,-1,11,0,11,0,11,1,12,1,12,2,12,2,12,3,12,3,11,3,11,4,11,4,11,3,11,2,11,2,11,2,11,2,11,1,11,0,12,0,12,-1,12,-1,13,-1,13,-2,14,-2,14,-2]"
CSI_DATA,99,1a:00:00:00:00:00,-63,11,0,0,0,0,0,0,0,0,0,-92,0,1,0,17484764,0,31,0,128,0,"[0,0,2,14,2,14,2,14,3,14,3,14,3,14,3,14,3,14,3,13,3,13,3,13,4,13,4,13,4,13,4,13,3,13,3,13,2,13,1,12,1,12,0,11,0,10,0,10,-1,9,-1,8,-1,7,0,0,0,0,0,0,0,0,0,0,0,0,0,0,0,0,0,0,0,0,0,0,0,11,-1,11,-1,11,-2,11,-2,12,-3,12,-3,12,-4,12,-4,12,-4,12,-4,11,-4,11,-4,11,-3,12,-3,11,-2,11,-2,11,-1,12,-1,12,0,12,0,12,1,13,1,13,1,14,2,14,2,14]"
CSI_DATA,100,1a:00:00:00:00:00,-62,11,0,0,0,0,0,0,0,0,0,-92,0,1,0,17685873,0,31,0,128,0,"[0,0,-9,13,-8,14,-8,14,-8,14,-8,14,-9,14,-9,13,-9,14,-8,14,-7,13,-7,13,-7,13,-7,13,-7,13,-8,13,-7,13,-8,12,-9,12,-9,11,-9,10,-9,9,-8,8,-7,7,-7,7,-7,6,-7,6,0,0,0,0,0,0,0,0,0,0,0,0,0,0,0,0,0,0,0,0,0,0,-8,8,-8,8,-9,8,-9,8,-10,8,-11,8,-11,8,-11,7,-11,7,-12,7,-11,7,-11,7,-11,7,-10,7,-10,7,-9,8,-9,8,-9,9,-9,9,-9,10,-9,10,-9,10,-8,11,-8,12,-8,13,-9,13]"
CSI_DATA,101,1a:00:00:00:00:00,-61,11,0,0,0,0,0,0,0,0,0,-92,0,1,0,17887358,0,31,0,128,0,"[0,0,-16,0,-16,1,-16,1,-16,1,-16,1,-15,1,-15,0,-15,0,-15,1,-15,1,-16,2,-15,2,-15,2,-15,2,-14,2,-14,1,-14,1,-14,0,-14,0,-13,-1,-13,-2,-12,-2,-11,-2,-11,-2,-10,-3,-9,-3,0,0,0,0,0,0,0,0,0,0,0,0,0,0,0,0,0,0,0,0,0,0,-11,0,-11,0,-11,-1,-12,-1,-12,-2,-12,-3,-12,-3,-12,-3,-12,-3,-12,-3,-12,-4,-12,-3,-12,-3,-12,-3,-12,-3,-12,-2,-12,-2,-12,-2,-12,-1,-13,0,-14,0,-15,1,-15,1,-15,1,-15,1,-16,1]"
[0;32mI (17919) ftm_responder: Counter = 18[0m
CSI_DATA,102,1a:00:00:00:00:00,-61,11,0,0,0,0,0,0,0,0,0,-92,0,1,0,18088313,0,31,0,128,0,"[0,0,-15,5,-15,6,-15,4,-15,5,-14,4,-15,5,-15,5,-13,6,-13,5,-14,6,-14,6,-13,6,-13,7,-12,5,-13,6,-13,5,-13,5,-13,5,-13,4,-13,3,-12,3,-12,2,-11,1,-10,1,-9,1,-9,0,0,0,0,0,0,0,0,0,0,0,0,0,0,0,0,0,0,0,0,0,0,0,-10,2,-10,2,-11,1,-11,1,-12,1,-12,0,-13,0,-12,-1,-12,-1,-12,-1,-12,-1,-12,-1,-12,0,-12,0,-12,0,-12,1,-12,1,-12,1,-12,2,-12,2,-12,3,-14,4,-13,5,-14,5,-14,6,-14,6]"
CSI_DATA,103,1a:00:00:00:00:00,-61,11,0,0,0,0,0,0,0,0,0,-92,0,1,0,18149398,0,42,0,128,0,"[0,0,-13,-10,-12,-11,-13,-11,-12,-11,-12,-11,-12,-10,-12,-10,-11,-10,-12,-10,-12,-9,-12,-9,-11,-9,-12,-9,-12,-9,-11,-8,-12,-10,-11,-9,-10,-9,-11,-10,-10,-10,-8,-10,-8,-9,-6,-8,-6,-9,-7,-8,-6,-7,0,0,0,0,0,0,0,0,0,0,0,0,0,0,0,0,0,0,0,0,0,0,-7,-8,-7,-8,-6,-9,-6,-10,-6,-10,-6,-11,-6,-11,-6,-11,-5,-12,-5,-11,-5,-11,-5,-11,-5,-11,-6,-10,-6,-11,-7,-10,-7,-11,-8,-10,-8,-10,-8,-10,-10,-10,-10,-10,-11,-10,-11,-10,-12,-10,-12,-11]"
CSI_DATA,104,1a:00:00:00:00:00,-61,11,0,0,0,0,0,0,0,0,0,-92,0,1,0,18216282,0,31,0,128,0,"[0,0,-15,7,-14,8,-14,7,-14,7,-14,7,-13,8,-13,8,-13,8,-13,8,-12,8,-13,8,-13,8,-12,7,-12,8,-12,7,-12,7,-12,7,-13,6,-13,5,-12,5,-11,4,-10,3,-10,2,-9,2,-9,1,-10,1,0,0,0,0,0,0,0,0,0,0,0,0,0,0,0,0,0,0,0,0,0,0,-10,4,-10,4,-10,4,-11,3,-11,3,-12,3,-12,3,-12,2,-12,2,-12,2,-12,2,-12,2,-12,2,-12,2,-12,3,-12,3,-12,3,-12,4,-12,5,-12,5,-12,6,-13,6,-13,7,-13,7,-13,7,-13,7]"
CSI_DATA,105,1a:00:00:00:00:00,-61,11,0,0,0,0,0,0,0,0,0,-92,0,1,0,18417444,0,31,0,128,0,"[0,0,15,-1,15,-1,15,-1,15,-1,15,-1,14,-1,14,-2,14,-2,14,-2,14,-1,14,-1,13,-1,13,-1,13,-2,13,-2,13,-2,13,-2,13,-1,12,0,12,-1,11,-1,10,0,10,1,9,1,8,2,8,2,0,0,0,0,0,0,0,0,0,0,0,0,0,0,0,0,0,0,0,0,0,0,10,1,10,1,10,1,10,2,11,2,11,3,11,3,11,3,11,4,11,4,11,4,10,4,11,4,11,3,11,3,11,3,11,2,12,2,12,1,12,0,13,0,13,0,14,-1,14,-1,14,-1,15,-1]"
