ESP-ROM:esp32s3-20210327
Build:Mar 27 2021
rst:0x15 (USB_UART_CHIP_RESET),boot:0x9 (SPI_FAST_FLASH_BOOT)
Saved PC:0x4037abfa
SPIWP:0xee
mode:DIO, clock div:1
load:0x3fce2810,len:0x15a0
load:0x403c8700,len:0x4
load:0x403c8704,len:0xd20
load:0x403cb700,len:0x2ee4
entry 0x403c8928
[0;32mI (26) boot: ESP-IDF v5.4-dirty 2nd stage bootloader[0m
[0;32mI (27) boot: compile time May  6 2025 13:26:06[0m
[0;32mI (27) boot: Multicore bootloader[0m
[0;32mI (27) boot: chip revision: v0.2[0m
[0;32mI (30) boot: efuse block revision: v1.3[0m
[0;32mI (34) boot.esp32s3: Boot SPI Speed : 80MHz[0m
[0;32mI (37) boot.esp32s3: SPI Mode       : DIO[0m
[0;32mI (41) boot.esp32s3: SPI Flash Size : 2MB[0m
[0;32mI (45) boot: Enabling RNG early entropy source...[0m
[0;32mI (49) boot: Partition Table:[0m
[0;32mI (52) boot: ## Label            Usage          Type ST Offset   Length[0m
[0;32mI (58) boot:  0 nvs              WiFi data        01 02 00009000 00006000[0m
[0;32mI (65) boot:  1 phy_init         RF data          01 01 0000f000 00001000[0m
[0;32mI (71) boot:  2 factory          factory app      00 00 00010000 00100000[0m
[0;32mI (78) boot: End of partition table[0m
[0;32mI (81) esp_image: segment 0: paddr=00010020 vaddr=3c080020 size=18f0ch (102156) map[0m
[0;32mI (107) esp_image: segment 1: paddr=00028f34 vaddr=3fc99a00 size=04a08h ( 18952) load[0m
[0;32mI (111) esp_image: segment 2: paddr=0002d944 vaddr=40374000 size=026d4h (  9940) load[0m
[0;32mI (114) esp_image: segment 3: paddr=00030020 vaddr=42000020 size=7ff4ch (524108) map[0m
[0;32mI (210) esp_image: segment 4: paddr=000aff74 vaddr=403766d4 size=13270h ( 78448) load[0m
[0;32mI (228) esp_image: segment 5: paddr=000c31ec vaddr=600fe100 size=0001ch (    28) load[0m
[0;32mI (237) boot: Loaded app from partition at offset 0x10000[0m
[0;32mI (237) boot: Disabling RNG early entropy source...[0m
[0;32mI (247) cpu_start: Multicore app[0m
[0;32mI (256) cpu_start: Pro cpu start user code[0m
[0;32mI (256) cpu_start: cpu freq: 160000000 Hz[0m
[0;32mI (256) app_init: Application information:[0m
[0;32mI (256) app_init: Project name:     responder[0m
[0;32mI (260) app_init: App version:      89f9f88-dirty[0m
[0;32mI (265) app_init: Compile time:     Jul 21 2025 20:52:32[0m
[0;32mI (270) app_init: ELF file SHA256:  2b702322b...[0m
[0;32mI (274) app_init: ESP-IDF:          v5.4-dirty[0m
[0;32mI (278) efuse_init: Min chip rev:     v0.0[0m
[0;32mI (282) efuse_init: Max chip rev:     v0.99 [0m
[0;32mI (286) efuse_init: Chip rev:         v0.2[0m
[0;32mI (290) heap_init: Initializing. RAM available for dynamic allocation:[0m
[0;32mI (296) heap_init: At 3FCA2020 len 000476F0 (285 KiB): RAM[0m
[0;32mI (301) heap_init: At 3FCE9710 len 00005724 (21 KiB): RAM[0m
[0;32mI (306) heap_init: At 3FCF0000 len 00008000 (32 KiB): DRAM[0m
[0;32mI (312) heap_init: At 600FE11C len 00001ECC (7 KiB): RTCRAM[0m
[0;32mI (318) spi_flash: detected chip: gd[0m
[0;32mI (320) spi_flash: flash io: dio[0m
[0;33mW (323) spi_flash: Detected size(8192k) larger than the size in the binary image header(2048k). Using the size in the binary image header.[0m
[0;32mI (336) sleep_gpio: Configure to isolate all GPIO pins in sleep state[0m
[0;32mI (342) sleep_gpio: Enable automatic switching of GPIO sleep configuration[0m
[0;32mI (349) main_task: Started on CPU0[0m
[0;32mI (359) main_task: Calling app_main()[0m
[0;32mI (369) pp: pp rom version: e7ae62f[0m
[0;32mI (369) net80211: net80211 rom version: e7ae62f[0m
[0;32mI (389) wifi_init: rx ba win: 6[0m
[0;32mI (389) wifi_init: accept mbox: 6[0m
[0;32mI (389) wifi_init: tcpip mbox: 32[0m
[0;32mI (389) wifi_init: udp mbox: 6[0m
[0;32mI (389) wifi_init: tcp mbox: 6[0m
[0;32mI (399) wifi_init: tcp tx win: 5760[0m
[0;32mI (399) wifi_init: tcp rx win: 5760[0m
[0;32mI (399) wifi_init: tcp mss: 1440[0m
[0;32mI (409) wifi_init: WiFi IRAM OP enabled[0m
[0;32mI (409) wifi_init: WiFi RX IRAM OP enabled[0m
[0;32mI (409) phy_init: phy_version 680,a6008b2,Jun  4 2024,16:41:10[0m
[0;32mI (899) ftm_responder: Starting SoftAP with FTM Responder support, SSID - FTM, Password - ftmftmftm, Primary Channel - 1, Bandwidth - 20MHz[0m
[0;32mI (909) ftm_responder: FTM Responder is ready, waiting for FTM requests...[0m
[0;32mI (909) ftm_responder: Counter = 1[0m
[0;32mI (909) main_task: Returned from app_main()[0m
[0;32mI (1909) ftm_responder: Counter = 2[0m
[0;32mI (2909) ftm_responder: Counter = 3[0m
[0;32mI (3909) ftm_responder: Counter = 4[0m
[0;32mI (4909) ftm_responder: Counter = 5[0m
[0;32mI (5909) ftm_responder: Counter = 6[0m
[0;32mI (6909) ftm_responder: Counter = 7[0m
[0;32mI (7909) ftm_responder: Counter = 8[0m
[0;32mI (8909) ftm_responder: Counter = 9[0m
[0;32mI (9439) csi_recv: ================ CSI RECV ================[0m
type,id,mac,rssi,rate,sig_mode,mcs,bandwidth,smoothing,not_sounding,aggregation,stbc,fec_coding,sgi,noise_floor,ampdu_cnt,channel,secondary_channel,local_timestamp,ant,sig_len,rx_state,len,first_word,data
CSI_DATA,0,1a:00:00:00:00:00,-41,11,0,0,0,0,0,0,0,0,0,-96,0,1,0,9436889,0,28,0,128,0,"[0,0,-16,3,-16,3,-15,3,-14,3,-14,3,-13,3,-13,3,-12,4,-11,3,-11,4,-11,5,-10,5,-10,5,-9,5,-9,5,-9,5,-9,5,-9,5,-9,5,-8,4,-8,4,-8,4,-8,4,-7,3,-7,3,-7,2,0,0,0,0,0,0,0,0,0,0,0,0,0,0,0,0,0,0,0,0,0,0,-14,6,-14,5,-16,4,-16,3,-17,2,-17,2,-18,1,-17,0,-17,0,-17,-1,-17,-1,-17,-1,-17,-1,-16,0,-16,0,-16,0,-16,0,-16,1,-16,1,-16,2,-16,2,-16,2,-16,3,-16,3,-16,3,-16,3]"
CSI_DATA,1,1a:00:00:00:00:00,-41,11,0,0,0,0,0,0,0,0,0,-96,0,1,0,9438913,0,165,0,128,0,"[0,0,0,-16,0,-16,-1,-15,-1,-15,-1,-14,-1,-14,-1,-13,-2,-12,-2,-12,-3,-12,-4,-11,-4,-11,-4,-11,-4,-11,-4,-10,-4,-10,-4,-10,-4,-10,-4,-10,-4,-9,-3,-9,-3,-9,-3,-8,-3,-8,-3,-7,-2,-7,0,0,0,0,0,0,0,0,0,0,0,0,0,0,0,0,0,0,0,0,0,0,-3,-15,-2,-15,-1,-16,-1,-17,0,-17,1,-17,2,-17,3,-17,4,-17,4,-17,3,-17,4,-17,4,-16,3,-16,3,-15,3,-16,2,-16,2,-16,1,-16,1,-16,1,-16,1,-16,0,-16,-1,-17,-1,-17,-1,-17]"
CSI_DATA,2,1a:00:00:00:00:00,-41,11,0,0,0,0,0,0,0,0,0,-96,0,1,0,9540328,0,137,0,128,0,"[0,0,-14,9,-13,9,-13,9,-12,8,-11,8,-11,8,-10,8,-9,8,-9,8,-8,8,-8,8,-7,8,-6,8,-6,8,-6,8,-6,8,-6,8,-6,8,-6,7,-5,7,-5,7,-5,6,-5,6,-5,5,-5,5,-5,4,0,0,0,0,0,0,0,0,0,0,0,0,0,0,0,0,0,0,0,0,0,0,-11,11,-12,10,-13,9,-14,9,-15,9,-16,8,-16,7,-17,7,-17,6,-17,6,-17,6,-17,6,-16,6,-16,6,-15,6,-15,6,-15,7,-14,7,-14,8,-14,8,-14,8,-14,9,-14,9,-14,10,-14,10,-14,9]"
CSI_DATA,3,1a:00:00:00:00:00,-41,11,0,0,0,0,0,0,0,0,0,-96,0,1,0,9546924,0,42,0,128,0,"[0,0,-2,-15,-3,-15,-2,-15,-3,-14,-3,-13,-3,-13,-3,-12,-3,-12,-3,-11,-4,-11,-5,-10,-5,-10,-5,-9,-5,-9,-5,-9,-5,-9,-5,-9,-4,-8,-5,-8,-4,-8,-4,-8,-4,-7,-3,-7,-3,-7,-3,-6,-3,-6,0,0,0,0,0,0,0,0,0,0,0,0,0,0,0,0,0,0,0,0,0,0,-6,-14,-5,-14,-4,-15,-4,-16,-3,-16,-2,-17,-1,-17,-1,-17,0,-17,0,-17,1,-17,1,-17,0,-16,0,-16,0,-16,0,-16,0,-15,-1,-15,-1,-15,-2,-15,-2,-16,-2,-16,-3,-16,-3,-16,-3,-16,-3,-16]"
CSI_DATA,4,1a:00:00:00:00:00,-39,11,0,0,0,0,0,0,0,0,0,-96,0,1,0,9717277,0,31,0,128,0,"[0,0,-5,13,-5,13,-5,12,-4,12,-4,12,-4,11,-3,11,-3,10,-2,10,-2,10,-1,10,-1,9,-1,9,-1,9,0,9,0,9,0,9,0,8,-1,8,-1,8,-1,8,-1,7,-1,7,-1,7,-1,6,-2,5,0,0,0,0,0,0,0,0,0,0,0,0,0,0,0,0,0,0,0,0,0,0,-2,13,-3,13,-4,14,-5,14,-6,14,-7,14,-7,14,-8,13,-8,13,-9,13,-9,13,-9,12,-8,12,-8,12,-8,11,-7,12,-7,12,-7,12,-6,12,-6,13,-6,13,-5,13,-5,13,-5,14,-5,14,-5,14]"
[0;32mI (9909) ftm_responder: Counter = 10[0m
CSI_DATA,5,1a:00:00:00:00:00,-41,11,0,0,0,0,0,0,0,0,0,-96,0,1,0,9918508,0,31,0,128,0,"[0,0,11,-10,11,-11,10,-10,10,-10,9,-10,8,-10,8,-9,7,-9,6,-9,6,-9,6,-9,5,-9,4,-8,4,-8,4,-8,4,-8,4,-8,3,-7,3,-7,3,-6,3,-6,3,-6,3,-5,2,-5,2,-4,2,-4,0,0,0,0,0,0,0,0,0,0,0,0,0,0,0,0,0,0,0,0,0,0,9,-12,10,-12,12,-12,12,-12,13,-11,14,-11,15,-10,15,-10,15,-9,15,-8,15,-8,15,-8,14,-8,14,-8,13,-8,14,-9,12,-9,13,-9,12,-10,12,-10,12,-10,12,-11,12,-11,12,-11,12,-11,12,-11]"
CSI_DATA,6,1a:00:00:00:00:00,-39,11,0,0,0,0,0,0,0,0,0,-96,0,1,0,10121031,0,31,0,128,0,"[0,0,-11,-12,-11,-11,-11,-11,-10,-11,-10,-10,-10,-9,-10,-9,-10,-8,-10,-8,-10,-7,-10,-7,-10,-6,-10,-6,-10,-5,-10,-5,-10,-5,-10,-5,-10,-5,-10,-5,-9,-5,-9,-5,-8,-5,-8,-5,-7,-6,-7,-6,-6,-5,0,0,0,0,0,0,0,0,0,0,0,0,0,0,0,0,0,0,0,0,0,0,-11,-9,-11,-10,-11,-11,-10,-12,-10,-13,-9,-13,-9,-14,-9,-14,-8,-14,-7,-15,-7,-15,-7,-15,-7,-14,-7,-14,-7,-13,-8,-14,-8,-13,-9,-12,-9,-12,-10,-12,-10,-12,-11,-12,-11,-12,-11,-12,-11,-12,-11,-12]"
CSI_DATA,7,1a:00:00:00:00:00,-42,11,0,0,0,0,0,0,0,0,0,-96,0,1,0,10320730,0,31,0,128,0,"[0,0,-12,8,-11,8,-11,8,-10,7,-10,8,-9,7,-8,7,-8,7,-7,7,-6,7,-6,7,-5,7,-5,7,-5,8,-4,7,-4,7,-4,7,-4,7,-4,6,-4,6,-4,6,-3,6,-3,5,-3,5,-3,4,-3,4,0,0,0,0,0,0,0,0,0,0,0,0,0,0,0,0,0,0,0,0,0,0,-11,10,-12,10,-13,9,-14,9,-14,8,-15,8,-16,7,-16,7,-16,6,-16,5,-16,5,-15,5,-15,5,-15,5,-14,5,-14,5,-14,6,-13,6,-13,7,-13,7,-12,8,-13,8,-12,8,-12,9,-13,8,-12,8]"
CSI_DATA,8,1a:00:00:00:00:00,-43,11,0,0,0,0,0,0,0,0,0,-96,0,1,0,10521894,0,31,0,128,0,"[0,0,14,3,13,3,14,3,12,2,12,2,12,2,11,1,11,1,10,1,10,0,10,0,9,-1,9,-1,9,-1,8,-1,9,-1,8,-1,8,-1,8,-1,7,-1,7,0,6,0,6,0,5,0,5,0,4,0,0,0,0,0,0,0,0,0,0,0,0,0,0,0,0,0,0,0,0,0,0,0,13,0,14,1,14,2,15,3,14,4,15,5,15,5,15,6,14,6,13,7,14,7,13,7,13,7,13,6,13,6,13,5,14,5,13,5,14,4,14,4,14,3,14,3,14,3,15,3,15,3,15,3]"
CSI_DATA,9,1a:00:00:00:00:00,-43,11,0,0,0,0,0,0,0,0,0,-96,0,1,0,10723031,0,31,0,128,0,"[0,0,10,9,9,9,9,9,9,7,9,7,9,7,8,6,8,6,8,4,8,4,8,4,8,3,7,3,8,3,7,2,8,2,7,2,7,2,7,2,6,2,6,2,5,2,5,2,4,2,4,1,4,2,0,0,0,0,0,0,0,0,0,0,0,0,0,0,0,0,0,0,0,0,0,0,11,8,11,9,11,10,11,11,10,11,10,12,9,13,9,13,8,13,8,13,8,13,8,13,8,12,8,12,7,12,8,11,8,11,8,10,9,11,9,10,10,10,10,10,10,9,10,10,11,10,11,9]"
[0;32mI (10909) ftm_responder: Counter = 11[0m
CSI_DATA,10,1a:00:00:00:00:00,-43,11,0,0,0,0,0,0,0,0,0,-96,0,1,0,10924424,0,31,0,128,0,"[0,0,13,4,13,4,12,3,12,3,11,3,11,2,11,2,10,1,10,1,10,0,9,0,9,0,9,-1,8,-1,8,-1,8,-1,8,-1,8,-1,7,-1,7,-1,7,-1,6,-1,6,-1,5,-1,5,0,4,0,0,0,0,0,0,0,0,0,0,0,0,0,0,0,0,0,0,0,0,0,0,0,14,1,14,2,15,3,15,4,15,5,15,6,15,7,14,7,14,8,14,8,14,8,13,8,13,8,13,7,12,7,13,7,13,6,13,6,13,5,13,5,13,5,14,5,14,4,14,4,14,4,14,4]"
CSI_DATA,11,1a:00:00:00:00:00,-43,11,0,0,0,0,0,0,0,0,0,-96,0,1,0,11125492,0,31,0,128,0,"[0,0,-14,7,-13,7,-13,7,-12,6,-12,6,-11,6,-10,6,-9,7,-9,6,-8,6,-8,6,-7,7,-7,7,-6,7,-6,7,-6,7,-6,7,-6,7,-6,6,-5,6,-5,5,-5,5,-5,5,-5,4,-4,4,-4,4,0,0,0,0,0,0,0,0,0,0,0,0,0,0,0,0,0,0,0,0,0,0,-12,8,-14,8,-14,7,-16,7,-15,6,-17,5,-17,5,-17,4,-17,4,-16,3,-17,3,-17,3,-16,3,-16,3,-15,3,-15,4,-15,4,-14,5,-15,5,-14,6,-14,6,-14,6,-14,6,-14,7,-15,7,-14,7]"
CSI_DATA,12,1a:00:00:00:00:00,-43,11,0,0,0,0,0,0,0,0,0,-96,0,1,0,11373799,0,42,0,128,0,"[0,0,-15,3,-14,3,-14,4,-13,4,-12,4,-12,4,-11,4,-10,4,-10,4,-10,5,-9,5,-8,5,-8,5,-8,5,-8,5,-7,5,-7,6,-7,5,-7,5,-7,4,-6,4,-6,4,-6,3,-6,3,-5,3,-5,2,0,0,0,0,0,0,0,0,0,0,0,0,0,0,0,0,0,0,0,0,0,0,-14,5,-14,5,-15,4,-16,3,-17,3,-17,2,-17,1,-17,1,-17,0,-17,-1,-17,-1,-17,-1,-16,-1,-16,-1,-15,0,-16,0,-15,1,-15,1,-15,2,-15,3,-15,3,-15,3,-15,3,-15,4,-15,4,-15,3]"
CSI_DATA,13,1a:00:00:00:00:00,-42,11,0,0,0,0,0,0,0,0,0,-96,0,1,0,11456795,0,31,0,128,0,"[0,0,-14,-5,-15,-5,-13,-5,-14,-5,-12,-4,-12,-4,-12,-3,-11,-3,-11,-2,-11,-2,-11,-1,-10,-1,-10,-1,-9,0,-10,0,-9,0,-10,0,-9,0,-9,0,-9,0,-8,-1,-7,-1,-7,-1,-7,-1,-6,-1,-6,-1,0,0,0,0,0,0,0,0,0,0,0,0,0,0,0,0,0,0,0,0,0,0,-15,-3,-14,-4,-16,-5,-15,-6,-16,-7,-15,-8,-15,-9,-15,-9,-14,-9,-15,-10,-14,-10,-14,-10,-14,-9,-13,-9,-13,-8,-14,-9,-13,-7,-14,-8,-14,-7,-14,-7,-14,-6,-15,-6,-15,-6,-15,-6,-15,-5,-15,-6]"
CSI_DATA,14,1a:00:00:00:00:00,-43,11,0,0,0,0,0,0,0,0,0,-96,0,1,0,11657840,0,31,0,128,0,"[0,0,3,-15,2,-14,2,-15,2,-13,2,-13,1,-13,1,-12,1,-12,0,-11,-1,-11,-1,-11,-2,-10,-2,-10,-2,-10,-2,-9,-2,-9,-2,-9,-2,-9,-2,-9,-2,-8,-1,-8,-1,-8,-1,-7,-1,-7,-1,-6,-1,-6,0,0,0,0,0,0,0,0,0,0,0,0,0,0,0,0,0,0,0,0,0,0,-1,-15,1,-16,2,-16,2,-17,3,-16,4,-17,5,-16,6,-16,6,-16,6,-15,6,-16,6,-15,6,-15,6,-15,6,-14,5,-14,5,-15,4,-14,4,-15,4,-15,3,-15,3,-15,3,-15,3,-16,2,-16,2,-16]"
CSI_DATA,15,1a:00:00:00:00:00,-42,11,0,0,0,0,0,0,0,0,0,-96,0,1,0,11858964,0,31,0,128,0,"[0,0,-12,8,-12,8,-11,8,-11,8,-10,8,-9,8,-9,8,-8,7,-7,7,-7,7,-6,8,-6,8,-5,7,-5,7,-4,7,-5,7,-4,7,-4,7,-4,6,-4,6,-4,6,-4,5,-4,5,-4,5,-4,4,-3,4,0,0,0,0,0,0,0,0,0,0,0,0,0,0,0,0,0,0,0,0,0,0,-11,10,-11,10,-13,9,-13,9,-14,8,-15,8,-16,7,-15,6,-16,6,-16,5,-16,6,-15,5,-15,5,-14,6,-14,5,-14,6,-14,6,-13,7,-13,7,-13,8,-13,8,-13,8,-13,8,-13,9,-12,9,-12,9]"
[0;32mI (11909) ftm_responder: Counter = 12[0m
CSI_DATA,16,1a:00:00:00:00:00,-42,11,0,0,0,0,0,0,0,0,0,-96,0,1,0,12060361,0,31,0,128,0,"[0,0,-3,14,-2,14,-2,13,-2,13,-2,12,-1,12,-1,11,0,10,0,10,0,10,1,9,1,9,1,8,1,8,2,8,2,8,2,8,2,8,1,7,1,7,1,7,1,6,0,6,0,5,0,5,0,5,0,0,0,0,0,0,0,0,0,0,0,0,0,0,0,0,0,0,0,0,0,0,-1,14,-2,15,-3,15,-3,16,-4,16,-5,16,-6,16,-6,15,-7,15,-8,15,-8,15,-8,14,-7,14,-7,14,-7,13,-6,14,-6,13,-5,14,-5,14,-4,14,-4,14,-4,14,-3,15,-3,15,-3,15,-3,15]"
CSI_DATA,17,1a:00:00:00:00:00,-42,11,0,0,0,0,0,0,0,0,0,-96,0,1,0,12261396,0,31,0,128,0,"[0,0,-10,-12,-10,-12,-10,-11,-9,-11,-9,-10,-9,-9,-9,-9,-8,-8,-9,-8,-9,-7,-9,-6,-9,-6,-9,-5,-8,-5,-9,-5,-8,-4,-9,-4,-8,-4,-8,-4,-7,-4,-7,-4,-6,-4,-6,-4,-5,-4,-5,-3,-5,-3,0,0,0,0,0,0,0,0,0,0,0,0,0,0,0,0,0,0,0,0,0,0,-12,-11,-11,-12,-11,-13,-10,-14,-10,-15,-9,-15,-8,-16,-8,-16,-7,-16,-7,-16,-7,-16,-7,-16,-7,-15,-7,-15,-7,-14,-7,-15,-7,-14,-8,-13,-8,-13,-9,-13,-9,-13,-9,-13,-10,-13,-10,-13,-10,-13,-10,-13]"
CSI_DATA,18,1a:00:00:00:00:00,-43,11,0,0,0,0,0,0,0,0,0,-96,0,1,0,12462544,0,31,0,128,0,"[0,0,11,7,11,7,10,6,10,6,10,5,9,5,9,4,9,4,9,3,9,3,8,2,8,2,8,1,8,1,8,1,7,1,7,1,7,1,7,1,6,1,6,1,6,1,5,1,5,1,4,1,4,1,0,0,0,0,0,0,0,0,0,0,0,0,0,0,0,0,0,0,0,0,0,0,12,5,12,6,12,8,12,8,12,9,11,10,11,11,11,11,11,11,10,12,10,12,9,11,9,11,9,11,9,10,10,10,9,9,10,9,10,8,11,8,11,8,11,8,11,8,11,8,12,8,11,8]"
CSI_DATA,19,1a:00:00:00:00:00,-42,11,0,0,0,0,0,0,0,0,0,-96,0,1,0,12663675,0,31,0,128,0,"[0,0,-1,-15,-1,-15,-1,-14,-1,-14,-1,-13,-2,-13,-2,-12,-2,-11,-3,-11,-3,-11,-3,-10,-3,-10,-4,-9,-4,-9,-4,-9,-4,-9,-4,-8,-4,-8,-4,-8,-4,-8,-3,-7,-3,-7,-2,-7,-2,-6,-2,-6,-2,-5,0,0,0,0,0,0,0,0,0,0,0,0,0,0,0,0,0,0,0,0,0,0,-3,-15,-2,-16,-1,-16,0,-17,1,-17,2,-18,2,-17,3,-17,3,-17,4,-17,4,-17,4,-16,4,-16,4,-16,3,-15,3,-16,2,-15,1,-15,1,-15,0,-16,0,-15,0,-16,0,-16,-1,-16,-1,-16,-1,-16]"
CSI_DATA,20,1a:00:00:00:00:00,-42,11,0,0,0,0,0,0,0,0,0,-96,0,1,0,12864811,0,31,0,128,0,"[0,0,-9,12,-9,11,-9,11,-8,11,-7,10,-7,10,-7,10,-6,10,-5,9,-5,9,-4,9,-4,9,-3,9,-3,9,-3,9,-3,8,-3,9,-3,8,-3,8,-3,7,-3,7,-3,6,-3,6,-3,5,-3,5,-3,4,0,0,0,0,0,0,0,0,0,0,0,0,0,0,0,0,0,0,0,0,0,0,-7,13,-8,12,-9,13,-10,13,-11,12,-12,12,-13,11,-13,11,-13,10,-14,10,-14,10,-13,10,-13,10,-12,9,-12,9,-12,10,-11,10,-11,10,-11,10,-10,11,-10,11,-10,12,-10,12,-10,12,-9,13,-9,12]"
[0;32mI (12909) ftm_responder: Counter = 13[0m
CSI_DATA,21,1a:00:00:00:00:00,-46,11,0,0,0,0,0,0,0,0,0,-96,0,1,0,13114765,0,42,0,128,0,"[0,0,-10,10,-10,10,-10,9,-9,9,-8,8,-8,8,-7,8,-6,7,-6,7,-5,7,-5,7,-4,7,-4,6,-4,6,-3,6,-3,6,-3,5,-3,5,-3,4,-3,3,-3,3,-3,3,-2,2,-2,2,-2,1,-2,1,0,0,0,0,0,0,0,0,0,0,0,0,0,0,0,0,0,0,0,0,0,0,-11,12,-12,12,-13,12,-14,11,-14,11,-15,10,-16,10,-16,9,-16,9,-16,8,-16,8,-16,8,-15,8,-15,8,-14,8,-14,8,-13,8,-12,9,-12,9,-12,10,-12,10,-12,10,-11,10,-11,11,-11,11,-11,11]"
CSI_DATA,22,1a:00:00:00:00:00,-43,11,0,0,0,0,0,0,0,0,0,-96,0,1,0,13197796,0,31,0,128,0,"[0,0,-5,12,-5,12,-5,11,-5,11,-4,10,-3,10,-3,10,-3,9,-2,9,-2,8,-1,8,-1,8,-1,8,0,8,0,8,0,7,0,7,0,7,0,6,0,6,0,6,0,6,0,5,0,5,-1,4,0,4,0,0,0,0,0,0,0,0,0,0,0,0,0,0,0,0,0,0,0,0,0,0,-4,13,-5,13,-6,14,-7,14,-8,14,-9,13,-9,14,-10,13,-10,12,-11,11,-11,11,-11,11,-10,11,-10,11,-9,11,-9,11,-8,11,-8,11,-7,11,-7,12,-6,12,-6,12,-6,12,-6,13,-6,13,-6,13]"
CSI_DATA,23,1a:00:00:00:00:00,-45,11,0,0,0,0,0,0,0,0,0,-96,0,1,0,13398864,0,31,0,128,0,"[0,0,8,-11,8,-11,7,-10,7,-10,6,-10,6,-9,5,-9,4,-9,4,-9,3,-9,3,-9,2,-8,2,-8,2,-8,1,-8,1,-8,1,-8,1,-7,1,-7,1,-6,0,-6,1,-6,0,-6,0,-5,0,-5,0,-4,0,0,0,0,0,0,0,0,0,0,0,0,0,0,0,0,0,0,0,0,0,0,7,-13,8,-13,9,-13,10,-13,11,-13,11,-12,12,-12,12,-11,13,-11,13,-10,13,-10,12,-10,12,-10,12,-10,11,-9,11,-10,10,-10,10,-10,10,-10,9,-11,9,-11,9,-11,9,-11,9,-12,8,-12,8,-12]"
CSI_DATA,24,1a:00:00:00:00:00,-44,11,0,0,0,0,0,0,0,0,0,-96,0,1,0,13599998,0,31,0,128,0,"[0,0,1,14,0,14,0,13,1,12,1,12,1,11,1,11,2,10,2,9,2,9,3,9,3,8,3,8,4,7,3,7,4,7,4,6,4,6,4,6,3,6,3,5,3,5,2,5,2,5,3,4,2,4,0,0,0,0,0,0,0,0,0,0,0,0,0,0,0,0,0,0,0,0,0,0,3,14,1,15,0,16,0,16,-1,16,-2,17,-3,17,-4,17,-4,16,-5,16,-5,16,-5,16,-4,15,-4,15,-4,15,-3,15,-3,15,-2,14,-2,15,-1,15,-1,15,-1,15,0,15,0,15,0,15,0,15]"
CSI_DATA,25,1a:00:00:00:00:00,-44,11,0,0,0,0,0,0,0,0,0,-96,0,1,0,13801133,0,31,0,128,0,"[0,0,3,14,3,14,3,13,4,13,3,11,3,11,3,10,3,10,4,9,4,9,5,8,4,7,5,7,5,6,5,7,5,6,5,6,5,6,5,5,4,5,4,5,4,5,4,5,3,4,3,4,3,4,0,0,0,0,0,0,0,0,0,0,0,0,0,0,0,0,0,0,0,0,0,0,6,13,6,14,5,15,4,15,4,16,2,16,2,17,1,17,0,17,0,17,0,17,0,16,0,16,0,15,0,15,1,15,1,15,1,15,2,14,2,15,2,15,3,15,3,15,4,15,3,15,3,15]"
[0;32mI (13909) ftm_responder: Counter = 14[0m
CSI_DATA,26,1a:00:00:00:00:00,-44,11,0,0,0,0,0,0,0,0,0,-96,0,1,0,14002852,0,31,0,128,0,"[0,0,8,11,7,11,7,10,7,10,7,9,7,8,7,8,7,7,7,6,7,6,7,5,7,5,7,4,7,4,7,4,7,3,7,3,7,3,7,3,6,3,6,2,5,2,5,2,5,2,4,2,4,2,0,0,0,0,0,0,0,0,0,0,0,0,0,0,0,0,0,0,0,0,0,0,10,10,9,11,9,12,9,13,8,14,7,15,7,15,6,15,6,15,5,15,5,15,4,15,5,15,4,14,4,13,5,13,5,13,6,12,7,12,7,13,7,12,8,12,8,12,8,12,8,12,8,11]"
CSI_DATA,27,1a:00:00:00:00:00,-44,11,0,0,0,0,0,0,0,0,0,-96,0,1,0,14204229,0,31,0,128,0,"[0,0,1,13,2,13,2,13,2,11,2,11,2,11,3,10,3,10,3,8,3,8,3,8,4,7,4,7,4,7,4,6,4,6,4,6,4,6,4,5,4,5,3,5,3,5,3,4,3,4,3,4,3,3,0,0,0,0,0,0,0,0,0,0,0,0,0,0,0,0,0,0,0,0,0,0,5,13,4,14,3,15,3,16,2,15,1,16,0,16,-1,16,-1,16,-2,15,-2,16,-2,15,-2,15,-2,15,-1,14,-1,14,-1,14,0,13,0,14,1,14,1,14,1,14,2,13,2,14,2,14,2,14]"
CSI_DATA,28,1a:00:00:00:00:00,-44,11,0,0,0,0,0,0,0,0,0,-96,0,1,0,14404833,0,31,0,128,0,"[0,0,10,-11,9,-11,9,-11,8,-10,8,-10,7,-10,6,-10,6,-9,5,-9,4,-9,4,-9,3,-9,3,-9,2,-9,2,-9,2,-9,2,-8,1,-8,2,-8,1,-7,1,-7,1,-7,1,-7,1,-7,1,-6,1,-6,0,0,0,0,0,0,0,0,0,0,0,0,0,0,0,0,0,0,0,0,0,0,8,-13,9,-13,10,-12,11,-13,12,-12,13,-12,13,-11,14,-11,14,-10,14,-9,14,-9,14,-9,13,-9,13,-9,12,-9,12,-9,12,-10,11,-10,12,-10,11,-11,10,-11,10,-11,10,-11,10,-12,10,-11,10,-12]"
CSI_DATA,29,1a:00:00:00:00:00,-43,11,0,0,0,0,0,0,0,0,0,-96,0,1,0,14605950,0,31,0,128,0,"[0,0,10,9,10,9,9,8,9,8,9,7,9,7,8,6,8,5,8,5,8,4,8,3,8,3,8,3,8,2,7,2,8,2,8,2,7,1,7,1,7,1,7,1,6,2,6,1,5,1,5,1,5,1,0,0,0,0,0,0,0,0,0,0,0,0,0,0,0,0,0,0,0,0,0,0,12,7,11,9,11,10,11,11,11,12,10,12,10,13,9,13,8,13,8,14,8,13,8,13,7,13,8,12,8,12,8,12,8,11,8,11,9,11,9,10,9,10,10,10,10,10,10,10,10,10,10,9]"
CSI_DATA,30,1a:00:00:00:00:00,-42,11,0,0,0,0,0,0,0,0,0,-96,0,1,0,14891296,0,42,0,128,0,"[0,0,-6,14,-5,13,-5,13,-5,12,-4,12,-4,11,-3,11,-3,11,-3,10,-2,10,-2,9,-1,9,-1,9,-1,9,-1,9,-1,9,-1,9,-1,8,-1,8,-1,7,-1,7,-1,7,-1,6,-2,6,-2,5,-2,5,0,0,0,0,0,0,0,0,0,0,0,0,0,0,0,0,0,0,0,0,0,0,-3,13,-4,14,-5,13,-6,14,-6,14,-7,14,-8,14,-8,13,-9,13,-9,12,-10,13,-10,12,-9,12,-9,12,-8,12,-8,12,-8,12,-7,12,-7,13,-6,13,-6,13,-6,14,-6,13,-6,14,-6,14,-6,14]"
[0;32mI (14909) ftm_responder: Counter = 15[0m
CSI_DATA,31,1a:00:00:00:00:00,-42,11,0,0,0,0,0,0,0,0,0,-96,0,1,0,14944394,0,31,0,128,0,"[0,0,-7,-14,-6,-13,-7,-13,-6,-12,-6,-12,-6,-11,-6,-11,-6,-10,-7,-9,-7,-9,-7,-8,-7,-8,-7,-7,-7,-7,-7,-7,-7,-7,-7,-6,-7,-6,-6,-6,-6,-6,-6,-6,-5,-6,-5,-5,-5,-5,-4,-5,-4,-5,0,0,0,0,0,0,0,0,0,0,0,0,0,0,0,0,0,0,0,0,0,0,-9,-12,-9,-13,-8,-14,-8,-15,-7,-15,-6,-16,-5,-17,-5,-17,-4,-17,-4,-16,-4,-17,-3,-16,-4,-16,-4,-16,-4,-15,-4,-15,-5,-15,-5,-14,-5,-15,-6,-15,-6,-15,-6,-15,-7,-14,-7,-15,-7,-15,-7,-15]"
CSI_DATA,32,1a:00:00:00:00:00,-43,11,0,0,0,0,0,0,0,0,0,-96,0,1,0,15145499,0,31,0,128,0,"[0,0,1,15,1,14,1,13,2,13,2,12,2,12,2,11,2,11,3,10,3,10,3,9,4,8,4,8,4,8,4,8,4,7,4,8,4,7,4,7,4,7,3,6,3,6,2,6,2,5,2,5,2,5,0,0,0,0,0,0,0,0,0,0,0,0,0,0,0,0,0,0,0,0,0,0,3,14,2,15,2,16,1,16,0,16,-1,17,-2,17,-2,17,-3,16,-3,17,-3,16,-3,16,-3,16,-3,15,-3,14,-2,15,-2,15,-1,15,-1,15,0,15,0,15,0,15,1,15,1,15,1,15,1,15]"
CSI_DATA,33,1a:00:00:00:00:00,-42,11,0,0,0,0,0,0,0,0,0,-96,0,1,0,15347434,0,31,0,128,0,"[0,0,13,4,14,3,12,3,13,3,12,2,12,2,11,1,10,1,10,0,10,0,10,-1,9,-1,9,-1,8,-2,9,-2,8,-2,8,-2,8,-2,8,-1,7,-1,7,-1,6,-1,6,-1,6,-1,5,-1,5,0,0,0,0,0,0,0,0,0,0,0,0,0,0,0,0,0,0,0,0,0,0,0,14,1,14,3,15,4,15,4,15,5,15,6,15,7,14,8,14,8,14,8,14,8,13,8,13,8,13,7,12,7,13,7,13,6,13,5,13,5,13,5,13,5,14,4,14,4,14,4,14,4,14,4]"
CSI_DATA,34,1a:00:00:00:00:00,-42,11,0,0,0,0,0,0,0,0,0,-96,0,1,0,15548321,0,31,0,128,0,"[0,0,-15,2,-15,1,-15,1,-13,2,-13,2,-12,2,-12,3,-11,3,-11,3,-10,3,-10,4,-9,4,-9,4,-9,5,-8,4,-8,4,-8,4,-8,4,-8,4,-7,4,-7,4,-7,3,-7,3,-6,3,-6,3,-6,2,0,0,0,0,0,0,0,0,0,0,0,0,0,0,0,0,0,0,0,0,0,0,-15,4,-16,3,-16,2,-18,1,-17,0,-18,-1,-18,-1,-18,-2,-18,-3,-17,-3,-17,-3,-17,-3,-16,-2,-16,-3,-16,-2,-15,-2,-16,-2,-15,-1,-16,-1,-16,0,-15,1,-16,1,-16,1,-16,2,-16,2,-16,2]"
CSI_DATA,35,1a:00:00:00:00:00,-42,11,0,0,0,0,0,0,0,0,0,-96,0,1,0,15548707,0,31,0,128,0,"[0,0,-15,-2,-15,-1,-14,-2,-14,-1,-13,-1,-13,-1,-12,0,-12,0,-11,1,-11,1,-10,2,-10,2,-10,2,-9,2,-9,3,-9,3,-9,3,-9,3,-8,3,-8,2,-8,2,-8,2,-7,2,-7,2,-7,1,-6,1,0,0,0,0,0,0,0,0,0,0,0,0,0,0,0,0,0,0,0,0,0,0,-16,-1,-16,-1,-17,-3,-17,-3,-17,-4,-17,-5,-17,-5,-17,-6,-16,-7,-16,-7,-16,-7,-16,-7,-15,-7,-15,-7,-14,-6,-15,-6,-15,-5,-15,-5,-15,-4,-15,-3,-15,-3,-15,-3,-16,-2,-16,-2,-16,-2,-16,-2]"
CSI_DATA,36,1a:00:00:00:00:00,-42,11,0,0,0,0,0,0,0,0,0,-96,0,1,0,15749115,0,31,0,128,0,"[0,0,5,-14,5,-14,4,-13,4,-13,4,-12,3,-12,2,-12,2,-11,1,-11,1,-10,1,-10,0,-10,0,-9,-1,-9,-1,-9,-1,-9,-1,-9,-1,-8,-1,-8,-1,-8,-1,-8,-1,-7,-1,-7,0,-6,0,-6,0,-5,0,0,0,0,0,0,0,0,0,0,0,0,0,0,0,0,0,0,0,0,0,0,4,-15,4,-15,6,-16,7,-16,7,-16,8,-15,9,-15,9,-15,10,-14,10,-14,11,-13,10,-13,10,-13,9,-13,9,-13,8,-13,8,-13,7,-13,7,-13,6,-14,6,-14,6,-15,6,-14,6,-14,6,-14,6,-14]"
[0;32mI (15919) ftm_responder: Counter = 16[0m
CSI_DATA,37,1a:00:00:00:00:00,-43,11,0,0,0,0,0,0,0,0,0,-96,0,1,0,15950321,0,31,0,128,0,"[0,0,14,-1,13,-1,13,-2,12,-2,12,-2,11,-2,11,-3,10,-3,9,-3,9,-4,8,-4,8,-4,7,-4,7,-5,7,-5,7,-5,6,-5,6,-4,6,-5,6,-4,5,-4,5,-4,5,-4,5,-4,4,-3,4,-3,0,0,0,0,0,0,0,0,0,0,0,0,0,0,0,0,0,0,0,0,0,0,15,-4,16,-3,16,-2,17,-2,17,-1,17,0,17,1,17,2,17,2,16,2,17,3,16,3,16,3,15,3,15,2,15,2,15,2,14,1,15,0,15,0,15,-1,15,-1,14,-1,15,-1,15,-1,15,-2]"
CSI_DATA,38,1a:00:00:00:00:00,-43,11,0,0,0,0,0,0,0,0,0,-96,0,1,0,15950581,0,31,0,128,0,"[0,0,-12,9,-11,8,-11,8,-10,8,-9,8,-9,8,-8,8,-8,7,-7,7,-6,7,-6,7,-5,7,-5,7,-4,7,-4,7,-4,7,-4,7,-4,7,-3,6,-3,6,-3,6,-3,5,-3,5,-3,5,-3,4,-3,4,0,0,0,0,0,0,0,0,0,0,0,0,0,0,0,0,0,0,0,0,0,0,-10,12,-11,12,-12,11,-13,11,-14,10,-15,10,-16,9,-16,8,-16,8,-16,7,-16,7,-16,6,-15,7,-15,7,-14,7,-14,7,-13,7,-13,7,-13,8,-13,8,-12,8,-12,9,-12,9,-12,9,-12,9,-12,9]"
CSI_DATA,39,1a:00:00:00:00:00,-43,11,0,0,0,0,0,0,0,0,0,-96,0,1,0,16151549,0,31,0,128,0,"[0,0,-8,13,-7,13,-7,13,-6,11,-6,11,-6,11,-5,10,-5,10,-4,10,-3,9,-2,9,-2,9,-2,9,-1,9,-1,8,-1,8,-1,8,-1,8,-1,7,0,7,-1,6,-1,6,0,6,0,6,0,5,0,5,0,0,0,0,0,0,0,0,0,0,0,0,0,0,0,0,0,0,0,0,0,0,-6,15,-7,16,-8,16,-9,16,-10,15,-11,15,-12,15,-12,14,-13,14,-13,13,-13,13,-13,12,-12,12,-12,12,-12,12,-11,12,-11,12,-10,12,-10,13,-9,13,-9,13,-9,13,-8,13,-8,14,-8,14,-8,14]"
CSI_DATA,40,1a:00:00:00:00:00,-43,11,0,0,0,0,0,0,0,0,0,-96,0,1,0,16352723,0,31,0,128,0,"[0,0,-9,12,-8,12,-8,11,-7,11,-7,11,-6,10,-6,10,-5,9,-4,9,-4,9,-3,9,-2,9,-2,8,-2,8,-1,8,-1,8,-1,8,-1,7,-1,7,-1,6,-1,6,-1,6,-1,6,-1,5,0,5,-1,4,0,0,0,0,0,0,0,0,0,0,0,0,0,0,0,0,0,0,0,0,0,0,-7,14,-8,14,-10,14,-10,15,-11,14,-12,13,-13,13,-14,12,-14,12,-14,11,-14,11,-14,11,-13,11,-13,10,-12,10,-12,11,-11,11,-11,11,-11,12,-10,12,-10,12,-10,12,-10,12,-9,13,-9,13,-9,13]"
CSI_DATA,41,1a:00:00:00:00:00,-43,11,0,0,0,0,0,0,0,0,0,-96,0,1,0,16601208,0,42,0,128,0,"[0,0,-14,3,-14,3,-14,4,-13,3,-12,3,-12,4,-11,4,-10,4,-10,4,-9,4,-9,5,-8,5,-8,5,-7,5,-7,5,-7,5,-7,5,-7,5,-6,5,-6,4,-6,4,-5,4,-5,4,-5,4,-5,3,-4,3,0,0,0,0,0,0,0,0,0,0,0,0,0,0,0,0,0,0,0,0,0,0,-15,5,-15,4,-16,4,-17,3,-17,2,-18,1,-18,0,-18,0,-18,-1,-17,-1,-18,-1,-17,-1,-17,-1,-16,-1,-16,0,-16,0,-16,0,-15,1,-16,1,-15,2,-15,2,-15,3,-15,3,-16,4,-15,4,-15,3]"
CSI_DATA,42,1a:00:00:00:00:00,-42,11,0,0,0,0,0,0,0,0,0,-96,0,1,0,16679650,0,31,0,128,0,"[0,0,14,-1,14,-2,13,-2,13,-2,12,-2,11,-2,11,-2,10,-3,10,-3,9,-3,9,-4,8,-4,8,-4,8,-4,7,-5,7,-5,7,-4,7,-4,7,-4,6,-4,6,-4,6,-3,5,-3,5,-3,4,-3,4,-2,0,0,0,0,0,0,0,0,0,0,0,0,0,0,0,0,0,0,0,0,0,0,14,-3,15,-2,16,-1,16,-1,16,0,17,1,16,2,16,3,16,3,16,3,16,3,16,3,15,3,15,3,15,2,14,2,15,2,14,1,15,0,14,0,14,0,15,-1,15,-1,15,-2,15,-2,15,-2]"
CSI_DATA,43,1a:00:00:00:00:00,-41,11,0,0,0,0,0,0,0,0,0,-96,0,1,0,16880752,0,31,0,128,0,"[0,0,14,-3,13,-3,13,-3,13,-3,12,-3,11,-4,11,-4,10,-4,9,-4,9,-4,9,-5,8,-5,8,-5,8,-5,8,-5,7,-5,7,-5,7,-5,7,-5,7,-4,6,-4,6,-3,6,-3,5,-3,5,-2,5,-2,0,0,0,0,0,0,0,0,0,0,0,0,0,0,0,0,0,0,0,0,0,0,13,-5,13,-5,14,-4,15,-3,15,-2,16,-2,16,-1,16,-1,16,0,15,1,15,1,15,1,15,1,14,0,14,0,14,0,14,-1,14,-1,14,-2,14,-2,14,-3,14,-3,14,-3,14,-3,15,-3,15,-3]"
[0;32mI (16919) ftm_responder: Counter = 17[0m
CSI_DATA,44,1a:00:00:00:00:00,-41,11,0,0,0,0,0,0,0,0,0,-96,0,1,0,17081945,0,31,0,128,0,"[0,0,-14,-8,-14,-8,-13,-8,-13,-7,-12,-7,-12,-6,-12,-6,-12,-5,-12,-5,-11,-4,-11,-4,-11,-3,-11,-3,-11,-2,-11,-2,-10,-2,-10,-2,-10,-2,-10,-2,-9,-2,-9,-2,-8,-3,-8,-3,-7,-2,-7,-3,-6,-3,0,0,0,0,0,0,0,0,0,0,0,0,0,0,0,0,0,0,0,0,0,0,-14,-7,-15,-8,-15,-9,-15,-10,-14,-11,-14,-11,-14,-12,-13,-12,-13,-13,-12,-13,-12,-13,-12,-13,-12,-13,-12,-12,-12,-12,-12,-12,-12,-11,-12,-11,-13,-10,-14,-9,-14,-9,-14,-9,-14,-9,-14,-9,-15,-9,-15,-9]"
CSI_DATA,45,1a:00:00:00:00:00,-40,11,0,0,0,0,0,0,0,0,0,-96,0,1,0,17283042,0,31,0,128,0,"[0,0,-16,-2,-16,-1,-15,-2,-15,-1,-14,-1,-14,-1,-13,0,-13,0,-12,1,-12,1,-11,2,-11,2,-10,2,-10,2,-10,2,-10,3,-10,3,-10,2,-10,2,-9,2,-9,2,-8,1,-8,1,-7,1,-7,0,-6,0,0,0,0,0,0,0,0,0,0,0,0,0,0,0,0,0,0,0,0,0,0,0,-16,0,-16,-1,-17,-3,-17,-3,-17,-4,-17,-5,-17,-5,-17,-6,-17,-6,-16,-7,-17,-7,-16,-7,-16,-7,-15,-6,-15,-6,-15,-5,-15,-5,-15,-5,-16,-4,-16,-3,-16,-3,-16,-2,-17,-2,-16,-2,-17,-2,-16,-2]"
CSI_DATA,46,1a:00:00:00:00:00,-41,11,0,0,0,0,0,0,0,0,0,-96,0,1,0,17484163,0,31,0,128,0,"[0,0,-10,-13,-9,-13,-9,-13,-9,-12,-9,-12,-9,-11,-9,-10,-9,-9,-9,-9,-9,-8,-9,-8,-9,-7,-9,-7,-9,-7,-9,-6,-9,-6,-8,-6,-8,-6,-8,-6,-8,-5,-7,-5,-6,-5,-6,-5,-5,-5,-5,-5,-5,-5,0,0,0,0,0,0,0,0,0,0,0,0,0,0,0,0,0,0,0,0,0,0,-11,-12,-11,-13,-10,-14,-10,-15,-9,-15,-9,-16,-8,-16,-8,-17,-7,-17,-7,-17,-6,-17,-6,-17,-6,-16,-6,-16,-6,-15,-7,-15,-7,-15,-8,-14,-8,-15,-9,-14,-9,-14,-9,-14,-10,-14,-10,-14,-10,-14,-10,-14]"
CSI_DATA,47,1a:00:00:00:00:00,-40,11,0,0,0,0,0,0,0,0,0,-96,0,1,0,17685842,0,31,0,128,0,"[0,0,14,-2,13,-2,13,-2,12,-2,12,-3,11,-3,10,-3,10,-3,9,-3,9,-4,9,-4,8,-5,8,-4,8,-5,7,-4,7,-5,7,-5,7,-4,7,-4,6,-4,6,-4,6,-3,5,-3,5,-3,5,-3,4,-2,0,0,0,0,0,0,0,0,0,0,0,0,0,0,0,0,0,0,0,0,0,0,13,-5,14,-4,14,-3,15,-3,15,-2,16,-1,16,0,16,0,16,1,15,1,15,1,15,1,15,1,14,1,14,1,14,0,14,0,13,0,14,-1,14,-1,14,-2,14,-2,14,-2,14,-3,14,-3,15,-3]"
CSI_DATA,48,1a:00:00:00:00:00,-41,11,0,0,0,0,0,0,0,0,0,-96,0,1,0,17886760,0,31,0,128,0,"[0,0,3,15,3,15,3,14,3,13,3,13,3,12,3,12,4,11,4,10,4,10,5,10,5,9,4,9,5,9,5,8,5,8,5,8,5,8,5,8,5,7,4,7,4,7,3,6,3,7,2,6,2,6,0,0,0,0,0,0,0,0,0,0,0,0,0,0,0,0,0,0,0,0,0,0,5,14,4,15,3,16,3,16,2,16,1,17,1,17,0,17,-1,17,-2,17,-2,17,-2,17,-2,16,-2,16,-1,16,-1,15,0,15,1,15,1,15,2,15,2,15,2,16,2,15,3,16,2,16,3,16]"
[0;32mI (17919) ftm_responder: Counter = 18[0m
CSI_DATA,49,1a:00:00:00:00:00,-41,11,0,0,0,0,0,0,0,0,0,-96,0,1,0,18087911,0,31,0,128,0,"[0,0,-11,-12,-11,-12,-10,-12,-10,-11,-10,-10,-10,-10,-10,-9,-9,-9,-10,-8,-10,-7,-10,-7,-9,-6,-9,-6,-10,-6,-10,-6,-9,-5,-9,-5,-9,-5,-9,-6,-8,-5,-8,-5,-7,-5,-6,-5,-6,-5,-6,-5,-5,-5,0,0,0,0,0,0,0,0,0,0,0,0,0,0,0,0,0,0,0,0,0,0,-12,-10,-12,-11,-12,-12,-11,-13,-11,-14,-10,-15,-10,-15,-9,-15,-9,-15,-8,-16,-8,-16,-8,-15,-8,-15,-8,-15,-8,-14,-8,-14,-9,-14,-9,-13,-9,-13,-10,-13,-10,-13,-11,-13,-11,-13,-12,-12,-11,-13,-11,-13]"
CSI_DATA,50,1a:00:00:00:00:00,-40,11,0,0,0,0,0,0,0,0,0,-96,0,1,0,18337103,0,42,0,128,0,"[0,0,-10,11,-11,11,-10,11,-10,10,-9,10,-8,10,-8,10,-7,10,-7,10,-6,10,-6,10,-5,10,-5,9,-4,10,-4,10,-4,10,-5,10,-4,9,-4,9,-4,9,-5,8,-5,8,-5,7,-5,7,-5,6,-5,5,0,0,0,0,0,0,0,0,0,0,0,0,0,0,0,0,0,0,0,0,0,0,-8,11,-9,11,-10,11,-11,10,-12,10,-12,10,-13,10,-13,9,-14,9,-14,8,-14,8,-13,8,-13,8,-13,8,-12,8,-12,8,-12,9,-12,9,-11,9,-11,10,-11,10,-11,11,-11,11,-11,12,-11,12,-11,11]"
CSI_DATA,51,1a:00:00:00:00:00,-40,11,0,0,0,0,0,0,0,0,0,-96,0,1,0,18420031,0,31,0,128,0,"[0,0,-5,-15,-6,-15,-6,-15,-5,-14,-5,-14,-6,-13,-6,-13,-6,-12,-6,-11,-7,-11,-7,-10,-7,-10,-7,-10,-8,-10,-7,-9,-7,-10,-7,-9,-7,-9,-7,-10,-6,-9,-6,-9,-6,-9,-5,-9,-5,-8,-4,-8,-4,-8,0,0,0,0,0,0,0,0,0,0,0,0,0,0,0,0,0,0,0,0,0,0,-7,-13,-6,-14,-6,-14,-5,-15,-5,-16,-4,-17,-3,-17,-3,-17,-2,-17,-2,-16,-2,-17,-1,-16,-2,-16,-2,-16,-2,-15,-2,-15,-3,-15,-3,-15,-4,-15,-4,-15,-5,-15,-5,-16,-5,-15,-6,-16,-6,-16,-6,-16]"
CSI_DATA,52,1a:00:00:00:00:00,-41,11,0,0,0,0,0,0,0,0,0,-96,0,1,0,18621105,0,31,0,128,0,"[0,0,-8,13,-8,13,-7,12,-7,12,-6,12,-6,11,-6,11,-5,11,-5,11,-4,11,-3,11,-3,10,-2,10,-2,10,-2,10,-2,10,-2,11,-2,10,-3,10,-3,9,-3,9,-3,9,-3,8,-3,8,-3,7,-4,7,0,0,0,0,0,0,0,0,0,0,0,0,0,0,0,0,0,0,0,0,0,0,-5,13,-6,13,-7,13,-8,13,-9,13,-10,12,-11,12,-11,12,-11,12,-12,11,-12,11,-12,11,-11,11,-11,11,-10,10,-10,11,-10,11,-9,11,-9,12,-9,12,-8,12,-9,13,-8,13,-8,13,-8,14,-8,13]"
CSI_DATA,53,1a:00:00:00:00:00,-41,11,0,0,0,0,0,0,0,0,0,-96,0,1,0,18822428,0,31,0,128,0,"[0,0,5,15,5,14,5,14,5,13,5,13,5,12,5,11,5,11,6,10,6,9,6,9,7,8,7,9,7,8,7,8,7,8,7,8,7,8,7,8,6,8,6,8,5,8,4,8,4,7,4,7,3,7,0,0,0,0,0,0,0,0,0,0,0,0,0,0,0,0,0,0,0,0,0,0,7,12,6,13,5,13,5,15,4,15,4,15,3,16,2,16,2,16,1,16,1,16,1,16,1,15,1,15,2,15,2,15,2,14,3,14,3,14,4,15,4,14,5,15,5,14,5,15,6,15,6,15]"
[0;32mI (18919) ftm_responder: Counter = 19[0m
CSI_DATA,54,1a:00:00:00:00:00,-40,11,0,0,0,0,0,0,0,0,0,-96,0,1,0,19023624,0,31,0,128,0,"[0,0,-16,-1,-15,-1,-15,-1,-14,-1,-14,0,-13,0,-13,0,-12,0,-12,1,-11,1,-12,2,-11,2,-11,2,-11,3,-11,2,-11,3,-11,3,-11,2,-11,2,-11,2,-10,2,-10,1,-9,1,-9,1,-9,0,-9,0,0,0,0,0,0,0,0,0,0,0,0,0,0,0,0,0,0,0,0,0,0,0,-13,1,-14,0,-14,0,-16,-1,-15,-2,-16,-3,-16,-4,-15,-4,-15,-5,-15,-5,-15,-5,-15,-5,-15,-5,-14,-5,-14,-4,-14,-4,-15,-4,-14,-3,-15,-3,-15,-2,-15,-2,-15,-2,-15,-2,-16,-1,-16,-1,-16,-1]"
CSI_DATA,55,1a:00:00:00:00:00,-39,11,0,0,0,0,0,0,0,0,0,-96,0,1,0,19224995,0,31,0,128,0,"[0,0,-14,5,-14,5,-14,5,-13,5,-12,5,-12,5,-11,5,-11,5,-10,5,-10,6,-10,6,-9,6,-9,6,-8,7,-8,6,-8,7,-8,7,-8,6,-8,6,-8,5,-8,5,-8,5,-8,4,-7,4,-7,3,-7,3,0,0,0,0,0,0,0,0,0,0,0,0,0,0,0,0,0,0,0,0,0,0,-12,7,-13,6,-14,5,-15,5,-15,4,-16,3,-16,3,-16,2,-16,1,-16,1,-16,1,-16,1,-15,1,-15,1,-15,1,-15,2,-14,2,-14,2,-14,3,-15,3,-14,4,-14,4,-15,4,-15,5,-15,5,-15,5]"
CSI_DATA,56,1a:00:00:00:00:00,-40,11,0,0,0,0,0,0,0,0,0,-96,0,1,0,19426675,0,31,0,128,0,"[0,0,14,2,13,2,13,2,13,2,12,1,12,1,11,0,11,0,11,0,10,-1,10,-1,9,-2,9,-2,9,-2,9,-2,9,-2,9,-2,9,-2,9,-2,8,-2,8,-1,8,-1,8,-1,7,-1,7,-1,6,0,0,0,0,0,0,0,0,0,0,0,0,0,0,0,0,0,0,0,0,0,0,0,13,-1,14,0,14,1,14,2,14,3,14,4,15,4,14,5,14,5,14,5,14,6,14,6,13,5,13,5,13,5,13,5,13,4,13,4,13,3,13,3,14,2,14,2,14,2,14,2,14,2,15,2]"
CSI_DATA,57,1a:00:00:00:00:00,-39,11,0,0,0,0,0,0,0,0,0,-96,0,1,0,19627032,0,31,0,128,0,"[0,0,-3,-15,-4,-14,-4,-14,-4,-13,-4,-13,-4,-13,-4,-12,-4,-11,-5,-11,-5,-10,-5,-10,-6,-10,-6,-9,-6,-10,-6,-9,-6,-9,-6,-9,-6,-9,-5,-9,-5,-9,-5,-8,-4,-8,-4,-8,-3,-7,-3,-7,-3,-7,0,0,0,0,0,0,0,0,0,0,0,0,0,0,0,0,0,0,0,0,0,0,-5,-13,-4,-14,-3,-14,-2,-15,-2,-15,-1,-16,0,-16,0,-16,1,-16,1,-15,1,-16,1,-15,1,-15,0,-15,0,-15,0,-14,-1,-14,-1,-14,-2,-14,-2,-14,-2,-14,-3,-15,-3,-14,-4,-15,-4,-15,-4,-15]"
CSI_DATA,58,1a:00:00:00:00:00,-40,11,0,0,0,0,0,0,0,0,0,-96,0,1,0,19828191,0,31,0,128,0,"[0,0,-6,-15,-6,-14,-6,-15,-6,-13,-6,-14,-6,-13,-6,-12,-6,-12,-7,-11,-7,-10,-7,-10,-7,-9,-7,-9,-8,-9,-7,-9,-8,-9,-7,-9,-7,-9,-7,-9,-6,-9,-6,-8,-5,-8,-5,-8,-4,-8,-4,-8,-3,-7,0,0,0,0,0,0,0,0,0,0,0,0,0,0,0,0,0,0,0,0,0,0,-8,-13,-7,-14,-7,-14,-7,-16,-5,-15,-5,-17,-4,-17,-4,-17,-3,-17,-2,-17,-3,-17,-2,-17,-3,-16,-2,-16,-3,-16,-3,-15,-4,-16,-4,-15,-5,-16,-5,-15,-5,-15,-6,-16,-6,-15,-7,-16,-7,-16,-7,-16]"
[0;32mI (19919) ftm_responder: Counter = 20[0m
CSI_DATA,59,1a:00:00:00:00:00,-40,11,0,0,0,0,0,0,0,0,0,-96,0,1,0,20081307,0,42,0,128,0,"[0,0,4,15,4,14,4,14,4,13,4,13,4,12,5,11,5,11,5,10,5,10,6,9,5,8,5,9,6,8,6,8,6,8,5,8,5,8,5,8,4,8,4,8,3,8,3,7,2,7,2,6,1,6,0,0,0,0,0,0,0,0,0,0,0,0,0,0,0,0,0,0,0,0,0,0,5,13,5,13,4,14,3,15,3,15,2,16,1,16,1,16,0,16,0,16,0,16,-1,16,0,16,0,15,0,15,1,15,1,14,2,14,2,14,3,15,3,14,3,15,4,15,4,15,4,15,5,15]"
CSI_DATA,60,1a:00:00:00:00:00,-40,11,0,0,0,0,0,0,0,0,0,-96,0,1,0,20161095,0,31,0,128,0,"[0,0,-16,4,-15,5,-15,5,-14,4,-14,4,-13,4,-13,5,-12,5,-11,5,-11,5,-10,6,-10,6,-10,6,-9,6,-9,6,-9,6,-9,6,-9,5,-10,5,-9,5,-9,4,-8,4,-8,3,-8,2,-8,2,-8,1,0,0,0,0,0,0,0,0,0,0,0,0,0,0,0,0,0,0,0,0,0,0,-14,6,-14,5,-15,4,-16,4,-16,3,-17,2,-17,2,-17,1,-17,0,-17,0,-17,0,-17,0,-17,0,-16,0,-16,0,-16,1,-16,1,-15,2,-16,3,-16,3,-15,4,-16,4,-16,4,-16,5,-16,5,-16,5]"
CSI_DATA,61,1a:00:00:00:00:00,-40,11,0,0,0,0,0,0,0,0,0,-96,0,1,0,20362160,0,31,0,128,0,"[0,0,-6,15,-5,14,-5,14,-5,13,-5,13,-4,13,-4,12,-3,12,-3,11,-2,11,-2,11,-1,11,-1,11,-1,11,-1,11,-1,11,-1,11,-2,11,-2,10,-2,10,-3,10,-3,9,-3,9,-3,8,-4,7,-4,6,0,0,0,0,0,0,0,0,0,0,0,0,0,0,0,0,0,0,0,0,0,0,-3,12,-4,13,-5,13,-6,13,-6,13,-7,13,-8,13,-9,13,-9,12,-9,12,-9,12,-9,12,-9,12,-8,12,-8,12,-8,12,-8,12,-7,12,-7,13,-6,13,-6,13,-6,14,-6,14,-5,15,-6,15,-6,15]"
CSI_DATA,62,1a:00:00:00:00:00,-40,11,0,0,0,0,0,0,0,0,0,-96,0,1,0,20563318,0,31,0,128,0,"[0,0,-7,-15,-7,-15,-7,-15,-7,-13,-7,-13,-7,-13,-7,-12,-7,-12,-7,-11,-8,-10,-8,-10,-8,-10,-8,-9,-9,-10,-8,-9,-9,-10,-8,-9,-8,-9,-8,-10,-7,-9,-7,-9,-6,-9,-5,-9,-5,-9,-4,-8,-3,-8,0,0,0,0,0,0,0,0,0,0,0,0,0,0,0,0,0,0,0,0,0,0,-7,-12,-6,-13,-6,-13,-5,-15,-5,-14,-4,-16,-4,-15,-4,-16,-3,-16,-2,-15,-3,-16,-3,-16,-3,-15,-3,-15,-3,-15,-3,-15,-4,-15,-4,-14,-5,-15,-5,-14,-6,-15,-6,-15,-7,-14,-7,-15,-7,-15,-7,-15]"
