[0;32mI (107) esp_image: segment 1: paddr=00029fa8 vaddr=3fc99b00 sizeESP-ROM:esp32s3-20210327[0m
Build:Mar 27 2021
rst:0x15 (USB_UART_CHIP_RESET),boot:0x8 (SPI_FAST_FLASH_BOOT)
Saved PC:0x42032bd9
SPIWP:0xee
mode:DIO, clock div:1
load:0x3fce2810,len:0x15a0
load:0x403c8700,len:0x4
load:0x403c8704,len:0xd20
load:0x403cb700,len:0x2ee4
entry 0x403c8928
[0;32mI (26) boot: ESP-IDF v5.4-dirty 2nd stage bootloader[0m
[0;32mI (27) boot: compile time Sep 10 2025 06:38:52[0m
[0;32mI (27) boot: Multicore bootloader[0m
[0;32mI (27) boot: chip revision: v0.2[0m
[0;32mI (30) boot: efuse block revision: v1.3[0m
[0;32mI (34) boot.esp32s3: Boot SPI Speed : 80MHz[0m
[0;32mI (37) boot.esp32s3: SPI Mode       : DIO[0m
[0;32mI (41) boot.esp32s3: SPI Flash Size : 2MB[0m
[0;32mI (45) boot: Enabling RNG early entropy source...[0m
[0;32mI (49) boot: Partition Table:[0m
[0;32mI (52) boot: ## Label            Usage          Type ST Offset   Length[0m
[0;32mI (58) boot:  0 nvs              WiFi data        01 02 00009000 00006000[0m
[0;32mI (65) boot:  1 phy_init         RF data          01 01 0000f000 00001000[0m
[0;32mI (71) boot:  2 factory          factory app      00 00 00010000 00100000[0m
[0;32mI (78) boot: End of partition table[0m
[0;32mI (81) esp_image: segment 0: paddr=00010020 vaddr=3c090020 size=19f80h (106368) map[0m
[0;32mI (107) esp_image: segment 1: paddr=00029fa8 vaddr=3fc99b00 size=04968h ( 18792) load[0m
[0;32mI (112) esp_image: segment 2: paddr=0002e918 vaddr=40374000 size=01700h (  5888) load[0m
[0;32mI (113) esp_image: segment 3: paddr=00030020 vaddr=42000020 size=858a8h (546984) map[0m
[0;32mI (215) esp_image: segment 4: paddr=000b58d0 vaddr=40375700 size=1432ch ( 82732) load[0m
[0;32mI (233) esp_image: segment 5: paddr=000c9c04 vaddr=600fe100 size=0001ch (    28) load[0m
[0;32mI (242) boot: Loaded app from partition at offset 0x10000[0m
[0;32mI (242) boot: Disabling RNG early entropy source...[0m
[0;32mI (253) cpu_start: Multicore app[0m
[0;32mI (262) cpu_start: Pro cpu start user code[0m
[0;32mI (262) cpu_start: cpu freq: 160000000 Hz[0m
[0;32mI (262) app_init: Application information:[0m
[0;32mI (262) app_init: Project name:     initiator[0m
[0;32mI (266) app_init: App version:      75e1e0a9-dirty[0m
[0;32mI (271) app_init: Compile time:     Sep 15 2025 19:24:39[0m
[0;32mI (276) app_init: ELF file SHA256:  498ebb463...[0m
[0;32mI (280) app_init: ESP-IDF:          v5.4-dirty[0m
[0;32mI (284) efuse_init: Min chip rev:     v0.0[0m
[0;32mI (288) efuse_init: Max chip rev:     v0.99 [0m
[0;32mI (292) efuse_init: Chip rev:         v0.2[0m
[0;32mI (296) heap_init: Initializing. RAM available for dynamic allocation:[0m
[0;32mI (302) heap_init: At 3FCA20D8 len 00047638 (285 KiB): RAM[0m
[0;32mI (307) heap_init: At 3FCE9710 len 00005724 (21 KiB): RAM[0m
[0;32mI (312) heap_init: At 3FCF0000 len 00008000 (32 KiB): DRAM[0m
[0;32mI (318) heap_init: At 600FE11C len 00001ECC (7 KiB): RTCRAM[0m
[0;32mI (324) spi_flash: detected chip: gd[0m
[0;32mI (326) spi_flash: flash io: dio[0m
[0;33mW (329) spi_flash: Detected size(8192k) larger than the size in the binary image header(2048k). Using the size in the binary image header.[0m
[0;32mI (342) sleep_gpio: Configure to isolate all GPIO pins in sleep state[0m
[0;32mI (348) sleep_gpio: Enable automatic switching of GPIO sleep configuration[0m
[0;32mI (355) main_task: Started on CPU0[0m
[0;32mI (365) main_task: Calling app_main()[0m
[0;32mI (385) pp: pp rom version: e7ae62f[0m
[0;32mI (385) net80211: net80211 rom version: e7ae62f[0m
[0;32mI (405) wifi_init: rx ba win: 6[0m
[0;32mI (405) wifi_init: accept mbox: 6[0m
[0;32mI (405) wifi_init: tcpip mbox: 32[0m
[0;32mI (405) wifi_init: udp mbox: 6[0m
[0;32mI (405) wifi_init: tcp mbox: 6[0m
[0;32mI (405) wifi_init: tcp tx win: 5760[0m
[0;32mI (405) wifi_init: tcp rx win: 5760[0m
[0;32mI (405) wifi_init: tcp mss: 1440[0m
[0;32mI (405) wifi_init: WiFi IRAM OP enabled[0m
[0;32mI (405) wifi_init: WiFi RX IRAM OP enabled[0m
[0;32mI (405) phy_init: phy_version 680,a6008b2,Jun  4 2024,16:41:10[0m
[0;32mI (945) TAG: STA connected to 24:ec:4a:04:39:15, ch=6 (sec=0)[0m
[0;32mI (945) esp_netif_handlers: sta ip: 192.168.4.2, mask: 255.255.255.0, gw: 192.168.4.1[0m
[0;32mI (945) TAG: Ready (multi-anchor): FTM burst + CSI 1Hz, UART=921600.[0m
[0;32mI (945) main_task: Returned from app_main()[0m
anchor,A2,24:ec:4a:04:39:15,ch=6
ftm_report,A2,8,8,1.200
anchor,A2,24:ec:4a:04:39:15,ch=6
ftm_report,A2,5,5,0.750
anchor,A2,24:ec:4a:04:39:15,ch=6
ftm_report,A2,5,5,0.750
anchor,A2,24:ec:4a:04:39:15,ch=6
ftm_report,A2,4,4,0.600
csi_data,A2,[0,0,8,12,8,11,8,11,8,11,8,10,8,10,8,9,8,9,9,8,9,8,9,8,9,7,9,7,10,7,11,7,10,7,10,8,10,8,10,8,10,8,9,9,9,9,8,9,7,9,6,9,6,9,0,0,0,0,0,0,0,0,0,0,0,0,0,0,0,0,0,0,0,0,0,0,6,9,6,10,5,10,5,11,5,12,4,12,4,13,3,13,3,13,2,13,2,13,2,13,3,12,3,12,3,11,4,12,4,11,5,11,5,11,6,11,6,11,7,11,7,12,7,11,7,12,8,12]
anchor,A2,24:ec:4a:04:39:15,ch=6
ftm_report,A2,5,5,0.750
csi_data,A2,[0,0,-15,-4,-15,-4,-14,-4,-14,-3,-14,-3,-14,-3,-13,-2,-13,-2,-13,-1,-13,-1,-13,0,-13,0,-13,0,-13,1,-14,1,-14,1,-14,1,-14,1,-14,0,-14,0,-14,-1,-13,-1,-13,-2,-13,-3,-12,-3,-11,-4,0,0,0,0,0,0,0,0,0,0,0,0,0,0,0,0,0,0,0,0,0,0,-12,-3,-12,-4,-13,-5,-12,-5,-13,-6,-12,-7,-12,-7,-12,-7,-12,-8,-12,-8,-12,-8,-11,-8,-11,-8,-11,-8,-11,-7,-12,-7,-12,-6,-12,-6,-12,-6,-13,-5,-13,-4,-13,-5,-14,-4,-14,-4,-14,-4,-14,-4]
anchor,A2,24:ec:4a:04:39:15,ch=6
ftm_report,A2,6,6,0.900
csi_data,A2,[0,0,1,14,1,14,1,13,1,14,2,13,2,13,2,12,3,12,3,12,4,12,4,12,4,11,5,11,5,11,6,12,5,11,5,12,5,12,5,12,4,12,4,12,3,12,2,12,2,12,1,11,0,11,0,0,0,0,0,0,0,0,0,0,0,0,0,0,0,0,0,0,0,0,0,0,1,12,0,11,-1,12,-1,12,-2,13,-2,12,-3,13,-3,13,-4,13,-4,13,-4,13,-4,12,-4,12,-4,12,-3,11,-3,12,-2,12,-2,12,-1,12,-1,13,0,13,0,13,0,14,1,14,1,14,1,14]
anchor,A2,24:ec:4a:04:39:15,ch=6
ftm_report,A2,5,5,0.750
csi_data,A2,[0,0,12,7,13,6,12,6,12,6,12,5,12,5,12,4,12,4,12,3,12,3,12,3,12,2,12,2,12,2,13,1,12,1,13,2,13,2,13,2,12,3,12,3,12,4,11,4,11,5,10,5,9,5,0,0,0,0,0,0,0,0,0,0,0,0,0,0,0,0,0,0,0,0,0,0,10,5,10,5,10,6,10,7,10,8,9,8,10,9,9,9,9,9,9,10,8,10,8,10,8,9,8,9,8,8,9,8,9,8,9,7,10,7,11,7,11,7,11,7,12,7,12,7,12,7,12,7]
anchor,A2,24:ec:4a:04:39:15,ch=6
ftm_report,A2,5,5,0.750
csi_data,A2,[0,0,-9,-13,-9,-13,-9,-12,-8,-12,-9,-12,-9,-11,-9,-11,-9,-10,-9,-10,-10,-9,-10,-9,-10,-9,-10,-8,-11,-8,-11,-9,-11,-8,-11,-9,-11,-9,-11,-9,-10,-9,-10,-10,-9,-10,-9,-10,-8,-10,-7,-10,-7,-11,0,0,0,0,0,0,0,0,0,0,0,0,0,0,0,0,0,0,0,0,0,0,-7,-11,-7,-11,-6,-12,-6,-12,-6,-13,-5,-13,-4,-14,-4,-14,-4,-14,-3,-14,-3,-14,-3,-14,-3,-13,-3,-13,-4,-13,-4,-13,-5,-12,-5,-12,-6,-12,-6,-12,-7,-12,-7,-12,-8,-13,-8,-13,-8,-13,-8,-13]
anchor,A2,24:ec:4a:04:39:15,ch=6
ftm_report,A2,8,8,1.200
csi_data,A2,[0,0,14,-3,13,-3,14,-3,13,-3,13,-4,13,-4,12,-4,12,-4,11,-5,11,-5,11,-6,11,-6,11,-6,11,-7,11,-7,11,-7,11,-7,12,-7,12,-6,12,-6,12,-5,12,-5,11,-4,11,-3,11,-3,11,-2,0,0,0,0,0,0,0,0,0,0,0,0,0,0,0,0,0,0,0,0,0,0,11,-3,11,-2,12,-2,12,-1,13,-1,13,0,13,1,13,1,13,1,13,2,13,2,12,2,13,2,12,1,12,1,12,1,12,0,12,-1,13,-1,13,-1,13,-2,13,-2,13,-2,14,-3,14,-3,14,-3]
anchor,A2,24:ec:4a:04:39:15,ch=6
ftm_report,A2,7,7,1.050
csi_data,A2,[0,0,3,14,3,14,3,14,4,13,4,13,4,12,4,12,4,11,5,11,5,11,6,11,6,10,6,10,6,11,7,10,7,11,7,11,7,11,6,11,6,11,5,11,4,11,4,11,3,11,2,11,2,11,0,0,0,0,0,0,0,0,0,0,0,0,0,0,0,0,0,0,0,0,0,0,3,11,3,11,2,12,1,12,1,13,0,13,0,13,-1,13,-1,13,-2,13,-2,13,-2,13,-2,13,-2,12,-1,12,-1,12,0,12,1,12,1,13,2,13,2,13,2,13,3,13,3,14,3,14,3,14]
anchor,A2,24:ec:4a:04:39:15,ch=6
ftm_report,A2,10,10,1.500
anchor,A2,24:ec:4a:04:39:15,ch=6
ftm_report,A2,5,5,0.750
anchor,A2,24:ec:4a:04:39:15,ch=6
ftm_report,A2,9,9,1.350
csi_data,A2,[0,0,-2,-15,-3,-15,-3,-15,-3,-15,-3,-14,-3,-14,-3,-14,-4,-13,-4,-13,-5,-12,-5,-12,-5,-12,-6,-12,-6,-12,-6,-12,-6,-12,-6,-12,-6,-13,-5,-13,-5,-13,-4,-13,-4,-13,-3,-12,-2,-12,-2,-12,-1,-12,0,0,0,0,0,0,0,0,0,0,0,0,0,0,0,0,0,0,0,0,0,0,-3,-12,-2,-13,-1,-13,-1,-13,0,-13,0,-14,1,-14,1,-14,2,-14,2,-14,2,-14,2,-14,2,-13,2,-13,1,-13,1,-13,0,-13,0,-13,0,-14,-1,-14,-1,-14,-2,-14,-2,-15,-2,-15,-2,-15,-2,-15]
anchor,A2,24:ec:4a:04:39:15,ch=6
ftm_report,A2,7,7,1.050
csi_data,A2,[0,0,-3,14,-3,14,-3,14,-3,13,-2,13,-2,13,-2,13,-1,12,-1,12,0,12,0,12,1,12,1,12,1,12,2,12,2,13,1,13,1,13,1,13,0,13,0,13,-1,12,-2,12,-2,12,-3,11,-3,11,0,0,0,0,0,0,0,0,0,0,0,0,0,0,0,0,0,0,0,0,0,0,-2,11,-3,11,-4,11,-5,11,-5,11,-6,12,-7,12,-7,11,-7,11,-7,11,-7,11,-7,11,-7,11,-7,10,-6,11,-6,11,-6,11,-5,11,-5,12,-4,12,-4,12,-4,13,-4,13,-3,13,-3,14,-3,14]
anchor,A2,24:ec:4a:04:39:15,ch=6
ftm_report,A2,4,4,0.600
anchor,A2,24:ec:4a:04:39:15,ch=6
ftm_report,A2,10,10,1.500
anchor,A2,24:ec:4a:04:39:15,ch=6
ftm_report,A2,6,6,0.900
anchor,A2,24:ec:4a:04:39:15,ch=6
ftm_report,A2,5,5,0.750
anchor,A2,24:ec:4a:04:39:15,ch=6
ftm_report,A2,5,5,0.750
anchor,A2,24:ec:4a:04:39:15,ch=6
ftm_report,A2,8,8,1.200
csi_data,A2,[0,0,-11,10,-11,10,-11,9,-10,9,-10,10,-10,10,-9,10,-8,10,-8,10,-7,10,-7,10,-7,10,-7,11,-7,11,-6,11,-6,11,-7,11,-7,11,-7,11,-8,11,-8,10,-8,10,-9,9,-9,8,-9,8,-9,7,0,0,0,0,0,0,0,0,0,0,0,0,0,0,0,0,0,0,0,0,0,0,-8,8,-9,8,-10,7,-10,7,-11,7,-11,7,-12,6,-12,6,-12,5,-12,5,-12,5,-12,5,-12,5,-12,5,-11,5,-11,6,-11,6,-10,7,-11,7,-11,8,-10,8,-11,9,-10,9,-11,9,-11,9,-11,10]
anchor,A2,24:ec:4a:04:39:15,ch=6
ftm_report,A2,16,16,2.400
csi_data,A2,[0,0,-2,14,-2,14,-2,14,-1,14,-1,13,-1,13,0,13,0,13,1,12,1,12,1,12,2,12,2,12,3,12,3,12,3,13,3,13,2,13,2,13,2,13,1,13,1,13,0,12,-1,12,-2,11,-2,11,0,0,0,0,0,0,0,0,0,0,0,0,0,0,0,0,0,0,0,0,0,0,-2,11,-2,11,-3,11,-4,12,-4,12,-4,12,-5,12,-6,12,-6,12,-7,12,-7,11,-7,11,-6,11,-6,11,-5,11,-5,11,-4,12,-4,12,-4,12,-3,12,-3,13,-2,13,-2,14,-2,14,-2,14,-2,14]
anchor,A2,24:ec:4a:04:39:15,ch=6
ftm_report,A2,5,5,0.750
csi_data,A2,[0,0,-7,13,-7,13,-7,12,-7,12,-7,12,-6,12,-6,12,-5,12,-5,12,-4,12,-3,12,-3,12,-3,12,-3,13,-2,12,-3,13,-3,13,-3,13,-4,13,-4,12,-5,12,-6,12,-6,11,-6,11,-6,10,-7,10,0,0,0,0,0,0,0,0,0,0,0,0,0,0,0,0,0,0,0,0,0,0,-5,10,-6,10,-7,10,-7,10,-8,10,-9,10,-9,9,-10,9,-10,9,-10,9,-10,9,-10,9,-10,9,-9,9,-9,9,-9,9,-9,9,-8,9,-8,10,-8,10,-8,11,-8,11,-7,12,-7,12,-7,13,-7,13]
anchor,A2,24:ec:4a:04:39:15,ch=6
ftm_report,A2,6,6,0.900
csi_data,A2,[0,0,-10,-12,-10,-12,-10,-12,-10,-11,-10,-11,-10,-10,-10,-10,-10,-9,-10,-9,-11,-8,-11,-8,-11,-8,-11,-8,-12,-7,-12,-7,-12,-8,-12,-8,-12,-8,-12,-8,-11,-8,-11,-9,-10,-9,-9,-9,-9,-10,-8,-10,-7,-10,0,0,0,0,0,0,0,0,0,0,0,0,0,0,0,0,0,0,0,0,0,0,-8,-9,-8,-10,-7,-10,-7,-11,-7,-12,-6,-12,-6,-12,-6,-13,-5,-13,-5,-13,-5,-13,-5,-13,-5,-12,-5,-12,-5,-12,-5,-12,-6,-12,-7,-11,-7,-11,-8,-11,-8,-11,-9,-11,-9,-12,-9,-12,-10,-12,-10,-12]
anchor,A2,24:ec:4a:04:39:15,ch=6
ftm_report,A2,7,7,1.050
anchor,A2,24:ec:4a:04:39:15,ch=6
ftm_report,A2,11,11,1.650
anchor,A2,24:ec:4a:04:39:15,ch=6
ftm_report,A2,8,8,1.200
anchor,A2,24:ec:4a:04:39:15,ch=6
ftm_report,A2,8,8,1.200
anchor,A2,24:ec:4a:04:39:15,ch=6
ftm_report,A2,6,6,0.900
anchor,A2,24:ec:4a:04:39:15,ch=6
ftm_report,A2,8,8,1.200
csi_data,A2,[0,0,-12,9,-12,9,-12,9,-11,9,-11,9,-11,9,-10,9,-9,9,-9,9,-8,9,-8,10,-8,10,-8,10,-8,10,-7,11,-7,11,-8,11,-8,11,-8,11,-9,10,-9,10,-9,9,-10,9,-10,8,-10,7,-10,6,0,0,0,0,0,0,0,0,0,0,0,0,0,0,0,0,0,0,0,0,0,0,-9,7,-10,7,-11,6,-11,6,-12,6,-12,5,-13,5,-13,4,-13,4,-13,4,-13,3,-13,3,-13,4,-12,4,-12,4,-12,5,-12,5,-11,6,-12,6,-12,7,-12,7,-12,8,-11,8,-12,8,-12,8,-12,8]
anchor,A2,24:ec:4a:04:39:15,ch=6
ftm_report,A2,8,8,1.200
csi_data,A2,[0,0,6,-14,6,-14,6,-14,5,-14,5,-14,4,-13,4,-13,3,-13,3,-13,2,-13,2,-13,1,-13,1,-13,1,-13,1,-14,1,-14,1,-14,1,-14,1,-14,2,-14,2,-14,3,-13,3,-13,4,-12,4,-11,5,-11,0,0,0,0,0,0,0,0,0,0,0,0,0,0,0,0,0,0,0,0,0,0,4,-11,5,-11,6,-11,7,-11,7,-11,8,-11,8,-11,8,-11,9,-10,9,-10,9,-10,9,-10,9,-9,8,-10,8,-10,8,-10,7,-10,7,-11,7,-11,6,-12,6,-12,6,-13,6,-13,6,-13,6,-14,6,-14]
anchor,A2,24:ec:4a:04:39:15,ch=6
ftm_report,A2,7,7,1.050
csi_data,A2,[0,0,-9,12,-8,12,-8,12,-8,12,-7,12,-7,12,-7,11,-6,11,-6,11,-5,11,-4,12,-4,11,-4,12,-4,12,-4,12,-4,13,-4,13,-4,13,-5,13,-5,12,-6,12,-6,11,-6,11,-7,10,-7,9,-7,9,0,0,0,0,0,0,0,0,0,0,0,0,0,0,0,0,0,0,0,0,0,0,-6,10,-7,10,-8,9,-8,9,-9,9,-10,9,-10,9,-10,8,-10,8,-11,8,-11,8,-11,8,-10,8,-10,8,-10,8,-10,8,-9,9,-9,9,-9,10,-9,10,-9,10,-8,11,-8,11,-8,12,-8,12,-8,12]
anchor,A2,24:ec:4a:04:39:15,ch=6
ftm_report,A2,6,6,0.900
csi_data,A2,[0,0,-14,-7,-14,-7,-14,-7,-14,-6,-13,-6,-13,-5,-13,-5,-13,-4,-13,-4,-13,-3,-13,-3,-13,-2,-13,-2,-14,-2,-14,-2,-14,-2,-14,-2,-14,-2,-14,-2,-14,-3,-13,-3,-13,-4,-13,-4,-12,-4,-11,-5,-11,-6,0,0,0,0,0,0,0,0,0,0,0,0,0,0,0,0,0,0,0,0,0,0,-11,-6,-11,-6,-11,-7,-11,-8,-11,-9,-11,-9,-11,-10,-11,-10,-10,-10,-10,-10,-10,-10,-10,-10,-10,-10,-10,-10,-10,-9,-10,-9,-11,-9,-11,-8,-12,-8,-12,-7,-12,-7,-13,-7,-13,-7,-13,-7,-14,-7,-14,-7]
anchor,A2,24:ec:4a:04:39:15,ch=6
ftm_report,A2,7,7,1.050
csi_data,A2,[0,0,-6,13,-6,14,-6,13,-6,13,-5,12,-5,12,-5,12,-4,12,-4,12,-3,12,-3,12,-2,12,-2,12,-2,12,-1,13,-1,12,-2,13,-2,13,-2,13,-3,13,-3,12,-4,12,-5,12,-5,11,-5,10,-6,10,0,0,0,0,0,0,0,0,0,0,0,0,0,0,0,0,0,0,0,0,0,0,-5,11,-5,10,-6,11,-7,10,-8,11,-8,10,-9,10,-9,10,-9,10,-10,10,-10,9,-9,9,-9,9,-9,9,-8,9,-8,10,-8,10,-8,11,-7,10,-7,11,-7,11,-7,12,-7,13,-7,13,-7,13,-6,13]
csi_data,A2,[0,0,14,4,14,3,14,2,13,3,13,2,13,2,13,1,12,1,12,1,12,0,12,-1,12,-1,12,-1,12,-2,12,-2,13,-2,13,-2,13,-1,13,-1,13,0,12,0,12,0,12,1,11,2,11,2,10,3,0,0,0,0,0,0,0,0,0,0,0,0,0,0,0,0,0,0,0,0,0,0,11,2,11,3,11,3,11,4,11,5,11,5,11,6,11,7,11,7,10,7,10,7,10,7,10,7,10,6,10,6,11,5,11,5,11,5,12,4,12,4,12,4,13,4,13,4,14,3,14,3,14,3]
[0;33mW (33885) TAG: FTM to A2 failed (ESP_FAIL), streak=1[0m
csi_data,A2,[0,0,-6,-15,-6,-15,-6,-14,-6,-14,-6,-13,-6,-13,-6,-13,-7,-12,-7,-12,-8,-11,-8,-11,-8,-11,-8,-11,-9,-11,-9,-11,-9,-11,-9,-11,-9,-11,-9,-12,-8,-12,-8,-12,-7,-12,-6,-12,-5,-12,-5,-12,-4,-12,0,0,0,0,0,0,0,0,0,0,0,0,0,0,0,0,0,0,0,0,0,0,-5,-11,-4,-12,-4,-12,-3,-13,-3,-13,-3,-14,-2,-14,-2,-14,-1,-14,-1,-14,-1,-14,0,-14,-1,-14,-1,-14,-1,-13,-2,-13,-2,-13,-3,-13,-3,-13,-4,-13,-4,-14,-5,-14,-5,-14,-5,-14,-5,-15,-5,-15]
anchor,A2,24:ec:4a:04:39:15,ch=6
ftm_report,A2,8,8,1.200
csi_data,A2,[0,0,-13,-9,-13,-9,-13,-9,-13,-8,-13,-8,-12,-7,-12,-7,-12,-6,-12,-6,-12,-5,-12,-5,-12,-5,-13,-4,-13,-4,-13,-4,-13,-4,-13,-4,-13,-5,-13,-5,-13,-6,-13,-6,-12,-6,-11,-7,-11,-7,-10,-7,-10,-8,0,0,0,0,0,0,0,0,0,0,0,0,0,0,0,0,0,0,0,0,0,0,-10,-7,-10,-7,-10,-8,-10,-9,-10,-9,-10,-10,-9,-11,-9,-11,-9,-11,-8,-11,-9,-11,-8,-11,-8,-11,-8,-10,-9,-10,-9,-10,-9,-10,-10,-9,-10,-9,-11,-9,-11,-9,-12,-9,-12,-9,-13,-9,-13,-9,-13,-9]
anchor,A2,24:ec:4a:04:39:15,ch=6
ftm_report,A2,8,8,1.200
csi_data,A2,[0,0,-13,-9,-13,-9,-12,-8,-12,-8,-12,-8,-12,-7,-12,-7,-12,-6,-12,-6,-12,-5,-12,-5,-12,-4,-12,-4,-13,-4,-13,-4,-13,-4,-13,-4,-13,-5,-13,-5,-13,-5,-12,-6,-12,-6,-11,-6,-11,-7,-10,-7,-9,-8,0,0,0,0,0,0,0,0,0,0,0,0,0,0,0,0,0,0,0,0,0,0,-10,-7,-10,-7,-10,-8,-10,-9,-10,-9,-9,-10,-9,-11,-9,-11,-8,-11,-8,-11,-8,-11,-8,-11,-8,-11,-8,-10,-8,-10,-9,-10,-9,-10,-9,-9,-10,-9,-11,-9,-11,-9,-11,-9,-12,-9,-12,-9,-13,-9,-12,-9]
anchor,A2,24:ec:4a:04:39:15,ch=6
ftm_report,A2,6,6,0.900
csi_data,A2,[0,0,-7,13,-7,13,-7,13,-6,12,-6,13,-6,12,-5,12,-5,12,-4,12,-4,12,-3,12,-3,12,-2,12,-2,13,-2,12,-2,13,-3,13,-3,13,-3,13,-4,13,-4,12,-5,12,-5,11,-6,11,-6,10,-6,10,0,0,0,0,0,0,0,0,0,0,0,0,0,0,0,0,0,0,0,0,0,0,-5,10,-6,10,-7,10,-8,10,-8,10,-9,10,-9,10,-10,9,-10,9,-10,9,-10,9,-10,9,-10,9,-9,9,-9,9,-9,9,-9,10,-8,10,-8,11,-8,11,-8,11,-8,12,-7,12,-7,12,-7,13,-7,13]
anchor,A2,24:ec:4a:04:39:15,ch=6
ftm_report,A2,12,12,1.800
csi_data,A2,[0,0,1,14,1,14,1,13,1,14,2,13,2,13,2,12,2,12,3,12,3,11,4,11,4,11,4,11,5,11,5,11,5,11,5,12,5,12,4,12,4,12,3,12,2,12,2,12,1,11,1,11,0,11,0,0,0,0,0,0,0,0,0,0,0,0,0,0,0,0,0,0,0,0,0,0,1,11,1,11,0,12,0,12,-1,12,-1,12,-2,13,-3,13,-3,13,-3,13,-3,12,-3,12,-3,12,-3,12,-2,12,-2,12,-2,12,-1,12,-1,12,0,13,0,13,0,13,1,14,1,14,1,14,1,14]
anchor,A2,24:ec:4a:04:39:15,ch=6
ftm_report,A2,7,7,1.050
csi_data,A2,[0,0,-14,6,-13,6,-13,6,-13,6,-13,6,-12,6,-12,7,-11,7,-11,7,-10,7,-10,8,-10,8,-9,8,-9,9,-9,9,-9,9,-9,9,-10,9,-10,9,-10,8,-10,8,-11,7,-10,6,-11,6,-10,5,-11,4,0,0,0,0,0,0,0,0,0,0,0,0,0,0,0,0,0,0,0,0,0,0,-10,4,-11,4,-12,3,-12,3,-13,3,-13,2,-13,2,-13,2,-14,1,-13,1,-13,1,-13,1,-13,1,-13,1,-13,2,-13,2,-13,3,-12,3,-13,4,-13,4,-13,5,-13,5,-13,5,-13,6,-14,6,-14,6]
anchor,A2,24:ec:4a:04:39:15,ch=6
ftm_report,A2,6,6,0.900
csi_data,A2,[0,0,8,12,8,11,8,11,8,11,8,10,8,10,8,9,8,9,8,8,9,8,9,8,9,7,10,7,10,7,10,7,11,7,10,7,10,7,10,8,10,8,9,8,9,8,8,9,7,9,6,9,6,9,0,0,0,0,0,0,0,0,0,0,0,0,0,0,0,0,0,0,0,0,0,0,6,9,5,9,5,10,5,10,5,11,4,12,4,12,3,12,3,12,3,12,3,13,2,12,3,12,3,12,3,11,3,12,4,11,5,11,5,11,6,11,6,11,7,11,7,11,7,12,7,12,8,12]
anchor,A2,24:ec:4a:04:39:15,ch=6
ftm_report,A2,14,14,2.100
csi_data,A2,[0,0,6,13,6,12,6,12,6,12,6,11,6,11,6,11,7,10,7,10,7,10,8,9,8,9,8,9,8,9,9,9,9,9,8,9,8,9,8,10,8,10,7,10,6,10,6,10,5,10,4,10,3,10,0,0,0,0,0,0,0,0,0,0,0,0,0,0,0,0,0,0,0,0,0,0,5,9,5,10,4,11,4,11,4,12,3,12,3,12,2,13,2,13,1,12,1,13,1,12,1,12,2,12,2,12,2,12,3,12,3,12,4,11,4,12,5,12,5,12,5,12,6,12,6,13,6,13]
anchor,A2,24:ec:4a:04:39:15,ch=6
ftm_report,A2,283,283,42.450
anchor,A2,24:ec:4a:04:39:15,ch=6
ftm_report,A2,352,352,52.800
csi_data,A2,[0,0,1,15,1,14,1,14,1,14,1,13,1,13,2,12,2,12,2,12,3,12,4,11,4,11,4,11,4,11,5,11,5,11,5,12,4,12,4,12,3,12,3,12,2,12,1,12,1,11,0,11,0,11,0,0,0,0,0,0,0,0,0,0,0,0,0,0,0,0,0,0,0,0,0,0,1,11,1,11,0,12,-1,12,-1,12,-2,12,-3,13,-3,12,-3,13,-4,12,-4,12,-4,12,-4,12,-3,12,-3,12,-2,12,-2,12,-1,12,-1,12,-1,13,-1,13,0,13,0,14,1,14,1,14,1,14]
anchor,A2,24:ec:4a:04:39:15,ch=6
ftm_report,A2,10,10,1.500
anchor,A2,24:ec:4a:04:39:15,ch=6
ftm_report,A2,281,281,42.150
csi_data,A2,[0,0,13,5,13,5,13,5,13,4,13,4,13,4,12,3,12,3,12,2,12,2,12,1,12,1,12,0,12,0,13,0,13,0,13,0,13,1,13,1,13,2,13,2,12,2,12,3,11,3,10,4,10,4,0,0,0,0,0,0,0,0,0,0,0,0,0,0,0,0,0,0,0,0,0,0,10,3,10,4,10,5,11,5,11,6,11,6,10,7,10,8,10,8,10,8,10,9,9,8,9,8,9,8,10,7,10,7,10,7,11,6,11,6,11,5,12,6,12,5,13,5,13,5,13,6,13,5]
csi_data,A2,[0,0,-14,6,-14,5,-14,5,-13,5,-13,6,-12,6,-12,6,-11,6,-11,6,-10,7,-10,7,-10,7,-10,8,-10,8,-10,8,-10,8,-10,8,-10,8,-11,8,-11,7,-11,7,-11,6,-11,6,-11,5,-11,4,-11,4,0,0,0,0,0,0,0,0,0,0,0,0,0,0,0,0,0,0,0,0,0,0,-11,4,-11,4,-12,3,-12,3,-13,2,-13,2,-13,2,-14,1,-14,1,-14,1,-14,1,-13,0,-13,1,-13,1,-13,1,-13,2,-13,2,-13,3,-13,3,-13,4,-13,4,-13,4,-13,5,-14,5,-14,5,-14,5]
anchor,A2,24:ec:4a:04:39:15,ch=6
ftm_report,A2,417,417,62.550
csi_data,A2,[0,0,12,-8,12,-8,12,-8,11,-8,12,-8,11,-8,10,-8,10,-8,9,-8,9,-9,8,-9,8,-9,8,-10,8,-10,8,-10,8,-10,8,-10,9,-10,9,-10,9,-9,9,-9,10,-8,9,-7,10,-7,9,-6,10,-5,0,0,0,0,0,0,0,0,0,0,0,0,0,0,0,0,0,0,0,0,0,0,9,-7,10,-7,10,-6,11,-6,11,-5,12,-5,12,-4,12,-4,13,-4,12,-3,12,-3,12,-3,12,-3,12,-4,12,-4,11,-4,11,-5,11,-5,12,-6,12,-6,12,-6,12,-7,12,-7,12,-8,12,-8,12,-8]
anchor,A2,24:ec:4a:04:39:15,ch=6
ftm_report,A2,9,9,1.350
anchor,A2,24:ec:4a:04:39:15,ch=6
ftm_report,A2,6,6,0.900
csi_data,A2,[0,0,-10,-12,-10,-12,-10,-12,-10,-12,-10,-11,-10,-11,-10,-10,-10,-9,-10,-9,-11,-9,-11,-8,-11,-8,-12,-8,-12,-7,-12,-7,-12,-7,-12,-8,-12,-8,-12,-9,-12,-9,-11,-9,-10,-9,-10,-9,-9,-9,-8,-9,-8,-10,0,0,0,0,0,0,0,0,0,0,0,0,0,0,0,0,0,0,0,0,0,0,-8,-10,-7,-10,-7,-11,-7,-12,-6,-12,-6,-13,-6,-13,-5,-13,-5,-14,-5,-14,-4,-14,-5,-13,-5,-13,-5,-13,-5,-12,-6,-12,-6,-12,-7,-12,-7,-12,-8,-12,-8,-12,-9,-12,-9,-12,-10,-12,-10,-12,-10,-13]
anchor,A2,24:ec:4a:04:39:15,ch=6
ftm_report,A2,8,8,1.200
csi_data,A2,[0,0,1,-15,1,-15,1,-15,1,-15,1,-15,0,-14,0,-14,-1,-14,-1,-13,-2,-13,-2,-13,-2,-13,-2,-13,-3,-13,-3,-13,-3,-13,-3,-14,-3,-14,-3,-14,-2,-14,-2,-14,-1,-13,0,-13,1,-13,1,-12,2,-12,0,0,0,0,0,0,0,0,0,0,0,0,0,0,0,0,0,0,0,0,0,0,0,-12,1,-13,2,-13,2,-13,3,-13,4,-13,4,-13,5,-13,5,-13,6,-13,6,-12,6,-12,6,-12,5,-12,5,-12,4,-13,3,-13,3,-13,3,-13,2,-14,2,-14,2,-14,2,-15,2,-15,2,-15,2,-15]
anchor,A2,24:ec:4a:04:39:15,ch=6
ftm_report,A2,6,6,0.900
csi_data,A2,[0,0,-14,6,-14,6,-14,6,-14,6,-13,6,-13,6,-12,7,-11,7,-11,7,-11,7,-11,7,-10,7,-10,8,-10,8,-10,9,-10,9,-10,9,-11,9,-11,8,-11,8,-11,8,-11,7,-11,6,-11,5,-11,4,-11,4,0,0,0,0,0,0,0,0,0,0,0,0,0,0,0,0,0,0,0,0,0,0,-11,4,-11,4,-12,3,-12,3,-13,2,-13,2,-14,2,-14,1,-14,1,-14,0,-14,0,-14,0,-14,0,-13,0,-13,1,-13,1,-13,2,-13,3,-13,3,-13,4,-13,4,-13,5,-14,5,-14,5,-14,5,-14,5]
anchor,A2,24:ec:4a:04:39:15,ch=6
ftm_report,A2,8,8,1.200
csi_data,A2,[0,0,-6,14,-6,13,-6,13,-5,13,-5,13,-5,12,-4,12,-4,12,-3,12,-3,12,-2,12,-2,12,-1,12,-1,13,-1,13,-1,13,-1,13,-1,13,-2,13,-3,13,-3,13,-4,12,-4,12,-4,11,-5,11,-5,10,0,0,0,0,0,0,0,0,0,0,0,0,0,0,0,0,0,0,0,0,0,0,-4,11,-5,11,-6,11,-6,11,-7,11,-7,11,-8,11,-9,10,-9,10,-9,10,-9,10,-9,10,-9,10,-8,10,-8,10,-8,10,-7,10,-7,11,-7,11,-7,11,-6,12,-6,12,-6,13,-6,13,-6,14,-6,14]
csi_data,A2,[0,0,-5,-15,-5,-15,-5,-14,-4,-14,-5,-14,-5,-13,-5,-13,-5,-12,-6,-12,-6,-12,-7,-12,-7,-11,-7,-11,-8,-11,-8,-11,-8,-11,-8,-11,-8,-12,-7,-12,-7,-12,-6,-12,-5,-12,-5,-12,-4,-12,-3,-12,-3,-12,0,0,0,0,0,0,0,0,0,0,0,0,0,0,0,0,0,0,0,0,0,0,-4,-11,-4,-12,-3,-12,-2,-13,-2,-13anchor,A2,24:ec:4a:04:39:15,ch=6
ftm_report,A2,305,305,45.750
,-1,-14,-1,-14,0,-14,0,-14,0,-14,0,-13,1,-13,0,-13,0,-13,0,-13,-1,-13,-1,-13,-2,-13,-2,-13,-3,-14,-3,-14,-4,-14,-4,-14,-4,-14,-4,-15,-4,-15]
anchor,A2,24:ec:4a:04:39:15,ch=6
ftm_report,A2,8,8,1.200
csi_data,A2,[0,0,14,3,14,2,13,2,13,2,13,1,13,1,12,1,12,0,12,0,12,-1,12,-1,12,-2,12,-2,12,-2,12,-2,12,-2,13,-2,13,-2,13,-1,13,0,12,0,12,0,12,1,11,1,11,2,10,3,0,0,0,0,0,0,0,0,0,0,0,0,0,0,0,0,0,0,0,0,0,0,11,1,11,1,11,2,11,3,12,3,11,4,12,5,11,5,11,5,11,6,11,6,11,6,11,5,11,5,11,5,11,4,11,4,11,4,12,3,12,3,12,3,13,3,13,2,13,2,14,2,14,2]
anchor,A2,24:ec:4a:04:39:15,ch=6
ftm_report,A2,8,8,1.200
csi_data,A2,[0,0,8,-13,8,-13,8,-12,8,-12,7,-12,7,-12,7,-12,6,-12,6,-12,5,-12,4,-12,4,-13,4,-13,4,-13,4,-13,4,-13,4,-13,4,-13,5,-13,5,-13,6,-12,6,-12,6,-11,7,-11,7,-10,7,-9,0,0,0,0,0,0,0,0,0,0,0,0,0,0,0,0,0,0,0,0,0,0,5,-10,6,-11,7,-10,8,-10,8,-10,9,-10,9,-9,10,-9,10,-9,10,-9,10,-9,10,-9,10,-8,10,-8,9,-9,9,-9,9,-9,8,-10,8,-10,8,-11,8,-11,8,-11,8,-12,8,-12,8,-13,8,-13]
anchor,A2,24:ec:4a:04:39:15,ch=6
ftm_report,A2,7,7,1.050
csi_data,A2,[0,0,-9,12,-9,11,-9,11,-8,11,-8,11,-8,11,-8,11,-7,11,-6,11,-6,11,-5,11,-5,11,-5,11,-5,12,-4,12,-4,12,-5,12,-5,12,-6,12,-6,11,-6,11,-7,10,-7,10,-7,10,-7,9,-8,8,0,0,0,0,0,0,0,0,0,0,0,0,0,0,0,0,0,0,0,0,0,0,-7,9,-7,9,-8,9,-9,9,-9,9,-10,8,-11,8,-11,7,-11,7,-11,7,-11,7,-11,7,-11,7,-11,7,-10,7,-10,8,-10,8,-9,8,-10,9,-10,9,-9,9,-9,10,-9,11,-9,11,-9,12,-9,12]
anchor,A2,24:ec:4a:04:39:15,ch=6
ftm_report,A2,405,405,60.750
csi_data,A2,[0,0,-4,-15,-4,-15,-4,-14,-4,-14,-4,-14,-4,-13,-5,-13,-5,-12,-5,-12,-5,-12,-6,-12,-6,-12,-6,-12,-7,-12,-7,-11,-7,-12,-7,-12,-7,-12,-7,-12,-6,-13,-5,-13,-5,-12,-4,-12,-3,-12,-3,-12,-2,-12,0,0,0,0,0,0,0,0,0,0,0,0,0,0,0,0,0,0,0,0,0,0,-4,-12,-3,-12,-2,-12,-2,-13,-2,-13,-1,-14,0,-14,0,-14,0,-14,1,-13,1,-14,1,-13,1,-13,1,-13,0,-13,0,-13,-1,-13,-1,-13,-1,-13,-2,-14,-2,-14,-3,-14,-3,-14,-3,-14,-3,-15,-3,-15]
anchor,A2,24:ec:4a:04:39:15,ch=6
ftm_report,A2,7,7,1.050
csi_data,A2,[0,0,7,-13,7,-13,7,-12,7,-13,6,-12,6,-12,6,-12,5,-12,4,-12,4,-12,3,-12,3,-13,3,-13,3,-13,3,-13,3,-13,3,-13,3,-13,4,-13,4,-13,5,-12,5,-12,5,-11,6,-11,6,-10,6,-9,0,0,0,0,0,0,0,0,0,0,0,0,0,0,0,0,0,0,0,0,0,0,4,-11,5,-10,6,-10,7,-10,7,-10,8,-10,9,-10,9,-9,9,-9,9,-9,9,-9,9,-9,9,-9,9,-9,9,-9,8,-9,8,-10,8,-10,8,-10,7,-11,7,-11,7,-12,7,-12,7,-12,7,-13,7,-13]
anchor,A2,24:ec:4a:04:39:15,ch=6
ftm_report,A2,8,8,1.200
csi_data,A2,[0,0,11,-10,11,-10,11,-11,10,-10,10,-10,9,-10,9,-10,8,-11,8,-11,7,-11,7,-11,6,-12,6,-12,6,-12,6,-12,6,-12,6,-12,6,-12,7,-12,7,-11,7,-11,8,-10,8,-10,8,-10,8,-9,8,-8,0,0,0,0,0,0,0,0,0,0,0,0,0,0,0,0,0,0,0,0,0,0,8,-8,9,-8,9,-8,10,-7,11,-7,11,-7,12,-6,12,-6,12,-5,12,-6,12,-5,12,-5,12,-6,11,-6,11,-6,11,-6,11,-7,10,-7,11,-8,11,-8,10,-9,11,-9,11,-10,11,-10,11,-10,11,-11]
anchor,A2,24:ec:4a:04:39:15,ch=6
ftm_report,A2,6,6,0.900
csi_data,A2,[0,0,-14,5,-14,6,-13,5,-13,5,-13,6,-12,6,-12,6,-12,6,-11,6,-11,7,-10,7,-10,7,-10,8,-10,8,-10,8,-10,8,-10,8,-11,8,-11,8,-11,7,-11,7,-11,6,-11,6,-11,5,-11,4,-11,3,0,0,0,0,0,0,0,0,0,0,0,0,0,0,0,0,0,0,0,0,0,0,-11,4,-11,4,-12,3,-12,3,-13,3,-13,2,-13,1,-14,1,-14,1,-14,0,-14,0,-13,0,-13,1,-13,1,-13,1,-13,2,-13,2,-13,3,-13,3,-13,3,-13,4,-14,5,-14,5,-14,5,-14,5,-14,5]
anchor,A2,24:ec:4a:04:39:15,ch=6
ftm_report,A2,6,6,0.900
anchor,A2,24:ec:4a:04:39:15,ch=6
ftm_report,A2,6,6,0.900
anchor,A2,24:ec:4a:04:39:15,ch=6
ftm_report,A2,8,8,1.200
csi_data,A2,[0,0,14,3,14,3,14,3,13,3,14,2,13,2,13,1,13,1,12,0,12,0,13,-1,12,-1,12,-2,13,-2,13,-2,13,-2,13,-2,13,-1,13,-1,13,0,13,0,12,1,12,1,12,2,11,2,11,3,0,0,0,0,0,0,0,0,0,0,0,0,0,0,0,0,0,0,0,0,0,0,11,2,11,3,11,3,11,4,11,5,12,5,11,6,11,6,11,7,11,7,11,7,10,7,11,7,11,6,11,6,11,6,11,5,11,5,12,4,12,4,13,4,13,3,13,3,14,3,14,3,14,3]
anchor,A2,24:ec:4a:04:39:15,ch=6
ftm_report,A2,6,6,0.900
csi_data,A2,[0,0,-14,-7,-14,-7,-14,-6,-14,-6,-14,-6,-13,-5,-13,-5,-13,-4,-13,-4,-13,-3,-13,-3,-13,-2,-13,-2,-13,-2,-14,-2,-14,-2,-14,-2,-14,-2,-14,-3,-14,-3,-14,-4,-13,-4,-12,-4,-12,-5,-11,-5,-11,-6,0,0,0,0,0,0,0,0,0,0,0,0,0,0,0,0,0,0,0,0,0,0,-11,-5,-11,-6,-11,-7,-11,-7,-11,-8,-11,-8,-11,-9,-11,-9,-11,-10,-10,-10,-10,-10,-10,-10,-10,-9,-10,-9,-10,-9,-10,-9,-11,-8,-11,-8,-11,-7,-12,-7,-13,-7,-13,-7,-13,-7,-14,-6,-14,-7,-14,-7]
anchor,A2,24:ec:4a:04:39:15,ch=6
ftm_report,A2,8,8,1.200
csi_data,A2,[0,0,-13,-8,-14,-8,-13,-8,-13,-8,-13,-7,-13,-7,-13,-6,-13,-6,-13,-5,-13,-5,-13,-5,-13,-4,-13,-3,-13,-3,-13,-3,-13,-3,-14,-4,-14,-4,-14,-4,-13,-5,-13,-5,-12,-5,-12,-6,-11,-7,-10,-7,-10,-7,0,0,0,0,0,0,0,0,0,0,0,0,0,0,0,0,0,0,0,0,0,0,-11,-6,-11,-6,-11,-7,-10,-8,-11,-9,-11,-9,-11,-10,-10,-10,-10,-10,-9,-11,-9,-11,-9,-11,-9,-10,-9,-10,-9,-9,-10,-10,-10,-9,-11,-9,-11,-9,-12,-8,-12,-8,-12,-8,-13,-8,-13,-8,-13,-8,-13,-8]
anchor,A2,24:ec:4a:04:39:15,ch=6
ftm_report,A2,232,232,34.800
anchor,A2,24:ec:4a:04:39:15,ch=6
ftm_report,A2,10,10,1.500
anchor,A2,24:ec:4a:04:39:15,ch=6
ftm_report,A2,10,10,1.500
csi_data,A2,[0,0,13,-7,13,-7,13,-7,12,-7,12,-7,12,-7,11,-7,11,-7,10,-8,10,-8,9,-9,9,-9,9,-9,9,-10,9,-9,9,-10,9,-10,10,-10,10,-9,10,-8,10,-8,11,-7,10,-7,10,-6,10,-6,10,-5,0,0,0,0,0,0,0,0,0,0,0,0,0,0,0,0,0,0,0,0,0,0,9,-6,11,-5,11,-5,12,-4,12,-4,13,-4,13,-3,13,-2,13,-2,13,-2,13,-2,13,-2,13,-2,13,-2,13,-2,12,-3,12,-3,12,-4,12,-4,12,-5,13,-5,13,-6,12,-6,13,-7,13,-7,13,-7]
anchor,A2,24:ec:4a:04:39:15,ch=6
ftm_report,A2,6,6,0.900
csi_data,A2,[0,0,12,7,12,6,12,6,12,6,12,6,12,5,12,5,12,4,11,4,11,3,12,3,12,2,12,2,12,2,12,2,13,2,12,3,12,3,12,3,12,4,12,4,11,5,11,5,10,5,9,6,9,6,0,0,0,0,0,0,0,0,0,0,0,0,0,0,0,0,0,0,0,0,0,0,10,4,10,5,10,5,10,6,10,7,10,7,10,8,9,8,9,9,9,9,9,9,9,9,9,8,9,8,9,8,9,8,9,8,10,7,10,7,10,7,11,7,11,7,12,6,12,6,13,7,13,6]
anchor,A2,24:ec:4a:04:39:15,ch=6
ftm_report,A2,379,379,56.850
csi_data,A2,[0,0,14,-3,14,-4,14,-4,14,-4,13,-4,13,-4,12,-4,12,-5,12,-5,11,-6,11,-6,11,-7,11,-7,11,-7,11,-7,11,-7,11,-7,11,-7,12,-6,12,-6,12,-5,12,-5,12,-4,12,-3,11,-3,11,-2,0,0,0,0,0,0,0,0,0,0,0,0,0,0,0,0,0,0,0,0,0,0,11,-4,11,-4,12,-3,12,-2,13,-2,13,-1,13,-1,13,0,13,0,13,0,13,1,13,1,13,1,13,0,13,0,13,0,12,-1,12,-2,13,-2,13,-2,13,-3,14,-3,14,-3,14,-4,14,-4,14,-4]
anchor,A2,24:ec:4a:04:39:15,ch=6
ftm_report,A2,10,10,1.500
csi_data,A2,[0,0,5,13,5,12,5,13,5,12,5,12,5,12,5,11,6,11,6,10,6,10,7,9,7,9,8,9,8,9,8,9,8,9,8,9,8,10,7,10,6,10,6,11,5,10,5,10,5,10,4,10,3,10,0,0,0,0,0,0,0,0,0,0,0,0,0,0,0,0,0,0,0,0,0,0,5,9,4,10,4,11,3,12,3,12,2,13,1,13,1,13,1,13,1,12,1,13,1,13,1,12,1,12,1,12,1,12,2,12,2,11,3,12,3,12,3,12,4,12,5,12,5,13,5,13,6,13]
anchor,A2,24:ec:4a:04:39:15,ch=6
ftm_report,A2,9,9,1.350
csi_data,A2,[0,0,7,-13,6,-13,6,-13,6,-13,6,-13,5,-12,4,-13,4,-13,3,-12,3,-12,3,-12,2,-12,2,-13,2,-13,1,-13,1,-13,2,-13,2,-13,2,-13,3,-13,3,-13,4,-12,4,-12,5,-11,5,-10,5,-10,0,0,0,0,0,0,0,0,0,0,0,0,0,0,0,0,0,0,0,0,0,0,5,-11,5,-11,6,-11,7,-10,7,-11,8,-10,8,-10,9,-10,9,-10,10,-9,9,-9,9,-9,9,-9,9,-9,8,-9,8,-10,8,-10,7,-11,7,-11,7,-11,7,-12,6,-12,7,-13,7,-13,7,-13,7,-13]
anchor,A2,24:ec:4a:04:39:15,ch=6
ftm_report,A2,6,6,0.900
anchor,A2,24:ec:4a:04:39:15,ch=6
ftm_report,A2,12,12,1.800
anchor,A2,24:ec:4a:04:39:15,ch=6
ftm_report,A2,8,8,1.200
anchor,A2,24:ec:4a:04:39:15,ch=6
ftm_report,A2,6,6,0.900
anchor,A2,24:ec:4a:04:39:15,ch=6
ftm_report,A2,9,9,1.350
csi_data,A2,[0,0,3,14,3,14,3,13,3,13,3,13,3,12,4,12,4,11,4,11,5,11,5,11,5,10,6,11,6,10,6,11,6,11,6,11,6,11,6,11,5,11,5,11,4,11,3,11,3,11,2,11,1,11,0,0,0,0,0,0,0,0,0,0,0,0,0,0,0,0,0,0,0,0,0,0,3,11,2,11,2,12,1,12,1,12,0,13,0,13,-1,13,-1,13,-2,13,-2,13,-2,13,-1,12,-1,12,-1,12,-1,12,0,12,0,12,1,12,1,13,2,13,2,13,2,13,3,14,3,14,3,14]
[1;31mE (78565) wifi:No FTM Measurements received from responder![0m
[0;33mW (78795) TAG: FTM to A2 failed (ESP_FAIL), streak=1[0m
csi_data,A2,[0,0,-9,12,-9,11,-9,12,-8,11,-8,11,-7,11,-7,11,-6,11,-6,11,-5,11,-5,11,-5,11,-4,12,-4,12,-4,12,-4,12,-5,12,-5,12,-5,12,-6,12,-6,11,-7,11,-7,10,-7,10,-7,9,-8,8,0,0,0,0,0,0,0,0,0,0,0,0,0,0,0,0,0,0,0,0,0,0,-6,9,-7,9,-8,9,-9,9,-9,9,-10,9,-10,9,-10,8,-11,8,-11,8,-11,8,-11,8,-11,8,-10,8,-10,8,-10,8,-10,8,-9,9,-10,9,-9,10,-9,10,-9,10,-8,11,-9,12,-9,12,-9,12]
anchor,A2,24:ec:4a:04:39:15,ch=6
ftm_report,A2,6,6,0.900
csi_data,A2,[0,0,-7,13,-7,13,-7,12,-6,12,-6,12,-6,12,-6,12,-5,11,-5,11,-4,12,-3,12,-3,12,-2,12,-3,12,-2,12,-2,12,-3,13,-3,13,-4,12,-4,12,-5,12,-5,11,-5,11,-5,11,-6,10,-6,9,0,0,0,0,0,0,0,0,0,0,0,0,0,0,0,0,0,0,0,0,0,0,-5,10,-6,10,-7,10,-7,10,-8,10,-8,10,-9,10,-10,9,-10,9,-10,9,-10,9,-10,9,-10,9,-9,9,-9,9,-9,9,-8,9,-8,10,-8,10,-8,11,-8,11,-7,11,-7,12,-7,13,-7,13,-7,13]
anchor,A2,24:ec:4a:04:39:15,ch=6
ftm_report,A2,8,8,1.200
csi_data,A2,[0,0,-12,-9,-12,-9,-12,-9,-12,-8,-12,-8,-12,-8,-12,-7,-12,-6,-12,-6,-12,-6,-12,-5,-12,-5,-12,-4,-13,-4,-13,-4,-13,-4,-13,-4,-13,-5,-13,-5,-13,-5,-12,-6,-12,-6,-11,-6,-11,-7,-10,-7,-9,-7,0,0,0,0,0,0,0,0,0,0,0,0,0,0,0,0,0,0,0,0,0,0,-9,-7,-10,-8,-9,-9,-9,-9,-9,-10,-9,-11,-8,-11,-8,-11,-8,-12,-8,-12,-8,-12,-7,-12,-8,-11,-8,-11,-8,-10,-8,-11,-9,-10,-9,-10,-9,-10,-10,-9,-11,-9,-11,-9,-12,-9,-12,-9,-12,-9,-12,-9]
csi_data,A2,[0,0,-14,-6,-14,-5,-14,-5,-14,-5,-14,-5,-13,-5,-13,-4,-13,-3,-13,-3,-13,-3,-13,-2,-13,-2,-13,-1,-13,-1,-13,-1,-13,-1,-14,-1,-14,-1,-14,-2,-13,-3,-13,-3,-13,-4,-12,-4,-12,-4,-11,-5,-11,-5,0,0,0,0,0,0,0,0,0,0,0,0,0,0,0,0,0,0,0,0,0,0,-11,-4,-12,-5,-12,-5,-12,-6,-12,-7,-12,-7,-11,-8,-11,-8,-11,-9,-11,-9,-11,-9,-11,-9,-11,-9,-11,-8,-11,-8,-11,-8,-11,-7,-11,-7,-12,-7,-12,-6,-13,-6,-13,-6,-13,-6,-14,-6,-14,-6,-14,-6]
anchor,A2,24:ec:4a:04:39:15,ch=6
ftm_report,A2,75,75,11.250
anchor,A2,24:ec:4a:04:39:15,ch=6
ftm_report,A2,6,6,0.900
csi_data,A2,[0,0,14,4,14,3,13,3,13,3,13,3,13,3,12,2,12,2,12,1,12,1,12,0,12,0,12,-1,12,-1,12,-1,12,-1,13,-1,13,0,13,0,12,1,12,1,12,2,12,2,11,2,10,3,10,4,0,0,0,0,0,0,0,0,0,0,0,0,0,0,0,0,0,0,0,0,0,0,11,2,11,2,11,3,11,4,11,5,11,5,11,6,11,6,11,7,11,7,10,7,10,7,10,7,10,6,10,6,10,6,11,5,11,5,12,5,12,4,12,4,13,4,13,4,13,3,14,4,14,4]
anchor,A2,24:ec:4a:04:39:15,ch=6
ftm_report,A2,6,6,0.900
csi_data,A2,[0,0,10,-11,10,-11,10,-11,9,-11,9,-11,9,-11,8,-11,8,-11,7,-11,6,-11,6,-11,6,-11,5,-11,5,-12,5,-12,5,-12,5,-12,6,-12,6,-12,6,-12,7,-11,7,-11,7,-10,7,-10,7,-9,8,-8,0,0,0,0,0,0,0,0,0,0,0,0,0,0,0,0,0,0,0,0,0,0,7,-9,8,-9,9,-8,10,-8,10,-8,11,-8,11,-7,11,-7,12,-7,12,-6,11,-6,11,-6,11,-6,11,-6,11,-6,10,-7,10,-7,10,-8,10,-8,10,-9,10,-9,10,-10,10,-10,10,-11,10,-11,10,-11]
anchor,A2,24:ec:4a:04:39:15,ch=6
ftm_report,A2,5,5,0.750
csi_data,A2,[0,0,-9,-12,-9,-12,-9,-12,-9,-12,-9,-11,-9,-11,-9,-10,-9,-10,-10,-9,-10,-9,-10,-8,-10,-8,-11,-8,-11,-8,-11,-8,-11,-8,-11,-8,-11,-8,-11,-9,-10,-9,-10,-9,-9,-9,-9,-9,-8,-9,-8,-10,-7,-10,0,0,0,0,0,0,0,0,0,0,0,0,0,0,0,0,0,0,0,0,0,0,-8,-10,-7,-11,-7,-11,-7,-11,-6,-12,-6,-13,-5,-13,-5,-13,-5,-13,-4,-13,-4,-13,-4,-13,-4,-13,-5,-12,-5,-12,-5,-12,-6,-12,-6,-12,-7,-12,-7,-12,-7,-12,-8,-12,-8,-12,-9,-12,-9,-12,-9,-12]
anchor,A2,24:ec:4a:04:39:15,ch=6
ftm_report,A2,10,10,1.500
csi_data,A2,[0,0,9,11,9,10,9,10,9,10,9,9,9,9,9,9,9,8,9,8,9,7,10,7,10,6,10,6,10,6,11,6,11,6,11,7,11,7,10,7,10,8,9,8,9,8,8,8,8,8,7,8,6,9,0,0,0,0,0,0,0,0,0,0,0,0,0,0,0,0,0,0,0,0,0,0,8,8,7,8,7,9,7,9,7,10,6,11,6,12,5,12,5,12,5,12,5,12,4,12,5,11,5,11,5,11,5,11,6,10,6,10,7,10,7,10,7,10,8,10,9,11,9,11,9,10,9,11]
anchor,A2,24:ec:4a:04:39:15,ch=6
ftm_report,A2,6,6,0.900
csi_data,A2,[0,0,4,14,3,13,3,13,4,13,4,13,4,12,4,12,4,11,5,11,5,11,5,11,5,10,6,10,6,10,7,10,7,10,6,11,6,11,6,11,6,11,5,11,4,11,3,11,3,11,2,11,1,11,0,0,0,0,0,0,0,0,0,0,0,0,0,0,0,0,0,0,0,0,0,0,3,11,3,11,2,12,2,12,1,12,1,13,0,13,0,13,-1,13,-1,13,-1,13,-1,13,-1,12,-1,12,0,12,0,12,0,12,1,12,1,12,2,13,2,13,3,13,3,14,3,14,3,14,3,14]
anchor,A2,24:ec:4a:04:39:15,ch=6
ftm_report,A2,6,6,0.900
csi_data,A2,[0,0,-5,14,-5,13,-5,13,-4,13,-4,13,-4,12,-3,12,-3,12,-2,12,-2,12,-1,12,-1,12,-1,12,0,12,0,13,0,12,-1,13,-1,13,-1,13,-2,13,-2,12,-3,12,-3,12,-4,11,-4,10,-5,10,0,0,0,0,0,0,0,0,0,0,0,0,0,0,0,0,0,0,0,0,0,0,-3,11,-4,11,-5,11,-6,11,-6,11,-7,11,-7,11,-8,11,-8,10,-8,10,-8,10,-8,10,-8,10,-8,10,-7,10,-7,10,-7,10,-6,11,-6,11,-6,12,-5,12,-5,12,-5,13,-5,13,-5,14,-5,14]
anchor,A2,24:ec:4a:04:39:15,ch=6
ftm_report,A2,6,6,0.900
csi_data,A2,[0,0,2,-15,2,-15,2,-15,2,-14,2,-14,1,-14,1,-14,0,-13,0,-13,-1,-13,-1,-13,-1,-13,-2,-13,-2,-13,-2,-13,-2,-14,-2,-13,-2,-14,-2,-14,-1,-14,-1,-13,0,-13,1,-12,1,-12,2,-12,3,-11,0,0,0,0,0,0,0,0,0,0,0,0,0,0,0,0,0,0,0,0,0,0,1,-12,2,-13,2,-12,3,-13,4,-13,4,-13,5,-13,5,-13,6,-13,6,-12,6,-12,6,-12,6,-12,6,-12,5,-12,4,-12,4,-12,4,-12,4,-13,3,-13,3,-14,3,-14,2,-14,3,-14,3,-15,2,-15]
anchor,A2,24:ec:4a:04:39:15,ch=6
ftm_report,A2,151,151,22.650
csi_data,A2,[0,0,14,0,14,-1,14,-1,14,-1,14,-1,13,-1,13,-2,12,-2,12,-2,12,-3,12,-3,12,-4,12,-4,12,-4,12,-4,12,-5,12,-4,12,-4,12,-4,12,-3,12,-2,12,-2,12,-1,11,-1,11,0,11,1,0,0,0,0,0,0,0,0,0,0,0,0,0,0,0,0,0,0,0,0,0,0,11,-1,11,-1,12,0,12,1,12,1,13,2,13,3,12,3,12,4,12,4,12,4,12,4,12,4,12,3,12,3,12,2,12,2,12,1,13,1,13,1,13,1,14,0,14,0,14,0,14,0,14,0]
[0;33mW (92555) TAG: FTM to A2 failed (ESP_FAIL), streak=1[0m
csi_data,A2,[0,0,10,10,10,9,10,9,10,9,10,9,10,8,10,8,10,7,10,7,10,6,10,6,10,5,11,5,11,5,11,5,11,5,11,6,11,6,11,7,10,7,10,7,9,7,9,8,8,8,8,8,7,8,0,0,0,0,0,0,0,0,0,0,0,0,0,0,0,0,0,0,0,0,0,0,9,7,8,8,8,8,8,9,8,9,7,10,7,11,6,11,6,11,6,11,6,11,6,11,6,11,6,10,6,10,7,10,7,10,7,10,8,9,8,10,8,10,9,9,10,10,10,9,10,10,10,10]
anchor,A2,24:ec:4a:04:39:15,ch=6
ftm_report,A2,11,11,1.650
csi_data,A2,[0,0,-6,-14,-6,-14,-6,-13,-6,-13,-6,-13,-6,-12,-7,-12,-7,-11,-7,-11,-7,-11,-8,-11,-8,-10,-8,-10,-9,-10,-9,-10,-9,-10,-9,-10,-9,-11,-9,-11,-8,-11,-8,-11,-7,-11,-6,-11,-5,-11,-5,-11,-4,-11,0,0,0,0,0,0,0,0,0,0,0,0,0,0,0,0,0,0,0,0,0,0,-5,-11,-5,-12,-4,-12,-4,-12,-3,-13,-3,-13,-2,-14,-2,-14,-2,-14,-1,-13,-1,-14,-1,-13,-1,-13,-1,-13,-2,-13,-2,-13,-3,-13,-3,-13,-4,-13,-4,-13,-5,-13,-5,-13,-6,-13,-6,-14,-6,-14,-6,-14]
anchor,A2,24:ec:4a:04:39:15,ch=6
ftm_report,A2,185,185,27.750
csi_data,A2,[0,0,1,-15,0,-15,0,-15,0,-14,0,-14,0,-14,0,-14,-1,-13,-2,-13,-2,-13,-3,-13,-3,-13,-3,-13,-4,-13,-4,-13,-4,-13,-4,-13,-4,-13,-3,-14,-2,-13,-2,-13,-1,-13,-1,-13,-1,-12,0,-12,1,-12,0,0,0,0,0,0,0,0,0,0,0,0,0,0,0,0,0,0,0,0,0,0,0,-12,1,-13,2,-13,2,-13,3,-13,3,-13,4,-13,5,-13,5,-13,5,-12,5,-13,5,-13,5,-12,4,-12,4,-12,3,-13,3,-12,3,-13,2,-13,2,-13,2,-14,2,-14,1,-14,1,-15,1,-15,1,-15]
anchor,A2,24:ec:4a:04:39:15,ch=6
ftm_report,A2,9,9,1.350
csi_data,A2,[0,0,6,13,5,12,5,13,5,12,6,12,6,11,6,11,6,10,6,10,7,10,7,9,7,9,8,9,8,9,8,9,8,9,8,9,8,10,7,10,7,10,7,10,6,11,5,10,5,10,4,10,3,10,0,0,0,0,0,0,0,0,0,0,0,0,0,0,0,0,0,0,0,0,0,0,5,10,5,11,4,11,4,11,3,12,3,13,2,13,2,13,1,13,1,12,1,13,1,12,1,12,2,12,2,12,2,12,2,12,3,11,3,12,4,12,4,12,4,12,5,12,6,12,6,13,6,13]
anchor,A2,24:ec:4a:04:39:15,ch=6
ftm_report,A2,8,8,1.200
csi_data,A2,[0,0,-8,12,-8,12,-7,12,-7,12,-7,12,-6,12,-6,11,-5,11,-5,11,-4,11,-4,12,-4,12,-3,12,-3,12,-3,12,-3,12,-3,12,-3,13,-4,12,-4,12,-5,12,-5,11,-6,11,-6,10,-6,9,-7,9,0,0,0,0,0,0,0,0,0,0,0,0,0,0,0,0,0,0,0,0,0,0,-6,10,-6,10,-7,10,-8,10,-8,9,-9,10,-10,9,-10,9,-10,9,-11,8,-10,8,-10,8,-10,8,-10,8,-9,8,-9,9,-9,9,-8,9,-8,10,-8,10,-8,11,-8,11,-8,11,-8,12,-8,12,-8,13]
anchor,A2,24:ec:4a:04:39:15,ch=6
ftm_report,A2,8,8,1.200
csi_data,A2,[0,0,-13,8,-13,8,-12,7,-12,7,-12,7,-11,7,-11,7,-10,8,-10,8,-9,8,-9,9,-9,9,-9,9,-9,9,-8,9,-8,10,-9,10,-9,9,-9,9,-10,8,-10,8,-10,8,-10,7,-10,6,-10,6,-10,5,0,0,0,0,0,0,0,0,0,0,0,0,0,0,0,0,0,0,0,0,0,0,-10,7,-10,6,-11,6,-12,5,-12,5,-13,5,-13,4,-13,4,-14,3,-13,3,-13,3,-13,3,-13,3,-13,3,-12,3,-12,4,-12,4,-12,5,-12,5,-12,6,-12,6,-13,6,-12,7,-12,7,-13,8,-13,8]
anchor,A2,24:ec:4a:04:39:15,ch=6
ftm_report,A2,9,9,1.350
csi_data,A2,[0,0,14,5,14,5,13,4,13,4,13,4,13,3,12,3,12,3,12,2,12,2,12,1,12,1,12,0,12,0,13,0,12,0,13,0,13,1,13,1,13,2,12,2,12,2,12,3,11,3,10,4,10,4,0,0,0,0,0,0,0,0,0,0,0,0,0,0,0,0,0,0,0,0,0,0,11,3,11,4,11,4,11,5,11,6,11,6,11,7,11,7,11,8,10,8,10,8,10,8,10,8,10,7,10,7,10,7,10,6,11,6,11,5,12,6,12,5,13,5,13,5,13,5,13,5,14,5]
anchor,A2,24:ec:4a:04:39:15,ch=6
ftm_report,A2,9,9,1.350
csi_data,A2,[0,0,-3,-15,-3,-15,-3,-15,-3,-15,-3,-14,-3,-13,-4,-13,-4,-13,-5,-13,-5,-12,-5,-12,-5,-12,-5,-12,-6,-12,-6,-12,-6,-12,-6,-12,-6,-13,-6,-13,-5,-13,-5,-13,-4,-13,-3,-12,-3,-12,-2,-12,-1,-12,0,0,0,0,0,0,0,0,0,0,0,0,0,0,0,0,0,0,0,0,0,0,-3,-12,-2,-12,-2,-13,-1,-13,-1,-13,0,-14,1,-14,1,-14,1,-14,2,-14,2,-13,2,-13,2,-13,2,-13,1,-13,0,-13,0,-13,-1,-13,-1,-13,-1,-14,-2,-14,-2,-14,-2,-15,-2,-15,-2,-15,-3,-15]
anchor,A2,24:ec:4a:04:39:15,ch=6
ftm_report,A2,9,9,1.350
anchor,A2,24:ec:4a:04:39:15,ch=6
ftm_report,A2,13,13,1.950
anchor,A2,24:ec:4a:04:39:15,ch=6
ftm_report,A2,308,308,46.200
csi_data,A2,[0,0,-15,-5,-15,-5,-15,-5,-14,-5,-14,-4,-14,-4,-14,-4,-13,-3,-13,-3,-13,-2,-13,-2,-13,-1,-13,-1,-14,0,-13,0,-14,0,-14,-1,-14,-1,-14,-1,-14,-2,-14,-2,-13,-3,-13,-3,-12,-4,-12,-4,-11,-5,0,0,0,0,0,0,0,0,0,0,0,0,0,0,0,0,0,0,0,0,0,0,-12,-4,-12,-4,-12,-5,-12,-6,-12,-6,-12,-7,-12,-8,-12,-8,-12,-8,-11,-8,-11,-9,-11,-9,-11,-8,-11,-8,-11,-8,-11,-7,-12,-7,-12,-6,-12,-6,-13,-6,-13,-5,-14,-6,-14,-5,-14,-5,-15,-5,-15,-5]
anchor,A2,24:ec:4a:04:39:15,ch=6
ftm_report,A2,9,9,1.350
anchor,A2,24:ec:4a:04:39:15,ch=6
ftm_report,A2,7,7,1.050
anchor,A2,24:ec:4a:04:39:15,ch=6
ftm_report,A2,8,8,1.200
anchor,A2,24:ec:4a:04:39:15,ch=6
ftm_report,A2,6,6,0.900
anchor,A2,24:ec:4a:04:39:15,ch=6
ftm_report,A2,8,8,1.200
anchor,A2,24:ec:4a:04:39:15,ch=6
ftm_report,A2,6,6,0.900
csi_data,A2,[0,0,-12,9,-12,9,-12,9,-11,9,-11,9,-11,9,-10,9,-10,9,-9,9,-9,9,-8,10,-8,10,-7,10,-8,10,-7,11,-7,11,-8,11,-8,11,-9,10,-9,10,-9,9,-9,9,-10,8,-10,8,-10,7,-10,6,0,0,0,0,0,0,0,0,0,0,0,0,0,0,0,0,0,0,0,0,0,0,-9,7,-10,7,-11,6,-11,6,-12,6,-12,5,-13,5,-13,4,-13,4,-13,4,-13,4,-13,4,-13,4,-12,4,-12,4,-12,5,-12,5,-12,6,-12,6,-12,7,-12,7,-12,8,-12,8,-12,9,-12,9,-12,9]
anchor,A2,24:ec:4a:04:39:15,ch=6
ftm_report,A2,6,6,0.900
csi_data,A2,[0,0,-13,8,-13,8,-12,8,-12,8,-11,8,-11,8,-11,8,-10,8,-10,8,-9,9,-9,9,-9,9,-8,10,-8,10,-8,10,-8,10,-9,10,-9,10,-9,10,-9,9,-10,9,-10,8,-10,7,-10,7,-10,6,-10,5,0,0,0,0,0,0,0,0,0,0,0,0,0,0,0,0,0,0,0,0,0,0,-9,7,-10,6,-11,6,-12,5,-12,5,-13,5,-13,4,-13,4,-13,4,-13,3,-13,3,-13,3,-13,3,-13,3,-12,4,-12,4,-12,4,-12,5,-12,6,-12,6,-12,6,-12,7,-12,7,-12,8,-13,8,-12,8]
anchor,A2,24:ec:4a:04:39:15,ch=6
ftm_report,A2,12,12,1.800
csi_data,A2,[0,0,4,14,4,13,4,13,4,13,4,12,4,12,4,12,5,11,5,11,6,10,6,10,6,10,7,10,7,10,7,10,7,10,7,10,7,10,7,11,6,11,6,11,5,11,4,10,4,10,3,10,2,10,0,0,0,0,0,0,0,0,0,0,0,0,0,0,0,0,0,0,0,0,0,0,3,10,2,11,2,11,1,12,1,12,1,12,0,13,0,13,-1,13,-1,12,-1,13,-1,12,-1,12,0,12,0,12,0,12,0,12,1,12,1,12,2,12,2,12,3,13,3,13,4,13,4,13,4,13]
anchor,A2,24:ec:4a:04:39:15,ch=6
ftm_report,A2,10,10,1.500
csi_data,A2,[0,0,-2,14,-2,14,-2,13,-2,14,-2,13,-1,13,-1,13,-1,12,0,12,1,12,1,12,1,12,2,12,2,12,2,12,2,12,2,13,2,13,1,13,1,13,0,12,-1,12,-1,12,-2,12,-2,11,-3,11,0,0,0,0,0,0,0,0,0,0,0,0,0,0,0,0,0,0,0,0,0,0,-1,11,-2,11,-2,12,-3,12,-4,12,-4,12,-5,12,-5,12,-6,12,-6,12,-6,12,-6,11,-6,11,-5,11,-5,11,-4,12,-4,11,-4,12,-4,12,-3,13,-3,13,-2,13,-2,14,-2,14,-2,14,-2,14]
anchor,A2,24:ec:4a:04:39:15,ch=6
ftm_report,A2,8,8,1.200
anchor,A2,24:ec:4a:04:39:15,ch=6
ftm_report,A2,7,7,1.050
csi_data,A2,[0,0,-6,-14,-7,-14,-7,-13,-6,-13,-6,-13,-7,-12,-7,-12,-7,-11,-7,-11,-8,-11,-8,-10,-8,-10,-9,-10,-9,-10,-9,-10,-9,-10,-9,-10,-9,-10,-9,-11,-8,-11,-8,-11,-7,-11,-7,-11,-6,-11,-5,-11,-4,-11,0,0,0,0,0,0,0,0,0,0,0,0,0,0,0,0,0,0,0,0,0,0,-5,-11,-5,-12,-4,-12,-4,-12,-3,-13,-3,-13,-2,-14,-2,-14,-2,-14,-1,-14,-1,-13,-1,-13,-1,-13,-1,-13,-2,-13,-3,-13,-3,-12,-4,-13,-4,-13,-4,-13,-5,-13,-5,-13,-6,-14,-6,-14,-6,-14,-6,-14]
anchor,A2,24:ec:4a:04:39:15,ch=6
ftm_report,A2,8,8,1.200
anchor,A2,24:ec:4a:04:39:15,ch=6
ftm_report,A2,6,6,0.900
csi_data,A2,[0,0,3,14,3,13,3,13,3,13,3,12,3,12,4,12,4,11,4,11,5,10,5,10,6,10,6,10,6,10,6,10,6,10,6,10,6,11,6,11,5,11,4,11,4,11,3,11,3,11,2,11,1,10,0,0,0,0,0,0,0,0,0,0,0,0,0,0,0,0,0,0,0,0,0,0,3,10,3,11,2,11,1,12,1,12,0,12,0,13,-1,13,-1,13,-1,12,-1,12,-1,12,-1,12,-1,12,-1,12,0,12,0,12,1,12,1,12,2,12,2,12,2,13,3,13,3,13,3,13,3,14]
anchor,A2,24:ec:4a:04:39:15,ch=6
ftm_report,A2,701,701,105.150
anchor,A2,24:ec:4a:04:39:15,ch=6
ftm_report,A2,8,8,1.200
csi_data,A2,[0,0,-7,13,-7,13,-7,13,-6,13,-6,12,-5,12,-5,12,-4,12,-4,12,-3,12,-3,12,-2,12,-2,12,-2,12,-1,13,-2,12,-2,13,-2,13,-2,13,-3,13,-3,12,-4,12,-4,12,-5,11,-5,10,-6,10,0,0,0,0,0,0,0,0,0,0,0,0,0,0,0,0,0,0,0,0,0,0,-5,10,-6,10,-6,11,-7,10,-8,10,-8,10,-9,10,-9,10,-9,10,-10,9,-10,9,-10,9,-9,9,-9,9,-9,9,-9,10,-8,10,-8,10,-7,10,-7,11,-7,11,-7,12,-7,13,-7,13,-7,13,-6,13]
anchor,A2,24:ec:4a:04:39:15,ch=6
ftm_report,A2,8,8,1.200
csi_data,A2,[0,0,-15,-5,-15,-5,-14,-5,-14,-4,-14,-4,-14,-3,-14,-3,-13,-2,-13,-2,-13,-2,-13,-1,-13,-1,-13,0,-14,0,-14,0,-14,0,-14,0,-14,0,-14,-1,-14,-1,-14,-2,-13,-2,-13,-3,-12,-3,-12,-4,-11,-4,0,0,0,0,0,0,0,0,0,0,0,0,0,0,0,0,0,0,0,0,0,0,-12,-4,-12,-4,-12,-5,-12,-6,-12,-6,-12,-7,-12,-7,-12,-8,-12,-8,-11,-8,-11,-9,-11,-9,-11,-8,-11,-8,-11,-7,-11,-7,-12,-6,-12,-6,-12,-6,-13,-5,-13,-5,-14,-5,-14,-5,-14,-5,-15,-5,-15,-5]
anchor,A2,24:ec:4a:04:39:15,ch=6
ftm_report,A2,9,9,1.350
csi_data,A2,[0,0,5,-14,4,-14,4,-14,4,-14,4,-14,3,-13,3,-13,3,-13,2,-13,2,-13,1,-13,1,-13,0,-13,0,-13,-1,-13,-1,-13,0,-13,0,-13,1,-14,1,-13,2,-13,2,-13,3,-12,3,-12,3,-11,4,-11,0,0,0,0,0,0,0,0,0,0,0,0,0,0,0,0,0,0,0,0,0,0,3,-12,4,-12,4,-11,5,-11,6,-12,6,-12,7,-11,7,-11,8,-11,8,-10,8,-11,8,-10,7,-10,7,-10,7,-11,6,-11,6,-11,6,-11,6,-12,6,-12,5,-12,5,-13,5,-13,5,-14,5,-14,5,-14]
csi_data,A2,[0,0,-8,-13,-8,-13,-8,-13,-8,-12,-8,-12,-8,-11,-8,-11,-8,-10,-9,-10,-9,-10,-9,-9,-9,-9,-10,-9,-10,-9,-10,-8,-10,-9,-10,-9,-10,-9,-10,-10,-10,-10,-9,-10,-8,-10,-8,-10,-8,-10,-7,-10,-6,-11,0,0,0,0,0,0,0,0,0,0,0,0,0,0,0,0,0,0,0,0,0,0,-7,-10,-6,-11,-6,-11,-5,-12,-5,-12,-4,-13,-4,-14,-3,-14,-3,-14,-3,-13,-3,-14,-3,-13,-3,-13,-3,-13,-4,-13,-4,-12,-4,-13,-5,-12,-5,-13,-6,-13,-6,-13,-7,-13,-7,-13,-8,-13,-8,-13,-8,-13]
anchor,A2,24:ec:4a:04:39:15,ch=6
ftm_report,A2,292,292,43.800
[0;33mW (122415) TAG: FTM to A2 failed (ESP_FAIL), streak=1[0m
csi_data,A2,[0,0,14,2,14,2,14,2,13,2,13,1,13,1,13,0,13,0,12,0,12,-1,12,-1,12,-2,12,-2,12,-3,12,-2,13,-2,12,-2,13,-2,13,-2,12,-1,13,-1,12,0,12,0,11,1,11,2,11,2,0,0,0,0,0,0,0,0,0,0,0,0,0,0,0,0,0,0,0,0,0,0,11,1,11,2,11,3,12,3,11,4,12,5,12,5,12,5,11,6,11,6,11,6,11,6,11,6,11,6,11,5,11,5,11,4,11,4,12,4,12,3,13,3,13,2,13,2,14,2,14,2,15,2]
anchor,A2,24:ec:4a:04:39:15,ch=6
ftm_report,A2,9,9,1.350
anchor,A2,24:ec:4a:04:39:15,ch=6
ftm_report,A2,6,6,0.900
anchor,A2,24:ec:4a:04:39:15,ch=6
ftm_report,A2,7,7,1.050
anchor,A2,24:ec:4a:04:39:15,ch=6
ftm_report,A2,9,9,1.350
anchor,A2,24:ec:4a:04:39:15,ch=6
ftm_report,A2,6,6,0.900
csi_data,A2,[0,0,7,13,7,12,7,12,7,12,7,11,7,11,7,10,7,10,7,10,8,9,8,9,8,9,9,8,9,8,9,8,9,8,9,9,9,9,9,9,8,9,8,10,7,10,6,10,6,10,5,10,4,10,0,0,0,0,0,0,0,0,0,0,0,0,0,0,0,0,0,0,0,0,0,0,5,9,5,10,4,11,4,11,4,12,3,12,3,13,2,12,2,13,1,13,1,13,1,12,1,12,2,12,2,12,2,12,3,12,4,12,4,12,5,12,5,12,6,12,6,12,6,12,6,13,7,13]
anchor,A2,24:ec:4a:04:39:15,ch=6
ftm_report,A2,6,6,0.900
csi_data,A2,[0,0,-15,-4,-15,-4,-15,-4,-14,-3,-14,-3,-14,-3,-14,-2,-13,-2,-13,-2,-13,-1,-13,0,-13,0,-13,0,-13,1,-13,0,-13,1,-14,0,-14,0,-14,0,-14,-1,-13,-1,-13,-2,-13,-2,-12,-3,-12,-3,-11,-4,0,0,0,0,0,0,0,0,0,0,0,0,0,0,0,0,0,0,0,0,0,0,-12,-2,-12,-3,-12,-4,-12,-5,-13,-5,-13,-6,-12,-7,-12,-7,-12,-7,-12,-7,-12,-7,-11,-7,-12,-7,-12,-7,-12,-6,-12,-6,-12,-6,-12,-5,-13,-5,-13,-5,-13,-4,-14,-4,-14,-4,-15,-4,-15,-4,-15,-4]
csi_data,A2,[0,0,-15,-4,-15,-4,-15,-4,-14,-4,-14,-4,-14,-3,-14,-3,-13,-2,-13,-2,-13,-2,-13,-1,-13,-1,-13,0,-13,0,-13,0,-14,0,-14,0,-14,0,-14,-1,-14,-1,-13,-2,-13,-2,-13,-3,-12,-3,-12,-4,-11,-4,0,0,0,0,0,0,0,0,0,0,0,0,0,0,0,0,0,0,0,0,0,0,-12,-3,-12,-4,-12,-5,-12,-6,-12,-6,-12,-7,-12,-7,-12,-8,-11,-8,-11,-8,-11,-8,-11,-8,-11,-8,-11,-7,-11,-7,-11,-7,-12,-7,-12,-6,-13,-6,-13,-5,-13,-5,-14,-5,-14,-5,-15,-4,-15,-4,-15,-5]
[0;33mW (131145) TAG: FTM to A2 failed (ESP_FAIL), streak=1[0m
csi_data,A2,[0,0,13,-6,13,-7,12,-7,12,-7,12,-7,12,-7,11,-7,11,-7,10,-7,10,-8,9,-9,9,-9,9,-9,9,-9,9,-9,9,-10,9,-9,9,-9,10,-9,10,-8,10,-8,10,-7,10,-6,10,-6,10,-5,10,-4,0,0,0,0,0,0,0,0,0,0,0,0,0,0,0,0,0,0,0,0,0,0,10,-6,10,-6,11,-5,11,-5,12,-4,12,-4,13,-3,13,-2,13,-2,13,-2,13,-2,12,-2,12,-2,12,-2,12,-2,12,-3,11,-3,12,-4,12,-4,12,-5,12,-5,12,-6,12,-6,13,-7,13,-7,13,-7]
anchor,A2,24:ec:4a:04:39:15,ch=6
ftm_report,A2,7,7,1.050
csi_data,A2,[0,0,-10,-12,-11,-11,-11,-11,-10,-11,-10,-11,-10,-10,-10,-9,-10,-9,-10,-8,-11,-8,-11,-8,-11,-7,-11,-7,-12,-7,-12,-7,-12,-7,-12,-7,-12,-8,-12,-8,-11,-8,-11,-8,-10,-8,-9,-9,-9,-9,-8,-9,-8,-9,0,0,0,0,0,0,0,0,0,0,0,0,0,0,0,0,0,0,0,0,0,0,-8,-9,-8,-10,-8,-10,-8,-11,-8,-11,-7,-12,-7,-12,-6,-13,-6,-13,-6,-13,-6,-13,-5,-13,-5,-12,-6,-12,-6,-12,-6,-11,-7,-12,-7,-11,-8,-11,-8,-11,-9,-11,-9,-11,-10,-11,-10,-11,-10,-11,-10,-12]
[0;33mW (134415) TAG: FTM to A2 failed (ESP_FAIL), streak=1[0m
csi_data,A2,[0,0,-15,3,-15,3,-14,3,-14,3,-14,4,-13,4,-13,4,-12,4,-12,5,-12,5,-12,5,-11,6,-11,6,-11,7,-11,7,-11,7,-12,6,-12,6,-12,6,-12,5,-12,5,-12,4,-12,4,-12,3,-12,2,-12,1,0,0,0,0,0,0,0,0,0,0,0,0,0,0,0,0,0,0,0,0,0,0,-11,3,-12,3,-13,2,-13,2,-13,1,-14,1,-14,0,-14,0,-14,-1,-14,-1,-14,-1,-14,-1,-13,-1,-13,-1,-13,0,-13,0,-13,0,-13,1,-14,1,-14,2,-14,2,-14,3,-14,3,-15,3,-15,4,-15,4]
[0;33mW (136785) TAG: FTM to A2 failed (ESP_FAIL), streak=2[0m
csi_data,A2,[0,0,14,-4,14,-4,13,-4,13,-4,13,-4,12,-4,12,-5,12,-5,11,-5,11,-6,11,-6,11,-6,11,-7,10,-7,11,-7,10,-7,11,-7,11,-7,11,-6,11,-6,11,-5,12,-5,11,-4,11,-4,11,-3,11,-2,0,0,0,0,0,0,0,0,0,0,0,0,0,0,0,0,0,0,0,0,0,0,11,-4,11,-3,11,-3,12,-2,13,-2,12,-1,13,-1,13,0,13,0,13,1,13,1,12,1,12,1,12,1,12,0,12,0,12,-1,12,-2,12,-2,13,-2,13,-3,13,-3,13,-3,14,-4,14,-4,14,-4]
anchor,A2,24:ec:4a:04:39:15,ch=6
ftm_report,A2,348,348,52.200
csi_data,A2,[0,0,0,-15,-1,-15,-1,-14,-1,-15,-1,-14,-2,-14,-2,-14,-2,-13,-3,-13,-3,-13,-4,-13,-4,-12,-4,-12,-5,-12,-5,-13,-5,-12,-5,-13,-5,-13,-5,-13,-4,-13,-3,-13,-3,-13,-2,-13,-1,-12,-1,-12,0,-12,0,0,0,0,0,0,0,0,0,0,0,0,0,0,0,0,0,0,0,0,0,0,0,-12,0,-12,1,-13,2,-13,2,-13,3,-13,3,-14,4,-13,4,-13,5,-13,5,-13,5,-13,4,-13,4,-12,3,-12,3,-13,2,-13,2,-13,1,-13,1,-14,1,-14,0,-14,0,-15,0,-15,0,-15,0,-15]
anchor,A2,24:ec:4a:04:39:15,ch=6
ftm_report,A2,6,6,0.900
anchor,A2,24:ec:4a:04:39:15,ch=6
ftm_report,A2,10,10,1.500
csi_data,A2,[0,0,-8,12,-8,12,-8,12,-7,12,-7,12,-7,11,-6,11,-6,11,-5,11,-5,11,-4,11,-4,11,-4,12,-3,12,-3,12,-3,12,-4,12,-4,12,-4,12,-5,12,-5,12,-6,11,-6,11,-7,10,-6,9,-7,9,0,0,0,0,0,0,0,0,0,0,0,0,0,0,0,0,0,0,0,0,0,0,-6,10,-7,10,-8,9,-8,9,-9,9,-9,9,-10,9,-10,9,-11,8,-11,8,-11,8,-11,8,-11,8,-10,8,-10,8,-10,8,-9,8,-9,9,-9,9,-8,10,-8,10,-8,11,-8,11,-8,12,-8,12,-8,12]
anchor,A2,24:ec:4a:04:39:15,ch=6
ftm_report,A2,9,9,1.350
csi_data,A2,[0,0,13,-7,13,-7,12,-7,12,-7,12,-7,11,-7,11,-7,10,-7,10,-8,10,-8,9,-8,9,-8,9,-9,9,-9,9,-10,9,-10,9,-10,9,-9,9,-9,10,-9,10,-8,10,-8,10,-7,10,-6,10,-5,10,-5,0,0,0,0,0,0,0,0,0,0,0,0,0,0,0,0,0,0,0,0,0,0,10,-6,11,-5,11,-5,12,-4,12,-4,12,-3,13,-3,13,-2,13,-2,13,-2,13,-1,12,-2,12,-2,12,-2,12,-2,12,-3,12,-3,12,-4,12,-4,12,-5,12,-5,12,-6,12,-6,13,-6,13,-6,13,-7]
csi_data,A2,[0,0,12,7,13,6,12,6,12,6,12,6,11,5,12,5,12,4,11,4,12,4,12,3,12,2,12,2,12,2,12,2,12,2,13,2,12,3,12,3,12,3,12,4,11,4,11,5,10,5,9,5,9,6,0,0,0,0,0,0,0,0,0,0,0,0,0,0,0,0,0,0,0,0,0,0,10,5,10,5,10,6,10,7,10,7,9,8,9,9,9,9,9,9,9,10,8,10,8,9,8,9,8,9,8,8,9,8,9,8,9,7,10,7,11,7,11,7,11,7,12,7,12,7,12,7,12,7]
[1;31mE (142035) wifi:No FTM Measurements received from responder![0m
[0;33mW (142265) TAG: FTM to A2 failed (ESP_FAIL), streak=1[0m
anchor,A2,24:ec:4a:04:39:15,ch=6
ftm_report,A2,10,10,1.500
csi_data,A2,[0,0,-8,-13,-9,-13,-9,-12,-9,-12,-8,-12,-8,-11,-9,-11,-9,-10,-9,-10,-9,-10,-10,-9,-10,-9,-10,-9,-10,-9,-11,-9,-11,-9,-11,-9,-10,-9,-10,-10,-10,-10,-9,-10,-8,-10,-8,-10,-7,-10,-7,-11,-6,-11,0,0,0,0,0,0,0,0,0,0,0,0,0,0,0,0,0,0,0,0,0,0,-8,-10,-7,-10,-7,-11,-6,-12,-6,-12,-6,-13,-5,-13,-5,-13,-4,-13,-4,-13,-4,-13,-4,-13,-4,-13,-4,-13,-4,-12,-5,-12,-5,-12,-6,-12,-6,-12,-7,-12,-7,-12,-8,-13,-8,-13,-8,-13,-9,-13,-9,-13]
anchor,A2,24:ec:4a:04:39:15,ch=6
ftm_report,A2,9,9,1.350
csi_data,A2,[0,0,-3,14,-2,14,-2,14,-2,14,-2,13,-2,13,-1,13,-1,12,0,12,0,12,1,12,1,12,2,12,2,12,2,12,2,12,2,13,2,13,1,13,0,13,0,12,-1,12,-1,12,-1,11,-2,11,-3,11,0,0,0,0,0,0,0,0,0,0,0,0,0,0,0,0,0,0,0,0,0,0,-1,11,-2,11,-3,12,-3,12,-4,12,-4,12,-5,12,-6,12,-6,12,-6,11,-6,12,-6,11,-6,11,-6,11,-5,11,-5,11,-4,11,-4,12,-4,12,-4,12,-4,12,-3,13,-3,14,-2,14,-2,14,-2,14]
anchor,A2,24:ec:4a:04:39:15,ch=6
ftm_report,A2,6,6,0.900
csi_data,A2,[0,0,4,14,4,14,4,13,4,13,4,13,4,12,4,12,5,11,5,12,6,11,6,11,6,10,7,10,7,10,7,10,7,10,7,11,7,11,6,11,6,11,6,11,5,12,4,11,4,11,3,11,2,11,0,0,0,0,0,0,0,0,0,0,0,0,0,0,0,0,0,0,0,0,0,0,4,10,3,11,2,12,2,12,2,12,1,13,0,13,0,13,-1,13,-1,13,-1,13,-1,13,0,13,0,12,0,12,0,12,1,12,1,12,2,12,2,13,2,13,3,13,4,14,4,13,4,14,4,14]
csi_data,A2,[0,0,14,4,14,3,14,3,13,3,13,3,13,2,13,2,12,1,12,1,12,0,12,0,12,-1,12,-1,12,-1,12,-1,13,-1,13,-1,13,-1,13,-1,13,0,12,1,12,1,12,2,11,2,11,3,10,4,0,0,0,0,0,0,0,0,0,0,0,0,0,0,0,0,0,0,0,0,0,0,11,2,11,2,11,3,11,4,11,4,11,5,11,6,11,6,11,6,11,7,11,7,10,7,10,7,10,6,11,6,11,5,11,5,11,4,12,4,12,4,12,4,13,3,13,4,14,3,14,4,14,3]
anchor,A2,24:ec:4a:04:39:15,ch=6
ftm_report,A2,174,174,26.100
csi_data,A2,[0,0,-3,14,-3,14,-2,14,-2,14,-2,13,-2,13,-1,13,-1,12,0,12,0,12,1,12,1,12,1,12,1,12,2,12,2,12,1,13,1,13,1,13,0,13,0,13,-1,12,-2,12,-2,12,-2,11,-3,11,0,0,0,0,0,0,0,0,0,0,0,0,0,0,0,0,0,0,0,0,0,0,-1,11,-2,12,-3,12,-3,12,-4,12,-5,12,-5,12,-6,12,-6,12,-7,11,-6,11,-6,11,-6,11,-6,11,-5,11,-5,11,-5,12,-4,12,-4,12,-4,12,-3,13,-3,13,-3,14,-3,14,-3,14,-3,14]
anchor,A2,24:ec:4a:04:39:15,ch=6
ftm_report,A2,6,6,0.900
csi_data,A2,[0,0,14,-1,14,-1,14,-1,14,-1,13,-2,13,-2,13,-3,12,-3,12,-3,12,-3,12,-4,11,-4,11,-5,11,-5,11,-5,11,-5,12,-5,12,-5,12,-5,12,-4,12,-4,12,-3,12,-2,12,-2,11,-1,11,0,0,0,0,0,0,0,0,0,0,0,0,0,0,0,0,0,0,0,0,0,0,0,11,-1,11,0,12,0,12,1,12,1,12,2,12,3,12,3,12,3,12,4,12,4,12,4,12,4,12,3,12,3,12,2,12,2,12,1,12,1,13,0,13,0,14,-1,14,0,14,0,14,-1,14,-1]
anchor,A2,24:ec:4a:04:39:15,ch=6
ftm_report,A2,10,10,1.500
csi_data,A2,[0,0,3,-15,3,-14,3,-14,3,-14,3,-14,3,-14,2,-14,1,-13,1,-13,0,-13,0,-13,-1,-13,-1,-13,-1,-13,-1,-13,-1,-14,-1,-14,-1,-14,0,-14,0,-14,1,-13,2,-13,2,-12,2,-12,3,-12,3,-11,0,0,0,0,0,0,0,0,0,0,0,0,0,0,0,0,0,0,0,0,0,0,2,-12,3,-12,3,-12,4,-12,5,-12,5,-13,6,-12,6,-12,7,-12,7,-11,7,-12,7,-12,7,-11,6,-11,6,-11,5,-12,5,-12,5,-12,5,-13,4,-13,4,-13,4,-14,3,-14,3,-15,3,-15,3,-15]
anchor,A2,24:ec:4a:04:39:15,ch=6
ftm_report,A2,6,6,0.900
csi_data,A2,[0,0,-15,0,-15,0,-15,1,-15,1,-14,1,-14,1,-14,1,-13,2,-13,2,-13,3,-13,3,-12,3,-12,3,-12,4,-13,4,-13,4,-13,4,-13,4,-13,4,-13,3,-13,3,-13,2,-13,1,-13,1,-12,0,-12,-1,0,0,0,0,0,0,0,0,0,0,0,0,0,0,0,0,0,0,0,0,0,0,-12,1,-12,0,-13,-1,-13,-1,-13,-2,-13,-2,-14,-3,-14,-3,-13,-4,-14,-4,-13,-4,-13,-4,-13,-4,-13,-4,-13,-3,-13,-3,-13,-2,-13,-2,-13,-2,-14,-1,-14,-1,-15,0,-15,0,-15,0,-15,0,-15,0]
csi_data,A2,[0,0,-1,15,-1,14,-1,14,-1,13,-1,14,-1,13,0,13,0,12,1,12,2,12,2,12,2,12,3,12,3,12,3,12,3,12,3,12,3,13,2,13,2,13,1,12,0,12,0,12,0,11,-1,11,-2,11,0,0,0,0,0,0,0,0,0,0,0,0,0,0,0,0,0,0,0,0,0,0,0,11,-1,12,-2,11,-2,12,-3,12,-4,13,-4,12,-5,12,-5,12,-5,12,-5,12,-5,12,-5,12,-5,12,-5,12,-4,12,-4,12,-3,12,-3,12,-3,13,-2,13,-2,13,-1,14,-1,14,-1,14,-1,15]
anchor,A2,24:ec:4a:04:39:15,ch=6
ftm_report,A2,7,7,1.050
csi_data,A2,[0,0,-8,-13,-8,-13,-8,-13,-7,-13,-8,-13,-8,-12,-8,-12,-8,-11,-8,-10,-9,-10,-9,-10,-9,-9,-10,-9,-10,-9,-10,-9,-10,-9,-10,-9,-10,-10,-10,-10,-9,-10,-9,-11,-8,-10,-7,-10,-7,-10,-6,-10,-6,-11,0,0,0,0,0,0,0,0,0,0,0,0,0,0,0,0,0,0,0,0,0,0,-6,-10,-6,-11,-5,-12,-5,-12,-5,-12,-4,-13,-4,-14,-3,-14,-3,-14,-3,-13,-3,-13,-3,-13,-3,-13,-3,-13,-3,-13,-4,-13,-4,-13,-5,-12,-5,-13,-6,-13,-6,-13,-7,-13,-7,-13,-8,-13,-8,-13,-8,-14]
anchor,A2,24:ec:4a:04:39:15,ch=6
ftm_report,A2,6,6,0.900
csi_data,A2,[0,0,-9,12,-9,11,-9,12,-8,11,-8,11,-8,11,-7,11,-7,11,-6,11,-5,11,-5,11,-5,11,-4,12,-4,12,-4,12,-4,12,-4,12,-5,12,-5,12,-6,11,-6,11,-7,11,-7,10,-7,10,-7,9,-8,8,0,0,0,0,0,0,0,0,0,0,0,0,0,0,0,0,0,0,0,0,0,0,-6,9,-7,10,-8,9,-9,9,-9,9,-10,9,-10,8,-11,8,-11,8,-11,7,-11,8,-11,8,-11,7,-10,7,-11,8,-10,8,-10,8,-9,8,-10,9,-9,10,-9,10,-9,10,-9,11,-9,12,-9,12,-9,12]
anchor,A2,24:ec:4a:04:39:15,ch=6
ftm_report,A2,211,211,31.650
csi_data,A2,[0,0,-6,13,-6,13,-6,13,-5,13,-5,13,-5,12,-5,12,-4,12,-4,12,-3,12,-2,12,-2,12,-2,12,-1,12,-1,12,-1,13,-2,13,-2,13,-3,13,-3,12,-3,12,-4,12,-4,11,-4,11,-5,10,-5,10,0,0,0,0,0,0,0,0,0,0,0,0,0,0,0,0,0,0,0,0,0,0,-4,11,-5,11,-5,11,-6,11,-7,11,-7,11,-8,10,-9,10,-9,10,-9,10,-9,10,-8,10,-9,10,-8,10,-8,10,-8,10,-7,10,-7,11,-7,11,-7,11,-7,11,-6,12,-6,13,-6,13,-6,13,-6,13]
csi_data,A2,[0,0,14,4,14,3,13,3,13,3,13,3,13,2,13,2,12,1,12,1,12,1,12,0,12,-1,12,-1,12,-1,12,-1,12,-1,13,-1,13,-1,13,0,13,1,12,1,12,1,12,2,11,2,11,3,10,4,0,0,0,0,0,0,0,0,0,0,0,0,0,0,0,0,0,0,0,0,0,0,11,2,11,3,11,3,11,4,11,5,11,5,11,6,11,6,11,7,11,7,10,7,10,7,10,7,10,6,10,6,10,6,11,5,11,5,12,4,12,4,12,4,13,4,13,4,14,4,14,4,14,3]
anchor,A2,24:ec:4a:04:39:15,ch=6
ftm_report,A2,13,13,1.950
csi_data,A2,[0,0,14,-1,14,-1,14,-1,14,-1,13,-2,13,-2,13,-2,12,-3,12,-3,12,-4,12,-4,11,-4,11,-5,11,-5,11,-5,11,-5,12,-5,12,-5,12,-5,12,-4,12,-4,12,-3,12,-2,11,-2,11,-1,11,0,0,0,0,0,0,0,0,0,0,0,0,0,0,0,0,0,0,0,0,0,0,0,11,-1,11,-1,12,0,12,1,12,1,12,2,12,2,12,3,13,3,12,4,12,4,12,4,12,4,12,3,12,3,12,2,12,2,12,1,12,1,13,0,13,0,14,0,14,0,14,-1,14,-1,15,-1]
[1;31mE (157335) wifi:No FTM Measurements received from responder![0m
[0;33mW (157565) TAG: FTM to A2 failed (ESP_FAIL), streak=1[0m
csi_data,A2,[0,0,7,12,8,12,7,11,8,11,7,11,7,10,7,10,7,9,8,9,8,9,9,8,9,8,9,7,9,7,10,8,10,7,10,8,9,8,9,9,9,9,8,9,8,9,7,9,7,9,6,9,5,9,0,0,0,0,0,0,0,0,0,0,0,0,0,0,0,0,0,0,0,0,0,0,6,9,5,10,5,10,5,10,5,11,4,12,3,12,3,12,3,12,2,13,2,13,2,12,2,12,2,12,3,11,3,12,4,11,4,11,5,11,5,11,5,11,6,11,7,12,7,12,7,12,7,12]
anchor,A2,24:ec:4a:04:39:15,ch=6
ftm_report,A2,213,213,31.950
csi_data,A2,[0,0,-9,-12,-10,-12,-10,-12,-9,-12,-9,-11,-9,-11,-9,-10,-10,-10,-10,-9,-10,-9,-10,-8,-10,-8,-11,-8,-11,-8,-11,-8,-12,-8,-11,-8,-11,-8,-11,-9,-10,-9,-10,-9,-10,-9,-9,-10,-8,-10,-7,-10,-7,-10,0,0,0,0,0,0,0,0,0,0,0,0,0,0,0,0,0,0,0,0,0,0,-8,-9,-8,-10,-7,-10,-7,-11,-7,-11,-6,-12,-6,-13,-5,-13,-5,-13,-5,-13,-5,-13,-5,-13,-5,-13,-5,-12,-5,-12,-6,-12,-6,-12,-7,-12,-7,-12,-7,-12,-8,-12,-9,-12,-9,-12,-9,-12,-9,-12,-9,-12]
anchor,A2,24:ec:4a:04:39:15,ch=6
ftm_report,A2,121,121,18.150
anchor,A2,24:ec:4a:04:39:15,ch=6
ftm_report,A2,233,233,34.950
csi_data,A2,[0,0,12,-7,12,-7,12,-7,11,-7,11,-7,11,-7,10,-7,10,-8,9,-8,9,-8,9,-8,8,-9,8,-9,8,-10,8,-9,8,-10,8,-10,9,-9,9,-9,9,-9,9,-8,10,-8,10,-7,10,-6,9,-6,10,-5,0,0,0,0,0,0,0,0,0,0,0,0,0,0,0,0,0,0,0,0,0,0,9,-6,10,-6,10,-5,11,-5,11,-4,12,-4,12,-4,12,-3,12,-3,12,-2,12,-2,12,-2,12,-2,12,-3,11,-3,11,-3,11,-4,11,-5,11,-5,11,-5,11,-6,12,-6,12,-7,12,-7,12,-7,12,-7]
csi_data,A2,[0,0,-8,-13,-8,-13,-8,-13,-8,-13,-8,-12,-8,-11,-8,-11,-9,-11,-9,-10,-9,-10,-9,-10,-9,-9,-10,-9,-10,-9,-10,-9,-11,-9,-10,-9,-10,-9,-10,-10,-10,-10,-9,-10,-9,-10,-8,-10,-7,-10,-6,-11,-6,-11,0,0,0,0,0,0,0,0,0,0,0,0,0,0,0,0,0,0,0,0,0,0,-7,-10,-6,-11,-6,-12,-6,-12,-5,-13,-5,-13,-4,-13,-4,-14,-4,-14,-3,-14,-3,-14,-3,-13,-3,-13,-3,-13,-4,-13,-4,-13,-5,-12,-5,-12,-5,-13,-6,-13,-7,-13,-7,-13,-7,-13,-8,-13,-8,-13,-8,-13]
anchor,A2,24:ec:4a:04:39:15,ch=6
ftm_report,A2,343,343,51.450
csi_data,A2,[0,0,-15,4,-15,4,-14,4,-14,4,-14,4,-13,4,-13,5,-12,5,-12,5,-11,6,-11,6,-11,6,-11,7,-11,7,-11,7,-11,7,-11,7,-11,7,-12,7,-12,6,-12,6,-12,5,-12,5,-12,4,-11,3,-11,2,0,0,0,0,0,0,0,0,0,0,0,0,0,0,0,0,0,0,0,0,0,0,-12,3,-12,2,-13,2,-13,1,-13,1,-14,0,-14,0,-14,-1,-14,-1,-14,-1,-14,-1,-13,-1,-13,-1,-13,-1,-13,-1,-13,0,-13,0,-13,1,-13,1,-14,2,-14,2,-14,3,-14,3,-14,4,-15,4,-15,4]
anchor,A2,24:ec:4a:04:39:15,ch=6
ftm_report,A2,8,8,1.200
csi_data,A2,[0,0,-11,-11,-12,-10,-11,-10,-11,-10,-11,-9,-11,-9,-11,-9,-11,-8,-11,-7,-11,-7,-12,-6,-12,-6,-12,-6,-12,-6,-12,-6,-12,-5,-13,-6,-12,-6,-12,-7,-12,-7,-11,-7,-11,-8,-11,-8,-10,-8,-9,-8,-8,-9,0,0,0,0,0,0,0,0,0,0,0,0,0,0,0,0,0,0,0,0,0,0,-9,-8,-9,-9,-9,-10,-8,-10,-9,-11,-8,-11,-8,-12,-7,-12,-7,-12,-7,-13,-7,-12,-7,-12,-7,-12,-7,-11,-7,-11,-7,-11,-8,-10,-8,-11,-9,-11,-9,-11,-9,-10,-10,-10,-11,-11,-11,-10,-11,-10,-11,-11]
anchor,A2,24:ec:4a:04:39:15,ch=6
ftm_report,A2,6,6,0.900
csi_data,A2,[0,0,-14,6,-14,6,-13,6,-13,6,-12,6,-12,6,-11,7,-11,7,-10,7,-10,7,-10,8,-10,8,-10,8,-9,9,-9,9,-9,9,-10,9,-10,9,-10,9,-10,8,-10,8,-10,7,-11,6,-11,6,-11,5,-11,4,0,0,0,0,0,0,0,0,0,0,0,0,0,0,0,0,0,0,0,0,0,0,-11,5,-11,4,-12,4,-12,3,-13,3,-13,2,-13,2,-14,2,-14,2,-14,1,-14,1,-13,0,-13,1,-13,1,-13,1,-13,2,-13,2,-13,3,-13,3,-13,4,-13,5,-13,5,-13,5,-14,5,-14,6,-14,6]
[0;33mW (167815) TAG: FTM to A2 failed (ESP_FAIL), streak=1[0m
csi_data,A2,[0,0,14,4,14,3,13,4,13,3,13,3,13,3,12,2,12,2,12,1,12,1,12,0,12,0,12,0,12,-1,12,-1,12,-1,13,-1,13,0,13,0,13,1,12,1,12,1,12,2,11,3,10,3,10,4,0,0,0,0,0,0,0,0,0,0,0,0,0,0,0,0,0,0,0,0,0,0,11,2,11,3,11,4,11,5,11,5,11,6,11,6,11,7,11,7,10,8,10,8,10,7,10,7,10,7,10,6,10,6,10,6,11,5,11,5,12,5,12,4,13,4,13,4,13,4,13,4,14,4]
anchor,A2,24:ec:4a:04:39:15,ch=6
ftm_report,A2,12,12,1.800
csi_data,A2,[0,0,3,-15,3,-15,3,-14,3,-14,3,-14,2,-14,2,-13,2,-13,1,-13,0,-13,0,-13,-1,-13,-1,-13,-1,-13,-1,-13,-1,-14,-1,-14,-1,-14,-1,-14,0,-14,0,-14,1,-13,2,-13,2,-12,2,-12,3,-11,0,0,0,0,0,0,0,0,0,0,0,0,0,0,0,0,0,0,0,0,0,0,2,-12,3,-12,4,-12,4,-12,5,-12,6,-12,6,-12,7,-12,7,-12,7,-11,7,-11,7,-11,7,-11,7,-11,6,-11,6,-11,5,-12,5,-12,5,-12,4,-13,4,-13,4,-14,4,-14,3,-14,4,-14,4,-15]
csi_data,A2,[0,0,13,-6,13,-6,12,-6,13,-6,12,-6,12,-6,12,-6,11,-6,10,-7,10,-7,10,-8,9,-8,9,-8,9,-8,10,-9,9,-9,10,-9,10,-8,10,-8,11,-7,11,-7,11,-6,11,-6,11,-5,10,-4,10,-3,0,0,0,0,0,0,0,0,0,0,0,0,0,0,0,0,0,0,0,0,0,0,10,-6,10,-5,11,-5,11,-4,12,-4,12,-3,13,-2,13,-2,13,-2,13,-1,13,-1,12,-1,12,-1,12,-2,12,-2,12,-3,12,-3,12,-3,12,-4,13,-4,12,-4,13,-5,13,-5,13,-6,13,-6,13,-6]
anchor,A2,24:ec:4a:04:39:15,ch=6
ftm_report,A2,215,215,32.250
anchor,A2,24:ec:4a:04:39:15,ch=6
ftm_report,A2,7,7,1.050
anchor,A2,24:ec:4a:04:39:15,ch=6
ftm_report,A2,10,10,1.500
csi_data,A2,[0,0,7,13,7,12,7,12,7,12,7,11,7,11,7,11,7,10,8,10,8,9,8,9,9,8,9,8,9,8,9,8,9,8,9,9,9,9,9,9,8,10,8,10,7,10,6,10,6,10,5,10,4,10,0,0,0,0,0,0,0,0,0,0,0,0,0,0,0,0,0,0,0,0,0,0,6,9,6,9,5,10,5,11,5,11,4,12,4,12,3,13,3,13,3,13,3,13,2,12,3,12,3,12,3,12,3,12,4,11,5,12,5,11,5,12,6,12,6,12,7,12,7,12,7,12,7,12]
anchor,A2,24:ec:4a:04:39:15,ch=6
ftm_report,A2,6,6,0.900
csi_data,A2,[0,0,1,14,2,14,1,13,2,14,2,13,2,13,2,12,3,12,3,12,4,12,4,11,4,11,5,11,5,11,6,11,5,11,5,12,5,12,4,12,4,12,3,12,3,12,2,12,2,11,1,11,0,11,0,0,0,0,0,0,0,0,0,0,0,0,0,0,0,0,0,0,0,0,0,0,1,11,1,11,0,12,-1,12,-1,12,-2,13,-2,13,-3,13,-3,13,-3,13,-3,12,-4,12,-3,12,-3,12,-3,12,-2,12,-1,12,-1,12,-1,12,0,13,0,13,1,13,1,14,1,14,1,14,1,14]
anchor,A2,24:ec:4a:04:39:15,ch=6
ftm_report,A2,6,6,0.900
csi_data,A2,[0,0,-10,12,-10,12,-9,11,-9,11,-9,11,-8,11,-8,11,-7,11,-7,11,-6,11,-6,11,-5,12,-5,12,-5,12,-5,12,-5,12,-5,13,-5,12,-6,12,-6,12,-7,12,-7,11,-7,10,-8,10,-8,9,-8,8,0,0,0,0,0,0,0,0,0,0,0,0,0,0,0,0,0,0,0,0,0,0,-8,9,-8,9,-9,8,-10,8,-11,8,-11,8,-11,8,-12,7,-12,7,-12,7,-12,7,-12,6,-12,6,-12,7,-11,7,-11,7,-10,8,-10,8,-10,9,-10,9,-10,10,-10,10,-10,11,-10,11,-10,11,-10,11]
anchor,A2,24:ec:4a:04:39:15,ch=6
ftm_report,A2,8,8,1.200
csi_data,A2,[0,0,12,8,12,7,11,7,11,7,11,7,11,6,11,6,11,5,11,5,11,4,11,4,11,3,11,3,12,3,12,3,12,3,12,3,12,4,12,4,12,4,11,5,11,5,10,5,10,6,9,6,8,7,0,0,0,0,0,0,0,0,0,0,0,0,0,0,0,0,0,0,0,0,0,0,9,5,9,6,9,7,9,8,9,8,9,9,9,9,8,10,8,10,8,10,7,10,7,10,7,10,7,9,8,9,8,9,8,9,9,8,9,8,10,8,10,8,11,8,11,7,11,8,11,8,12,8]
anchor,A2,24:ec:4a:04:39:15,ch=6
ftm_report,A2,8,8,1.200
csi_data,A2,[0,0,-14,5,-14,5,-13,5,-13,5,-13,5,-12,5,-12,6,-12,6,-11,6,-11,6,-10,7,-10,7,-10,7,-10,8,-10,8,-10,8,-11,8,-11,8,-11,7,-11,7,-11,6,-11,6,-11,5,-11,5,-11,4,-11,3,0,0,0,0,0,0,0,0,0,0,0,0,0,0,0,0,0,0,0,0,0,0,-11,4,-11,4,-12,3,-12,3,-13,3,-13,2,-14,1,-13,1,-14,1,-14,0,-13,0,-13,0,-13,0,-13,1,-13,1,-13,1,-12,2,-13,2,-13,3,-13,3,-13,4,-13,4,-14,5,-14,5,-14,5,-14,5]
[1;31mE (176675) wifi:No valid FTM Measurements found out of 6 received measurements![0m
[0;33mW (176905) TAG: FTM to A2 failed (ESP_FAIL), streak=1[0m
csi_data,A2,[0,0,-3,15,-3,14,-3,14,-2,14,-2,14,-2,13,-1,13,-1,13,0,13,0,12,1,12,1,12,2,12,2,13,2,13,2,13,2,13,2,13,1,13,1,13,0,13,-1,13,-1,12,-2,12,-2,11,-3,11,0,0,0,0,0,0,0,0,0,0,0,0,0,0,0,0,0,0,0,0,0,0,-2,11,-2,12,-4,12,-4,12,-5,12,-5,12,-6,12,-6,12,-7,12,-7,12,-7,12,-7,11,-7,11,-6,11,-6,11,-6,11,-5,12,-4,12,-4,12,-4,13,-3,13,-3,13,-3,14,-3,14,-3,14,-3,14]
anchor,A2,24:ec:4a:04:39:15,ch=6
ftm_report,A2,10,10,1.500
csi_data,A2,[0,0,14,-4,13,-5,13,-5,13,-4,13,-5,12,-5,12,-5,11,-5,11,-5,11,-6,11,-6,10,-7,10,-7,10,-7,10,-7,10,-8,11,-7,11,-7,11,-7,11,-6,11,-5,11,-5,11,-4,11,-4,10,-3,10,-2,0,0,0,0,0,0,0,0,0,0,0,0,0,0,0,0,0,0,0,0,0,0,10,-5,11,-4,12,-4,12,-3,12,-3,13,-2,13,-1,13,-1,13,0,13,0,13,0,12,0,12,0,12,0,12,-1,12,-1,12,-2,12,-2,12,-2,13,-3,13,-3,13,-4,13,-4,13,-4,14,-5,14,-4]
anchor,A2,24:ec:4a:04:39:15,ch=6
ftm_report,A2,6,6,0.900
csi_data,A2,[0,0,14,-2,14,-2,14,-2,14,-2,13,-3,13,-3,12,-3,12,-4,12,-4,11,-4,11,-5,11,-5,11,-6,11,-6,11,-6,11,-6,11,-6,11,-6,12,-6,12,-5,12,-4,12,-4,12,-3,11,-3,11,-2,11,-1,0,0,0,0,0,0,0,0,0,0,0,0,0,0,0,0,0,0,0,0,0,0,11,-2,11,-1,12,-1,12,0,12,0,12,1,13,2,12,2,13,2,13,3,12,3,12,3,12,3,12,2,12,2,12,2,12,1,12,0,12,0,13,-1,13,-1,13,-1,13,-2,14,-2,14,-2,14,-2]
anchor,A2,24:ec:4a:04:39:15,ch=6
ftm_report,A2,6,6,0.900
csi_data,A2,[0,0,-8,13,-8,12,-8,12,-7,12,-7,12,-7,12,-6,12,-6,12,-5,11,-5,11,-4,12,-4,12,-4,12,-3,12,-3,12,-3,12,-4,12,-4,13,-4,13,-5,12,-5,12,-6,11,-6,11,-7,10,-7,9,-7,9,0,0,0,0,0,0,0,0,0,0,0,0,0,0,0,0,0,0,0,0,0,0,-6,10,-7,10,-8,10,-8,10,-9,10,-10,10,-10,10,-10,9,-10,9,-11,8,-11,8,-11,8,-11,8,-10,8,-10,8,-9,9,-9,9,-9,9,-9,10,-9,11,-8,11,-8,11,-8,12,-8,12,-8,12,-8,13]
csi_data,A2,[0,0,-15,-2,-15,-2,-15,-2,-14,-2,-15,-1,-14,-1,-14,-1,-13,0,-13,0,-13,1,-13,1,-13,2,-13,2,-13,2,-13,3,-13,3,-13,3,-14,2,-13,2,-13,1,-13,1,-13,0,-13,0,-13,-1,-12,-1,-12,-2,0,0,0,0,0,0,0,0,0,0,0,0,0,0,0,0,0,0,0,0,0,0,-12,-2,-13,-3,-12,-3,-13,-4,-13,-4,-13,-5,-13,-6,-anchor,A2,24:ec:4a:04:39:15,ch=6
ftm_report,A2,11,11,1.650
13,-6,-13,-6,-12,-7,-12,-7,-12,-6,-12,-6,-12,-6,-12,-6,-12,-5,-12,-5,-12,-4,-13,-4,-14,-3,-14,-3,-14,-3,-14,-3,-15,-2,-15,-2,-15,-2]
anchor,A2,24:ec:4a:04:39:15,ch=6
ftm_report,A2,9,9,1.350
csi_data,A2,[0,0,7,-14,6,-14,6,-13,6,-13,6,-13,5,-13,5,-13,4,-13,3,-13,3,-13,3,-13,3,-13,2,-13,2,-13,1,-13,1,-14,2,-14,2,-14,2,-14,3,-13,3,-13,4,-13,4,-12,5,-12,5,-11,5,-10,0,0,0,0,0,0,0,0,0,0,0,0,0,0,0,0,0,0,0,0,0,0,6,-11,6,-11,7,-10,8,-10,8,-10,9,-10,9,-10,10,-9,10,-10,10,-9,10,-9,10,-9,10,-9,9,-9,9,-9,9,-10,8,-10,8,-10,8,-11,8,-11,7,-12,7,-12,7,-13,7,-13,7,-13,7,-13]
anchor,A2,24:ec:4a:04:39:15,ch=6
ftm_report,A2,8,8,1.200
csi_data,A2,[0,0,5,13,5,13,5,12,5,13,5,12,5,12,5,11,6,11,6,10,7,10,7,9,7,9,7,9,7,9,8,9,8,9,8,10,8,10,8,10,7,10,6,10,6,10,5,10,5,10,4,10,3,10,0,0,0,0,0,0,0,0,0,0,0,0,0,0,0,0,0,0,0,0,0,0,4,10,4,10,3,11,3,11,2,12,2,12,1,13,0,13,0,13,0,13,0,13,0,13,0,12,0,12,1,12,1,12,2,12,2,12,3,12,3,12,3,12,4,12,5,13,5,13,5,13,5,13]
csi_data,A2,[0,0,-12,-10,-12,-10,-12,-10,-11,-9,-11,-9,-11,-8,-11,-8,-11,-7,-11,-7,-12,-6,-12,-6,-12,-6,-12,-5,-13,-5,-13,-5,-13,-5,-13,-5,-13,-5,-13,-6,-12,-6,-12,-6,-11,-7,-11,-7,-10,-7,-10,-8,-9,-8,0,0,0,0,0,0,0,0,0,0,0,0,0,0,0,0,0,0,0,0,0,0,-9,-8,-9,-9,-9,-10,-9,-10,-8,-11,-8,-11,-8,-12,-7,-12,-7,-12,-7,-12,-7,-12,-6,-12,-7,-12,-7,-12,-7,-11,-7,-11,-8,-11,-9,-10,-9,-10,-9,-10,-10,-10,-11,-10,-11,-10,-11,-10,-11,-10,-11,-10]
anchor,A2,24:ec:4a:04:39:15,ch=6
ftm_report,A2,187,187,28.050
csi_data,A2,[0,0,-14,6,-14,6,-14,6,-13,6,-13,6,-12,6,-12,6,-11,7,-11,7,-10,7,-10,7,-10,8,-10,8,-10,9,-9,9,-10,9,-10,9,-10,9,-10,8,-11,8,-11,7,-11,7,-11,6,-11,6,-11,5,-11,4,0,0,0,0,0,0,0,0,0,0,0,0,0,0,0,0,0,0,0,0,0,0,-11,4,-12,4,-12,3,-13,3,-13,3,-14,2,-14,2,-14,1,-14,1,-14,0,-14,0,-14,0,-14,1,-13,1,-13,1,-13,2,-13,2,-13,3,-13,3,-13,4,-13,4,-13,5,-14,5,-14,5,-14,5,-14,6]
anchor,A2,24:ec:4a:04:39:15,ch=6
ftm_report,A2,11,11,1.650
csi_data,A2,[0,0,-5,-15,-5,-14,-5,-14,-5,-14,-5,-14,-6,-13,-6,-13,-6,-12,-6,-12,-7,-12,-7,-11,-7,-11,-8,-11,-8,-11,-8,-11,-8,-11,-8,-11,-8,-11,-8,-12,-7,-12,-7,-12,-6,-12,-6,-12,-5,-12,-4,-12,-3,-11,0,0,0,0,0,0,0,0,0,0,0,0,0,0,0,0,0,0,0,0,0,0,-4,-12,-4,-12,-3,-13,-3,-13,-2,-14,-2,-14,-1,-14,-1,-14,0,-14,0,-14,0,-14,1,-14,0,-13,0,-13,-1,-13,-1,-13,-2,-13,-2,-13,-2,-13,-3,-14,-4,-14,-4,-14,-4,-14,-5,-14,-5,-15,-5,-15]
anchor,A2,24:ec:4a:04:39:15,ch=6
ftm_report,A2,6,6,0.900
csi_data,A2,[0,0,-14,5,-15,5,-14,4,-14,5,-13,5,-13,5,-13,5,-12,5,-12,6,-12,6,-11,6,-11,7,-11,7,-10,7,-11,7,-10,7,-11,8,-11,7,-11,7,-11,6,-12,6,-12,5,-12,5,-12,4,-11,3,-11,2,0,0,0,0,0,0,0,0,0,0,0,0,0,0,0,0,0,0,0,0,0,0,-11,4,-11,4,-13,3,-12,2,-13,2,-13,2,-14,1,-14,1,-14,0,-14,0,-14,0,-14,0,-13,0,-13,0,-13,0,-13,1,-13,1,-13,2,-13,2,-13,3,-14,3,-14,4,-14,4,-14,5,-15,5,-14,4]
anchor,A2,24:ec:4a:04:39:15,ch=6
ftm_report,A2,8,8,1.200
anchor,A2,24:ec:4a:04:39:15,ch=6
ftm_report,A2,9,9,1.350
csi_data,A2,[0,0,-6,13,-6,13,-6,13,-6,13,-6,13,-5,12,-5,12,-4,12,-4,12,-3,12,-2,12,-2,12,-2,12,-2,12,-1,12,-1,12,-2,13,-2,13,-2,12,-3,12,-3,12,-4,11,-5,11,-5,11,-5,10,-6,9,0,0,0,0,0,0,0,0,0,0,0,0,0,0,0,0,0,0,0,0,0,0,-4,10,-5,11,-6,11,-7,10,-7,10,-8,11,-9,10,-9,10,-9,10,-10,9,-9,9,-9,9,-9,9,-9,9,-9,9,-8,10,-8,10,-7,10,-7,11,-7,11,-7,11,-7,12,-6,12,-6,13,-6,13,-6,13]
anchor,A2,24:ec:4a:04:39:15,ch=6
ftm_report,A2,225,225,33.750
csi_data,A2,[0,0,14,0,14,0,14,0,14,0,13,0,13,-1,13,-1,13,-2,12,-2,12,-2,12,-3,12,-3,12,-3,12,-4,12,-4,12,-4,12,-4,12,-4,12,-3,12,-3,12,-2,12,-2,12,-1,11,0,11,0,11,1,0,0,0,0,0,0,0,0,0,0,0,0,0,0,0,0,0,0,0,0,0,0,11,0,11,0,12,1,12,2,12,2,12,3,12,3,12,4,12,4,12,5,12,5,11,5,11,4,11,4,12,4,12,3,11,3,12,2,12,2,13,1,13,1,14,1,14,1,14,1,14,1,14,0]
anchor,A2,24:ec:4a:04:39:15,ch=6
ftm_report,A2,11,11,1.650
csi_data,A2,[0,0,-14,-7,-14,-7,-14,-7,-13,-6,-13,-6,-13,-5,-13,-5,-13,-5,-13,-4,-13,-4,-13,-3,-13,-3,-13,-2,-13,-2,-13,-2,-13,-2,-14,-2,-14,-3,-13,-3,-13,-3,-13,-4,-13,-4,-12,-4,-12,-5,-11,-6,-10,-6,0,0,0,0,0,0,0,0,0,0,0,0,0,0,0,0,0,0,0,0,0,0,-11,-6,-11,-7,-11,-7,-11,-8,-11,-8,-10,-9,-10,-10,-10,-10,-10,-10,-9,-10,-9,-10,-9,-10,-9,-10,-9,-10,-10,-9,-10,-9,-10,-9,-11,-8,-11,-8,-12,-8,-12,-7,-13,-7,-13,-8,-13,-7,-14,-7,-13,-7]
anchor,A2,24:ec:4a:04:39:15,ch=6
ftm_report,A2,10,10,1.500
csi_data,A2,[0,0,-6,14,-6,13,-6,13,-5,13,-6,13,-5,12,-4,12,-4,12,-3,12,-3,12,-2,12,-2,12,-2,12,-2,13,-1,12,-1,13,-2,13,-2,13,-2,13,-2,13,-3,12,-4,12,-4,11,-4,11,-5,10,-5,10,0,0,0,0,0,0,0,0,0,0,0,0,0,0,0,0,0,0,0,0,0,0,-4,10,-6,11,-6,10,-7,11,-7,10,-8,11,-9,10,-9,10,-9,10,-10,9,-10,9,-10,9,-10,9,-9,9,-9,10,-8,9,-8,10,-7,10,-7,11,-7,11,-7,12,-6,12,-6,13,-6,13,-7,13,-6,13]
anchor,A2,24:ec:4a:04:39:15,ch=6
ftm_report,A2,9,9,1.350
anchor,A2,24:ec:4a:04:39:15,ch=6
ftm_report,A2,9,9,1.350
csi_data,A2,[0,0,13,7,12,7,12,7,12,6,12,6,12,5,12,5,12,4,12,4,12,4,12,3,12,3,12,3,12,2,12,2,12,2,13,2,13,3,13,3,12,4,12,4,11,4,11,5,10,5,9,6,9,6,0,0,0,0,0,0,0,0,0,0,0,0,0,0,0,0,0,0,0,0,0,0,10,5,10,6,10,7,10,7,10,8,10,8,9,9,9,9,9,10,9,10,8,10,8,10,8,10,8,9,8,9,9,9,9,8,10,8,10,8,11,7,11,7,12,7,12,7,12,7,12,7,13,7]
anchor,A2,24:ec:4a:04:39:15,ch=6
ftm_report,A2,10,10,1.500
anchor,A2,24:ec:4a:04:39:15,ch=6
ftm_report,A2,9,9,1.350
anchor,A2,24:ec:4a:04:39:15,ch=6
ftm_report,A2,8,8,1.200
csi_data,A2,[0,0,-13,-8,-14,-8,-13,-8,-13,-8,-13,-7,-13,-7,-13,-6,-12,-6,-13,-5,-13,-5,-13,-4,-13,-4,-13,-4,-13,-4,-13,-4,-13,-3,-14,-4,-13,-4,-14,-5,-13,-5,-13,-6,-12,-6,-12,-6,-11,-7,-10,-7,-10,-7,0,0,0,0,0,0,0,0,0,0,0,0,0,0,0,0,0,0,0,0,0,0,-11,-6,-11,-6,-11,-7,-11,-8,-11,-9,-10,-9,-10,-10,-10,-10,-10,-11,-9,-11,-9,-11,-9,-11,-9,-10,-9,-10,-9,-10,-10,-10,-10,-9,-11,-9,-11,-9,-11,-8,-12,-8,-12,-8,-13,-8,-13,-8,-13,-8,-13,-8]
anchor,A2,24:ec:4a:04:39:15,ch=6
ftm_report,A2,11,11,1.650
csi_data,A2,[0,0,6,13,6,13,6,12,6,12,6,12,6,11,6,11,6,10,7,10,7,10,7,9,7,9,8,9,8,9,9,9,9,9,9,9,8,9,8,10,7,10,7,10,6,10,6,10,5,10,4,10,3,10,0,0,0,0,0,0,0,0,0,0,0,0,0,0,0,0,0,0,0,0,0,0,5,10,5,10,5,11,4,11,4,12,3,12,2,13,2,13,2,13,1,13,1,13,1,13,1,12,1,12,2,12,2,12,3,12,3,12,3,12,4,12,4,12,5,12,5,13,6,13,6,13,6,13]
anchor,A2,24:ec:4a:04:39:15,ch=6
ftm_report,A2,8,8,1.200
csi_data,A2,[0,0,6,13,6,13,6,12,6,12,6,12,6,11,6,11,7,10,6,10,7,10,8,9,8,9,8,9,8,9,8,9,8,9,8,9,8,9,8,10,7,10,7,10,6,10,6,10,5,10,4,10,3,10,0,0,0,0,0,0,0,0,0,0,0,0,0,0,0,0,0,0,0,0,0,0,6,9,5,10,5,11,4,11,4,12,3,12,3,13,2,13,2,13,2,13,2,13,2,12,2,12,2,12,2,12,2,12,3,12,3,12,4,12,4,12,5,12,5,12,6,13,6,13,6,13,6,13]
anchor,A2,24:ec:4a:04:39:15,ch=6
ftm_report,A2,6,6,0.900
csi_data,A2,[0,0,8,-13,7,-13,7,-13,7,-13,7,-13,7,-12,6,-12,6,-12,5,-12,4,-12,3,-13,3,-13,3,-13,3,-13,3,-13,3,-13,3,-13,3,-13,4,-13,4,-13,5,-12,5,-12,5,-11,5,-11,6,-10,6,-10,0,0,0,0,0,0,0,0,0,0,0,0,0,0,0,0,0,0,0,0,0,0,5,-11,6,-11,7,-11,8,-11,8,-10,9,-10,9,-10,10,-10,10,-9,10,-9,10,-9,10,-9,10,-9,9,-9,9,-9,9,-9,8,-10,8,-10,8,-11,8,-11,8,-11,8,-12,7,-13,7,-13,7,-13,8,-13]
anchor,A2,24:ec:4a:04:39:15,ch=6
ftm_report,A2,6,6,0.900
csi_data,A2,[0,0,14,1,14,0,13,0,14,0,13,0,13,0,13,-1,12,-1,12,-1,12,-2,12,-3,12,-3,12,-3,11,-3,12,-4,12,-4,13,-3,12,-3,12,-3,12,-2,12,-1,12,-1,12,0,11,0,11,1,10,2,0,0,0,0,0,0,0,0,0,0,0,0,0,0,0,0,0,0,0,0,0,0,11,-1,11,0,12,1,12,1,12,2,12,2,12,3,12,4,12,4,12,5,12,4,12,4,12,4,12,4,11,3,12,3,11,3,12,2,12,2,13,2,13,1,13,1,14,1,14,0,14,0,14,1]
anchor,A2,24:ec:4a:04:39:15,ch=6
ftm_report,A2,6,6,0.900
csi_data,A2,[0,0,11,9,11,9,11,8,11,8,11,8,11,7,11,7,11,6,11,6,11,5,11,5,11,4,11,4,12,4,12,4,12,4,12,5,12,5,12,5,11,6,11,6,10,6,10,6,9,7,9,7,8,7,0,0,0,0,0,0,0,0,0,0,0,0,0,0,0,0,0,0,0,0,0,0,9,6,9,7,9,8,8,8,9,9,9,9,8,10,7,10,7,11,7,11,7,11,7,11,7,10,7,10,7,10,7,10,8,9,8,9,9,9,9,9,10,9,10,9,11,9,11,9,11,9,11,9]
[1;31mE (201615) wifi:No FTM Measurements received from responder![0m
[0;33mW (201845) TAG: FTM to A2 failed (ESP_FAIL), streak=1[0m
csi_data,A2,[0,0,-14,5,-14,5,-14,5,-13,5,-13,5,-13,6,-12,6,-12,6,-11,6,-11,7,-10,7,-10,7,-10,8,-10,8,-10,8,-10,8,-10,8,-11,8,-11,8,-11,7,-11,7,-11,6,-11,6,-11,5,-11,4,-11,3,0,0,0,0,0,0,0,0,0,0,0,0,0,0,0,0,0,0,0,0,0,0,-11,4,-12,4,-12,3,-13,3,-13,2,-14,2,-14,1,-14,1,-14,0,-14,0,-14,0,-13,0,-13,1,-13,1,-13,1,-13,1,-13,2,-13,2,-13,3,-13,3,-13,4,-14,4,-14,5,-14,5,-14,5,-14,6]
csi_data,A2,[0,0,0,-15,0,-15,0,-15,0,-15,0,-15,-1,-14,-1,-14,-2,-13,-2,-13,-3,-13,-3,-13,-3,-12,-4,-13,-4,-13,-4,-13,-4,-13,-4,-13,-4,-13,-4,-13,-3,-13,-3,-13,-2,-13,-1,-13,-1,-12,0,-12,0,-12,0,0,0,0,0,0,0,0,0,0,0,0,0,0,0,0,0,0,0,0,0,0,0,-12,0,-13,1,-12,2,-13,2,-13,3,-14,4,-13,4,-13,4,-13,4,-13,5,-13,4,-13,4,-13,4,-12,4,-13,3,-13,3,-13,2,-13,2,-13,1,-14,1,-14,1,-14,0,-14,0,-15,0,-15,0,-15]
[1;31mE (203015) wifi:No valid FTM Measurements found out of 2 received measurements![0m
[0;33mW (203245) TAG: FTM to A2 failed (ESP_FAIL), streak=2[0m
csi_data,A2,[0,0,7,-13,7,-13,7,-13,7,-13,6,-13,6,-12,5,-12,5,-12,4,-12,4,-12,3,-13,3,-12,3,-13,2,-13,2,-13,2,-13,3,-13,3,-13,3,-13,3,-13,4,-13,4,-12,5,-12,5,-11,5,-10,6,-10,0,0,0,0,0,0,0,0,0,0,0,0,0,0,0,0,0,0,0,0,0,0,5,-11,6,-11,7,-10,8,-10,8,-10,9,-10,9,-10,10,-9,10,-9,10,-9,10,-9,10,-9,10,-8,9,-9,9,-9,9,-9,8,-9,8,-10,8,-11,8,-11,8,-11,7,-12,7,-12,7,-13,7,-13,7,-13]
anchor,A2,24:ec:4a:04:39:15,ch=6
ftm_report,A2,6,6,0.900
[0;33mW (206515) TAG: FTM to A2 failed (ESP_FAIL), streak=1[0m
csi_data,A2,[0,0,6,-14,6,-14,5,-14,5,-14,5,-13,5,-13,4,-13,4,-13,3,-13,3,-13,2,-13,2,-13,2,-13,1,-13,1,-13,1,-13,2,-14,2,-14,2,-13,3,-13,3,-13,4,-12,4,-12,5,-11,5,-11,5,-10,0,0,0,0,0,0,0,0,0,0,0,0,0,0,0,0,0,0,0,0,0,0,3,-11,4,-12,5,-12,6,-11,6,-12,7,-11,8,-11,8,-11,8,-11,9,-10,9,-10,8,-10,8,-10,8,-10,8,-10,7,-11,7,-11,7,-11,6,-12,6,-12,6,-12,6,-13,6,-13,6,-14,6,-14,6,-14]
anchor,A2,24:ec:4a:04:39:15,ch=6
ftm_report,A2,239,239,35.850
csi_data,A2,[0,0,14,-2,14,-2,14,-2,13,-2,13,-3,13,-3,12,-3,12,-4,12,-4,11,-4,11,-5,11,-5,11,-5,11,-6,11,-6,11,-6,11,-6,12,-6,12,-5,12,-5,12,-4,12,-4,11,-3,11,-2,11,-2,11,-1,0,0,0,0,0,0,0,0,0,0,0,0,0,0,0,0,0,0,0,0,0,0,11,-2,11,-1,12,0,12,0,12,1,13,1,13,2,12,2,13,3,12,3,12,3,12,3,12,3,12,3,12,2,12,2,12,1,12,0,12,0,13,0,13,-1,13,-1,13,-2,14,-1,14,-1,14,-2]
anchor,A2,24:ec:4a:04:39:15,ch=6
ftm_report,A2,6,6,0.900
csi_data,A2,[0,0,4,14,4,14,4,14,4,13,4,13,4,12,4,12,5,11,5,11,5,11,6,11,6,10,6,10,7,10,7,10,7,10,7,11,7,11,7,11,6,11,5,12,5,11,4,11,3,11,2,11,2,11,0,0,0,0,0,0,0,0,0,0,0,0,0,0,0,0,0,0,0,0,0,0,4,10,3,11,2,11,2,12,2,12,1,13,0,13,0,13,0,13,-1,13,-1,13,-1,13,-1,13,-1,12,0,12,0,12,1,13,1,12,2,13,2,13,2,13,3,13,3,13,3,14,4,14,4,14]
anchor,A2,24:ec:4a:04:39:15,ch=6
ftm_report,A2,7,7,1.050
