[0;32mI (107) esp_image: segment 1: paddr=000298e4 vaddr=3fc99b00 sizeESP-ROM:esp32s3-20210327[0m
Build:Mar 27 2021
rst:0x15 (USB_UART_CHIP_RESET),boot:0x8 (SPI_FAST_FLASH_BOOT)
Saved PC:0x4037ac12
SPIWP:0xee
mode:DIO, clock div:1
load:0x3fce2810,len:0x15a0
load:0x403c8700,len:0x4
load:0x403c8704,len:0xd20
load:0x403cb700,len:0x2ee4
entry 0x403c8928
[0;32mI (26) boot: ESP-IDF v5.4-dirty 2nd stage bootloader[0m
[0;32mI (27) boot: compile time Aug 31 2025 02:08:46[0m
[0;32mI (27) boot: Multicore bootloader[0m
[0;32mI (27) boot: chip revision: v0.2[0m
[0;32mI (30) boot: efuse block revision: v1.3[0m
[0;32mI (34) boot.esp32s3: Boot SPI Speed : 80MHz[0m
[0;32mI (37) boot.esp32s3: SPI Mode       : DIO[0m
[0;32mI (41) boot.esp32s3: SPI Flash Size : 2MB[0m
[0;32mI (45) boot: Enabling RNG early entropy source...[0m
[0;32mI (49) boot: Partition Table:[0m
[0;32mI (52) boot: ## Label            Usage          Type ST Offset   Length[0m
[0;32mI (58) boot:  0 nvs              WiFi data        01 02 00009000 00006000[0m
[0;32mI (65) boot:  1 phy_init         RF data          01 01 0000f000 00001000[0m
[0;32mI (71) boot:  2 factory          factory app      00 00 00010000 00100000[0m
[0;32mI (78) boot: End of partition table[0m
[0;32mI (81) esp_image: segment 0: paddr=00010020 vaddr=3c090020 size=198bch (104636) map[0m
[0;32mI (107) esp_image: segment 1: paddr=000298e4 vaddr=3fc99b00 size=04948h ( 18760) load[0m
[0;32mI (111) esp_image: segment 2: paddr=0002e234 vaddr=40374000 size=01de4h (  7652) load[0m
[0;32mI (113) esp_image: segment 3: paddr=00030020 vaddr=42000020 size=837f0h (538608) map[0m
[0;32mI (213) esp_image: segment 4: paddr=000b3818 vaddr=40375de4 size=13c48h ( 80968) load[0m
[0;32mI (231) esp_image: segment 5: paddr=000c7468 vaddr=600fe100 size=0001ch (    28) load[0m
[0;32mI (240) boot: Loaded app from partition at offset 0x10000[0m
[0;32mI (240) boot: Disabling RNG early entropy source...[0m
[0;32mI (250) cpu_start: Multicore app[0m
[0;32mI (260) cpu_start: Pro cpu start user code[0m
[0;32mI (260) cpu_start: cpu freq: 160000000 Hz[0m
[0;32mI (260) app_init: Application information:[0m
[0;32mI (260) app_init: Project name:     initiator[0m
[0;32mI (264) app_init: App version:      207a5d4-dirty[0m
[0;32mI (269) app_init: Compile time:     Aug 30 2025 22:35:46[0m
[0;32mI (274) app_init: ELF file SHA256:  cd4b71abe...[0m
[0;32mI (278) app_init: ESP-IDF:          v5.4-dirty[0m
[0;32mI (282) efuse_init: Min chip rev:     v0.0[0m
[0;32mI (286) efuse_init: Max chip rev:     v0.99 [0m
[0;32mI (290) efuse_init: Chip rev:         v0.2[0m
[0;32mI (294) heap_init: Initializing. RAM available for dynamic allocation:[0m
[0;32mI (300) heap_init: At 3FCA2090 len 00047680 (285 KiB): RAM[0m
[0;32mI (305) heap_init: At 3FCE9710 len 00005724 (21 KiB): RAM[0m
[0;32mI (310) heap_init: At 3FCF0000 len 00008000 (32 KiB): DRAM[0m
[0;32mI (315) heap_init: At 600FE11C len 00001ECC (7 KiB): RTCRAM[0m
[0;32mI (322) spi_flash: detected chip: gd[0m
[0;32mI (324) spi_flash: flash io: dio[0m
[0;33mW (327) spi_flash: Detected size(8192k) larger than the size in the binary image header(2048k). Using the size in the binary image header.[0m
[0;32mI (340) sleep_gpio: Configure to isolate all GPIO pins in sleep state[0m
[0;32mI (346) sleep_gpio: Enable automatic switching of GPIO sleep configuration[0m
[0;32mI (352) main_task: Started on CPU0[0m
[0;32mI (362) main_task: Calling app_main()[0m
[0;32mI (382) pp: pp rom version: e7ae62f[0m
[0;32mI (382) net80211: net80211 rom version: e7ae62f[0m
[0;32mI (392) wifi:wifi driver task: 3fcae364, prio:23, stack:6656, core=0[0m
[0;32mI (402) wifi:wifi firmware version: 48ea317a7[0m
[0;32mI (402) wifi:wifi certification version: v7.0[0m
[0;32mI (402) wifi:config NVS flash: enabled[0m
[0;32mI (402) wifi:config nano formatting: disabled[0m
[0;32mI (402) wifi:Init data frame dynamic rx buffer num: 32[0m
[0;32mI (402) wifi:Init static rx mgmt buffer num: 5[0m
[0;32mI (402) wifi:Init management short buffer num: 32[0m
[0;32mI (402) wifi:Init dynamic tx buffer num: 32[0m
[0;32mI (402) wifi:Init static tx FG buffer num: 2[0m
[0;32mI (402) wifi:Init static rx buffer size: 2212[0m
[0;32mI (402) wifi:Init static rx buffer num: 10[0m
[0;32mI (402) wifi:Init dynamic rx buffer num: 32[0m
[0;32mI (402) wifi_init: rx ba win: 6[0m
[0;32mI (402) wifi_init: accept mbox: 6[0m
[0;32mI (402) wifi_init: tcpip mbox: 32[0m
[0;32mI (402) wifi_init: udp mbox: 6[0m
[0;32mI (402) wifi_init: tcp mbox: 6[0m
[0;32mI (402) wifi_init: tcp tx win: 5760[0m
[0;32mI (402) wifi_init: tcp rx win: 5760[0m
[0;32mI (402) wifi_init: tcp mss: 1440[0m
[0;32mI (402) wifi_init: WiFi IRAM OP enabled[0m
[0;32mI (402) wifi_init: WiFi RX IRAM OP enabled[0m
[0;32mI (412) wifi:Set ps type: 0, coexist: 0[0m

[0;32mI (412) phy_init: phy_version 680,a6008b2,Jun  4 2024,16:41:10[0m
[0;32mI (442) wifi:mode : sta (24:ec:4a:04:74:58)[0m
[0;32mI (442) wifi:enable tsf[0m
[0;33mW (442) wifi:Password length matches WPA2 standards, authmode threshold changes from OPEN to WPA2[0m
[0;32mI (452) wifi:ic_enable_sniffer[0m
[0;32mI (452) TAG: Ready: FTM 8 frames/session, CSI ~1Hz, UART=921600.[0m
[0;32mI (452) main_task: Returned from app_main()[0m
[0;32mI (452) wifi:new:<1,0>, old:<1,0>, ap:<255,255>, sta:<1,0>, prof:1, snd_ch_cfg:0x0[0m
[0;32mI (452) wifi:state: init -> auth (0xb0)[0m
[0;32mI (462) wifi:state: auth -> assoc (0x0)[0m
[0;32mI (462) wifi:Association refused temporarily time 1500, comeback time 1600 (TUs)[0m
csi_data,[0,0,1,-16,1,-16,1,-16,1,-15,1,-15,0,-14,0,-14,0,-14,-1,-14,-2,-14,-2,-14,-2,-14,-2,-13,-3,-14,-3,-13,-3,-14,-3,-14,-3,-14,-3,-14,-2,-14,-1,-13,0,-13,0,-12,1,-12,1,-11,1,-11,0,0,0,0,0,0,0,0,0,0,0,0,0,0,0,0,0,0,0,0,0,0,-1,-10,0,-10,1,-11,1,-11,2,-11,3,-12,3,-12,3,-12,4,-12,5,-12,4,-12,4,-12,4,-12,5,-12,4,-12,4,-12,3,-13,3,-13,3,-14,2,-13,2,-14,2,-15,2,-15,2,-15,1,-16,2,-16]
[0;32mI (2102) wifi:state: assoc -> assoc (0x0)[0m
[0;32mI (2112) wifi:state: assoc -> run (0x10)[0m
[0;32mI (2122) wifi:connected with FTM, aid = 1, channel 1, BW20, bssid = 24:ec:4a:03:58:5d[0m
[0;32mI (2122) wifi:security: WPA2-PSK, phy: bgn, rssi: -63[0m
[0;32mI (2132) wifi:pm start, type: 0[0m

[0;32mI (2132) wifi:dp: 1, bi: 102400, li: 3, scale listen interval from 307200 us to 307200 us[0m
[0;32mI (2132) wifi:set rx beacon pti, rx_bcn_pti: 0, bcn_timeout: 25000, mt_pti: 0, mt_time: 10000[0m
[0;33mW (2132) TAG: AP channel is 0 (not ready). Skip this round.[0m
[0;32mI (2152) wifi:AP's beacon interval = 102400 us, DTIM period = 1[0m
csi_data,[0,0,8,13,7,13,7,12,8,12,8,12,8,11,8,10,8,10,8,9,8,9,9,9,9,9,9,9,9,8,10,8,10,8,9,9,9,9,9,9,8,9,8,9,7,9,6,9,5,9,5,9,4,9,0,0,0,0,0,0,0,0,0,0,0,0,0,0,0,0,0,0,0,0,0,0,6,7,5,7,5,8,5,9,5,9,5,10,5,10,4,11,4,11,3,11,3,12,3,12,3,12,3,12,3,11,4,12,4,11,5,11,5,11,6,11,6,11,7,12,7,12,7,12,8,12,8,13]
[0;33mW (3132) TAG: AP channel is 0 (not ready). Skip this round.[0m
[0;32mI (3152) esp_netif_handlers: sta ip: 192.168.4.2, mask: 255.255.255.0, gw: 192.168.4.1[0m
csi_data,[0,0,-8,13,-8,13,-7,13,-7,13,-7,12,-6,12,-6,12,-5,12,-5,12,-4,12,-4,12,-3,12,-3,12,-3,13,-3,13,-3,13,-3,13,-3,13,-3,13,-4,12,-4,12,-5,11,-5,11,-5,10,-6,9,-6,9,0,0,0,0,0,0,0,0,0,0,0,0,0,0,0,0,0,0,0,0,0,0,-4,8,-5,8,-5,9,-6,9,-7,9,-7,9,-8,9,-8,9,-9,9,-9,9,-9,9,-9,9,-9,9,-9,9,-9,9,-9,9,-8,9,-8,10,-8,10,-8,11,-8,11,-8,12,-8,13,-8,13,-8,13,-8,13]
[0;33mW (4132) TAG: AP channel is 0 (not ready). Skip this round.[0m
csi_data,[0,0,0,-16,0,-16,0,-16,0,-16,-1,-16,-1,-15,-1,-15,-2,-14,-3,-14,-2,-14,-3,-14,-3,-14,-3,-13,-4,-14,-4,-13,-4,-14,-4,-14,-4,-14,-3,-14,-3,-14,-2,-14,-1,-13,0,-13,0,-13,0,-12,1,-12,0,0,0,0,0,0,0,0,0,0,0,0,0,0,0,0,0,0,0,0,0,0,-2,-10,-2,-11,0,-11,0,-12,0,-12,1,-12,2,-13,2,-13,3,-13,3,-13,3,-13,3,-13,3,-13,3,-13,3,-13,2,-13,1,-13,1,-13,1,-14,1,-14,1,-14,0,-16,0,-15,0,-16,0,-16,0,-16]
[0;33mW (5132) TAG: AP channel is 0 (not ready). Skip this round.[0m
csi_data,[0,0,14,-6,14,-6,14,-6,14,-6,14,-6,13,-6,12,-7,12,-7,11,-7,11,-8,11,-8,10,-8,10,-8,10,-9,10,-9,10,-9,11,-9,11,-8,11,-8,11,-7,11,-6,11,-6,11,-5,11,-5,10,-4,10,-3,0,0,0,0,0,0,0,0,0,0,0,0,0,0,0,0,0,0,0,0,0,0,8,-6,8,-6,9,-5,10,-5,10,-4,10,-4,12,-4,12,-3,12,-3,12,-2,12,-2,12,-2,12,-2,12,-2,12,-3,12,-3,12,-3,12,-4,12,-4,13,-5,13,-5,13,-6,13,-6,14,-6,14,-6,14,-6]
[0;33mW (6132) TAG: AP channel is 0 (not ready). Skip this round.[0m
csi_data,[0,0,14,-6,13,-6,14,-6,13,-6,13,-6,12,-7,12,-7,12,-7,11,-7,11,-7,11,-8,10,-8,10,-8,10,-9,10,-8,11,-9,10,-8,11,-9,11,-8,11,-8,11,-7,11,-6,10,-5,10,-5,10,-4,10,-3,0,0,0,0,0,0,0,0,0,0,0,0,0,0,0,0,0,0,0,0,0,0,7,-5,9,-5,9,-5,10,-4,10,-4,11,-3,12,-3,12,-3,12,-2,12,-2,12,-1,12,-2,12,-2,12,-2,12,-2,12,-2,12,-3,11,-3,13,-4,12,-5,13,-5,13,-5,13,-5,14,-6,14,-6,14,-6]
[0;33mW (7132) TAG: AP channel is 0 (not ready). Skip this round.[0m
csi_data,[0,0,-13,8,-13,9,-13,8,-13,8,-13,8,-12,8,-12,8,-11,8,-10,9,-10,9,-10,9,-9,9,-9,10,-9,10,-9,10,-9,10,-9,10,-9,10,-9,10,-10,9,-10,9,-10,8,-10,7,-10,6,-10,5,-10,4,0,0,0,0,0,0,0,0,0,0,0,0,0,0,0,0,0,0,0,0,0,0,-7,6,-8,6,-9,6,-10,5,-11,5,-11,5,-11,5,-12,4,-12,4,-13,4,-13,4,-13,3,-12,3,-12,4,-12,4,-13,4,-12,4,-12,5,-12,5,-12,6,-12,7,-13,7,-13,8,-13,8,-13,8,-13,8]
[0;33mW (8132) TAG: AP channel is 0 (not ready). Skip this round.[0m
csi_data,[0,0,-9,12,-10,12,-9,12,-9,12,-9,12,-8,11,-7,12,-7,12,-6,11,-6,12,-6,12,-5,11,-5,12,-5,12,-4,12,-4,13,-5,12,-5,12,-5,12,-5,12,-6,11,-6,11,-6,10,-7,9,-7,8,-7,8,0,0,0,0,0,0,0,0,0,0,0,0,0,0,0,0,0,0,0,0,0,0,-5,8,-6,8,-7,8,-8,8,-8,8,-9,7,-9,8,-10,8,-10,7,-11,7,-11,7,-11,7,-10,7,-10,7,-10,7,-10,8,-10,8,-9,9,-10,9,-10,10,-9,10,-9,11,-9,11,-9,12,-10,12,-10,12]
[0;33mW (9132) TAG: AP channel is 0 (not ready). Skip this round.[0m
csi_data,[0,0,-2,-16,-2,-16,-2,-16,-2,-15,-2,-15,-3,-15,-3,-15,-4,-14,-4,-13,-5,-13,-5,-13,-6,-13,-6,-13,-6,-13,-6,-12,-7,-13,-6,-13,-6,-13,-6,-13,-5,-13,-5,-13,-3,-13,-3,-12,-3,-12,-2,-12,-1,-11,0,0,0,0,0,0,0,0,0,0,0,0,0,0,0,0,0,0,0,0,0,0,-3,-10,-2,-11,-1,-11,-1,-12,0,-12,0,-13,1,-13,1,-13,2,-13,2,-13,2,-13,2,-13,2,-13,2,-13,1,-13,1,-13,1,-14,0,-14,0,-14,-1,-14,-1,-15,-1,-15,-2,-15,-2,-16,-2,-16,-2,-17]
[0;33mW (10132) TAG: AP channel is 0 (not ready). Skip this round.[0m
csi_data,[0,0,-3,15,-3,15,-3,14,-3,14,-3,14,-2,14,-2,13,-1,13,0,13,0,12,0,12,0,12,0,13,1,13,1,12,2,13,1,13,1,13,1,12,0,13,0,12,-1,12,-2,11,-3,11,-3,10,-4,10,0,0,0,0,0,0,0,0,0,0,0,0,0,0,0,0,0,0,0,0,0,0,-1,9,-1,9,-2,10,-3,10,-3,10,-4,11,-4,11,-5,11,-6,11,-6,11,-6,11,-6,11,-7,11,-6,11,-6,11,-5,11,-5,11,-4,12,-4,12,-4,13,-4,13,-3,14,-3,14,-3,15,-4,15,-3,15]
[0;33mW (11132) TAG: AP channel is 0 (not ready). Skip this round.[0m
csi_data,[0,0,-14,-7,-15,-7,-14,-7,-14,-7,-14,-6,-14,-6,-14,-5,-13,-5,-13,-4,-13,-4,-14,-3,-13,-3,-13,-3,-13,-2,-14,-2,-14,-2,-14,-2,-14,-3,-14,-3,-13,-4,-13,-4,-12,-4,-12,-5,-11,-5,-10,-5,-10,-6,0,0,0,0,0,0,0,0,0,0,0,0,0,0,0,0,0,0,0,0,0,0,-10,-4,-10,-4,-10,-5,-10,-6,-11,-6,-11,-7,-11,-8,-11,-8,-10,-9,-10,-9,-10,-10,-10,-10,-10,-9,-10,-9,-10,-8,-11,-9,-11,-8,-11,-8,-11,-8,-12,-8,-13,-7,-13,-8,-14,-7,-14,-7,-14,-8,-15,-8]
[0;33mW (12132) TAG: AP channel is 0 (not ready). Skip this round.[0m
csi_data,[0,0,2,-16,1,-16,2,-16,2,-15,1,-16,1,-15,0,-15,0,-15,-1,-14,-1,-14,-2,-14,-2,-14,-2,-14,-3,-14,-3,-14,-3,-14,-3,-14,-3,-14,-2,-14,-1,-14,-1,-14,0,-13,0,-13,1,-12,1,-12,2,-11,0,0,0,0,0,0,0,0,0,0,0,0,0,0,0,0,0,0,0,0,0,0,0,-10,1,-11,1,-11,2,-12,2,-12,3,-12,4,-12,4,-12,5,-12,5,-12,5,-12,5,-12,5,-12,5,-12,4,-12,4,-13,4,-13,3,-13,3,-13,3,-14,3,-14,3,-15,2,-15,2,-15,2,-16,2,-17]
[0;33mW (13132) TAG: AP channel is 0 (not ready). Skip this round.[0m
csi_data,[0,0,8,13,7,12,8,13,7,12,7,12,7,11,8,11,8,10,8,10,8,9,9,9,9,9,9,8,9,9,10,8,10,9,9,8,9,9,9,9,8,10,8,9,7,9,6,9,6,9,5,9,4,9,0,0,0,0,0,0,0,0,0,0,0,0,0,0,0,0,0,0,0,0,0,0,6,7,6,7,5,8,5,9,5,9,4,10,4,11,4,11,3,11,3,11,3,12,3,12,3,12,3,11,3,11,4,11,4,11,4,11,5,11,6,11,6,11,7,12,7,12,7,12,8,13,8,13]
[0;33mW (14132) TAG: AP channel is 0 (not ready). Skip this round.[0m
csi_data,[0,0,15,3,15,3,15,3,15,2,14,2,14,2,14,1,14,0,13,0,13,0,13,-1,13,-1,13,-2,13,-2,13,-2,13,-2,13,-2,13,-1,14,-1,13,-1,13,0,13,0,12,1,11,1,11,2,10,2,0,0,0,0,0,0,0,0,0,0,0,0,0,0,0,0,0,0,0,0,0,0,9,1,10,1,10,2,10,3,10,3,11,4,11,5,11,5,11,6,11,6,11,6,11,6,11,6,11,6,11,5,11,5,11,5,12,4,12,4,13,4,13,3,14,3,14,3,15,3,15,3,16,3]
[0;33mW (15132) TAG: AP channel is 0 (not ready). Skip this round.[0m
csi_data,[0,0,-12,-12,-12,-12,-11,-12,-11,-11,-11,-11,-11,-10,-11,-10,-11,-9,-11,-8,-12,-8,-12,-8,-12,-7,-12,-7,-13,-7,-12,-6,-13,-7,-12,-7,-13,-8,-12,-8,-12,-8,-11,-8,-10,-8,-10,-8,-9,-8,-9,-8,-8,-9,0,0,0,0,0,0,0,0,0,0,0,0,0,0,0,0,0,0,0,0,0,0,-8,-6,-8,-8,-8,-8,-8,-9,-8,-9,-8,-10,-7,-11,-7,-11,-7,-12,-6,-12,-7,-12,-7,-12,-7,-12,-7,-11,-7,-11,-7,-12,-8,-11,-8,-11,-9,-11,-9,-11,-10,-11,-10,-11,-11,-11,-11,-11,-12,-11,-12,-12]
[0;33mW (16132) TAG: AP channel is 0 (not ready). Skip this round.[0m
csi_data,[0,0,-1,-16,-2,-16,-2,-16,-2,-15,-2,-15,-2,-15,-3,-15,-3,-14,-4,-14,-4,-13,-5,-13,-5,-13,-5,-13,-5,-13,-6,-13,-6,-13,-5,-13,-6,-13,-5,-13,-5,-13,-4,-13,-3,-13,-3,-12,-2,-13,-1,-12,-1,-11,0,0,0,0,0,0,0,0,0,0,0,0,0,0,0,0,0,0,0,0,0,0,-2,-10,-2,-10,-1,-11,0,-12,0,-12,1,-12,1,-13,2,-13,2,-13,3,-13,3,-13,3,-13,3,-13,3,-13,2,-13,2,-13,1,-13,1,-14,0,-14,0,-14,0,-14,-1,-15,-1,-15,-1,-16,-1,-16,-1,-16]
[0;33mW (17132) TAG: AP channel is 0 (not ready). Skip this round.[0m
csi_data,[0,0,13,-7,13,-8,13,-8,13,-7,12,-7,12,-8,11,-8,11,-8,10,-8,10,-9,10,-9,9,-9,9,-9,9,-10,9,-10,9,-10,9,-10,10,-10,9,-10,9,-9,10,-9,10,-8,10,-7,10,-6,10,-5,10,-5,0,0,0,0,0,0,0,0,0,0,0,0,0,0,0,0,0,0,0,0,0,0,7,-5,8,-5,9,-5,9,-5,10,-5,11,-4,11,-4,11,-3,12,-3,12,-2,12,-2,12,-2,12,-2,12,-3,12,-3,12,-3,11,-4,11,-4,12,-5,12,-6,12,-6,12,-7,12,-7,13,-7,13,-7,14,-7]
[0;33mW (18132) TAG: AP channel is 0 (not ready). Skip this round.[0m
csi_data,[0,0,4,15,4,14,4,14,4,13,4,13,4,13,5,12,5,12,5,12,5,11,6,11,6,10,6,10,7,11,7,10,7,11,6,11,7,11,6,11,6,11,5,11,4,11,3,11,3,11,2,10,1,10,0,0,0,0,0,0,0,0,0,0,0,0,0,0,0,0,0,0,0,0,0,0,4,8,4,9,3,9,3,10,2,10,2,12,1,12,1,12,1,12,0,12,0,12,0,12,0,12,0,12,0,12,1,12,2,12,2,12,2,13,3,13,3,13,3,13,4,13,4,14,4,14,4,14]
[0;33mW (19132) TAG: AP channel is 0 (not ready). Skip this round.[0m
csi_data,[0,0,-5,15,-5,14,-5,14,-5,14,-5,14,-4,13,-4,13,-3,13,-2,13,-2,13,-2,13,-1,12,-1,13,-1,13,0,13,0,13,-1,13,-1,14,-1,13,-2,13,-2,13,-3,12,-3,11,-4,11,-4,10,-5,9,0,0,0,0,0,0,0,0,0,0,0,0,0,0,0,0,0,0,0,0,0,0,-3,9,-3,9,-4,10,-4,10,-5,10,-6,10,-6,11,-7,11,-7,10,-8,10,-8,10,-8,10,-8,10,-8,10,-7,10,-7,11,-6,11,-6,11,-6,12,-6,12,-6,13,-6,13,-6,14,-5,14,-6,14,-6,14]
[0;33mW (20132) TAG: AP channel is 0 (not ready). Skip this round.[0m
csi_data,[0,0,-16,1,-16,2,-15,2,-15,2,-15,2,-14,2,-14,2,-14,3,-13,3,-13,4,-13,4,-12,4,-13,5,-12,5,-12,5,-13,5,-13,5,-13,5,-13,5,-13,4,-13,3,-13,3,-12,2,-12,1,-11,1,-11,0,0,0,0,0,0,0,0,0,0,0,0,0,0,0,0,0,0,0,0,0,0,0,-10,2,-10,2,-11,1,-11,1,-12,1,-12,0,-13,-1,-13,-1,-13,-2,-13,-2,-13,-2,-13,-2,-13,-2,-13,-2,-13,-2,-13,-1,-13,-1,-13,-1,-14,0,-14,1,-14,1,-15,1,-15,1,-15,1,-16,2,-16,1]
[0;33mW (21132) TAG: AP channel is 0 (not ready). Skip this round.[0m
csi_data,[0,0,15,0,14,0,15,-1,14,-1,14,-1,14,-1,14,-1,13,-2,13,-2,12,-3,12,-3,12,-4,12,-4,12,-4,12,-4,13,-4,12,-4,13,-4,13,-3,12,-2,13,-2,12,-1,11,-1,11,-1,11,0,10,1,0,0,0,0,0,0,0,0,0,0,0,0,0,0,0,0,0,0,0,0,0,0,9,-2,10,-1,10,-1,11,0,11,0,12,1,12,2,12,2,12,3,12,3,12,3,11,3,12,3,12,3,12,3,12,3,12,2,12,1,13,1,13,1,13,1,14,0,14,0,15,-1,15,0,16,0]
[0;33mW (22132) TAG: AP channel is 0 (not ready). Skip this round.[0m
csi_data,[0,0,-15,7,-15,7,-14,7,-14,6,-14,7,-13,6,-13,7,-12,7,-11,7,-11,8,-11,8,-10,8,-10,8,-10,8,-11,9,-10,9,-11,9,-11,8,-11,8,-11,7,-11,7,-12,6,-11,6,-11,5,-11,4,-11,3,0,0,0,0,0,0,0,0,0,0,0,0,0,0,0,0,0,0,0,0,0,0,-8,5,-9,5,-10,5,-10,5,-11,5,-12,4,-12,4,-12,3,-13,3,-13,2,-13,3,-13,2,-13,2,-13,3,-13,3,-13,3,-13,4,-13,4,-13,5,-13,5,-13,5,-14,6,-14,6,-14,7,-15,7,-15,7]
[0;33mW (23132) TAG: AP channel is 0 (not ready). Skip this round.[0m
csi_data,[0,0,-7,14,-7,14,-7,14,-6,13,-6,13,-6,13,-5,13,-5,12,-4,12,-3,12,-3,12,-2,12,-2,12,-2,13,-2,12,-2,13,-2,13,-3,13,-3,13,-3,12,-4,12,-4,11,-5,11,-5,10,-5,10,-6,9,0,0,0,0,0,0,0,0,0,0,0,0,0,0,0,0,0,0,0,0,0,0,-3,9,-3,9,-4,9,-5,9,-5,10,-6,10,-7,10,-7,10,-8,10,-8,10,-8,10,-8,10,-8,10,-8,10,-8,10,-8,10,-7,10,-7,10,-7,11,-7,12,-7,12,-6,12,-7,13,-6,14,-6,14,-6,14]
[0;33mW (24132) TAG: AP channel is 0 (not ready). Skip this round.[0m
csi_data,[0,0,13,-8,13,-9,12,-9,12,-8,12,-9,11,-9,11,-9,10,-9,9,-9,9,-9,9,-10,8,-10,8,-10,8,-10,8,-11,8,-11,9,-10,9,-11,9,-10,9,-10,9,-9,9,-9,9,-8,10,-7,9,-6,9,-5,0,0,0,0,0,0,0,0,0,0,0,0,0,0,0,0,0,0,0,0,0,0,7,-6,8,-6,9,-6,9,-6,10,-5,11,-5,11,-5,11,-4,12,-4,12,-4,13,-3,12,-3,12,-3,12,-3,12,-4,11,-5,11,-5,11,-5,12,-5,12,-7,12,-7,12,-7,12,-8,13,-8,13,-8,13,-8]
[0;33mW (25132) TAG: AP channel is 0 (not ready). Skip this round.[0m
csi_data,[0,0,-12,11,-11,10,-11,10,-11,10,-10,10,-10,10,-10,10,-9,10,-8,10,-8,10,-8,11,-7,11,-7,11,-7,11,-7,11,-7,11,-7,11,-7,11,-8,10,-8,10,-8,10,-9,9,-9,8,-9,7,-9,7,-9,6,0,0,0,0,0,0,0,0,0,0,0,0,0,0,0,0,0,0,0,0,0,0,-6,7,-6,7,-7,7,-8,7,-9,7,-10,7,-10,7,-11,7,-11,6,-11,6,-11,6,-11,6,-11,6,-11,6,-11,6,-11,6,-11,7,-11,7,-11,8,-11,9,-11,9,-11,10,-11,10,-11,10,-12,10,-11,11]
[0;33mW (26132) TAG: AP channel is 0 (not ready). Skip this round.[0m
csi_data,[0,0,-2,15,-3,15,-2,15,-2,14,-2,14,-1,14,-1,14,0,13,0,13,1,13,1,13,1,12,2,12,2,13,2,13,3,13,2,13,2,13,1,13,1,13,0,13,-1,12,-1,12,-1,12,-2,10,-2,10,0,0,0,0,0,0,0,0,0,0,0,0,0,0,0,0,0,0,0,0,0,0,0,9,0,10,-1,10,-2,11,-3,11,-3,11,-4,11,-4,12,-5,11,-5,11,-5,12,-5,11,-5,11,-5,11,-5,11,-4,12,-4,12,-3,12,-3,13,-3,13,-3,13,-3,14,-2,14,-2,15,-2,15,-2,15]
[0;33mW (27132) TAG: AP channel is 0 (not ready). Skip this round.[0m
csi_data,[0,0,-1,15,0,15,0,14,0,14,0,14,0,13,1,13,1,13,1,13,2,12,2,12,2,12,3,12,3,12,4,12,4,12,3,13,3,12,3,12,2,12,2,12,1,12,0,11,-1,11,-1,11,-2,10,0,0,0,0,0,0,0,0,0,0,0,0,0,0,0,0,0,0,0,0,0,0,1,9,1,10,0,10,-1,10,-1,11,-2,11,-2,11,-3,12,-3,12,-4,12,-4,12,-4,12,-4,11,-4,12,-3,12,-3,12,-2,12,-2,12,-2,13,-1,13,-1,13,-1,14,-1,14,-1,14,-1,15,0,15]
[0;33mW (28132) TAG: AP channel is 0 (not ready). Skip this round.[0m
csi_data,[0,0,-12,11,-11,11,-11,10,-11,11,-11,10,-10,10,-10,10,-9,10,-8,10,-8,10,-7,11,-7,11,-7,11,-7,11,-7,11,-6,11,-7,11,-7,11,-8,11,-8,10,-8,10,-8,9,-9,9,-8,8,-9,7,-9,6,0,0,0,0,0,0,0,0,0,0,0,0,0,0,0,0,0,0,0,0,0,0,-6,7,-6,8,-7,8,-8,8,-9,8,-9,7,-10,7,-10,7,-11,7,-11,6,-12,6,-11,6,-12,6,-11,6,-11,7,-11,7,-11,7,-10,8,-10,8,-11,9,-10,9,-11,10,-11,10,-11,11,-11,11,-11,11]
[0;33mW (29132) TAG: AP channel is 0 (not ready). Skip this round.[0m
csi_data,[0,0,5,-15,4,-15,4,-15,4,-14,4,-14,3,-14,3,-14,2,-14,1,-13,1,-13,1,-14,1,-13,0,-14,0,-14,0,-14,0,-14,0,-14,1,-14,1,-14,1,-13,1,-14,2,-13,3,-12,3,-11,4,-11,4,-10,0,0,0,0,0,0,0,0,0,0,0,0,0,0,0,0,0,0,0,0,0,0,1,-10,1,-10,3,-10,3,-11,4,-11,4,-12,5,-11,5,-11,6,-11,6,-11,7,-11,7,-11,7,-11,7,-11,6,-11,6,-11,5,-12,5,-12,5,-12,5,-13,5,-13,4,-14,4,-14,5,-14,5,-15,5,-15]
[0;33mW (30132) TAG: AP channel is 0 (not ready). Skip this round.[0m
csi_data,[0,0,6,14,6,13,6,13,6,13,6,13,6,12,6,11,7,11,7,11,7,10,8,10,8,9,8,10,9,9,9,9,9,10,8,10,9,10,8,10,7,10,7,10,6,11,5,10,5,10,4,10,3,10,0,0,0,0,0,0,0,0,0,0,0,0,0,0,0,0,0,0,0,0,0,0,5,7,5,8,4,9,4,9,3,10,3,11,3,11,3,12,2,12,2,12,2,12,2,12,2,12,2,12,2,12,3,12,3,12,3,12,4,12,4,12,5,12,5,13,6,13,6,13,7,13,6,13]
[0;33mW (31132) TAG: AP channel is 0 (not ready). Skip this round.[0m
csi_data,[0,0,-12,-11,-12,-11,-12,-11,-12,-11,-12,-11,-12,-9,-12,-9,-12,-8,-12,-8,-12,-8,-12,-7,-12,-7,-12,-7,-13,-6,-13,-6,-13,-6,-13,-6,-13,-7,-13,-7,-12,-7,-12,-8,-11,-8,-10,-8,-9,-8,-9,-8,-8,-9,0,0,0,0,0,0,0,0,0,0,0,0,0,0,0,0,0,0,0,0,0,0,-8,-6,-8,-7,-8,-8,-8,-8,-8,-9,-8,-10,-8,-10,-8,-11,-8,-11,-7,-12,-7,-12,-7,-12,-7,-11,-7,-11,-7,-11,-8,-11,-8,-11,-9,-11,-9,-11,-10,-10,-10,-10,-11,-11,-11,-11,-12,-11,-11,-12,-12,-12]
[0;33mW (32132) TAG: AP channel is 0 (not ready). Skip this round.[0m
csi_data,[0,0,11,-10,11,-11,11,-10,11,-10,10,-10,10,-10,9,-11,9,-11,8,-10,8,-11,7,-11,6,-11,6,-11,6,-12,6,-12,6,-12,7,-12,7,-12,7,-11,7,-11,8,-11,8,-10,8,-9,8,-8,8,-8,8,-6,0,0,0,0,0,0,0,0,0,0,0,0,0,0,0,0,0,0,0,0,0,0,6,-7,7,-7,8,-7,8,-7,9,-7,9,-6,10,-7,11,-6,11,-6,11,-6,11,-6,11,-5,11,-5,11,-6,11,-6,11,-6,10,-6,10,-7,10,-8,10,-8,11,-9,11,-10,11,-10,11,-10,11,-10,12,-10]
[0;33mW (33132) TAG: AP channel is 0 (not ready). Skip this round.[0m
csi_data,[0,0,-16,3,-16,3,-15,3,-15,3,-15,3,-14,3,-14,3,-13,4,-13,4,-13,5,-12,5,-12,6,-12,6,-12,6,-12,6,-12,6,-12,6,-13,6,-13,5,-13,4,-13,4,-13,3,-12,3,-12,2,-12,1,-11,0,0,0,0,0,0,0,0,0,0,0,0,0,0,0,0,0,0,0,0,0,0,0,-9,4,-10,3,-11,3,-11,2,-12,2,-13,1,-13,0,-13,0,-13,0,-13,0,-14,0,-13,0,-13,0,-13,0,-13,0,-13,0,-13,1,-13,1,-14,1,-14,2,-14,2,-15,2,-15,3,-15,3,-16,3,-16,4]
[0;33mW (34132) TAG: AP channel is 0 (not ready). Skip this round.[0m
csi_data,[0,0,-16,-4,-16,-4,-15,-4,-15,-4,-15,-3,-14,-3,-14,-2,-14,-2,-14,-2,-14,-1,-14,-1,-13,0,-14,0,-14,0,-14,0,-14,0,-14,1,-14,0,-14,0,-14,-1,-14,-1,-13,-2,-13,-2,-12,-3,-11,-4,-11,-4,0,0,0,0,0,0,0,0,0,0,0,0,0,0,0,0,0,0,0,0,0,0,-10,-1,-11,-2,-11,-3,-11,-3,-11,-3,-12,-5,-12,-5,-12,-6,-12,-6,-12,-7,-12,-7,-12,-7,-12,-7,-12,-6,-12,-6,-12,-6,-12,-5,-13,-5,-13,-5,-14,-5,-14,-4,-14,-4,-15,-4,-15,-4,-15,-4,-16,-4]
[0;33mW (35132) TAG: AP channel is 0 (not ready). Skip this round.[0m
csi_data,[0,0,-1,15,-1,14,-1,15,-1,14,0,14,0,13,0,13,1,13,1,13,2,12,2,12,3,12,3,12,3,12,3,12,4,13,3,12,3,13,3,13,2,12,2,13,1,12,0,11,-1,11,-1,11,-2,10,0,0,0,0,0,0,0,0,0,0,0,0,0,0,0,0,0,0,0,0,0,0,1,9,0,10,-1,10,-1,11,-2,11,-2,11,-3,11,-4,11,-4,12,-4,11,-4,12,-4,12,-4,12,-5,11,-4,12,-3,12,-3,12,-2,12,-2,12,-2,13,-2,13,-1,14,-1,14,-1,15,-1,15,-1,15]
[0;33mW (36132) TAG: AP channel is 0 (not ready). Skip this round.[0m
csi_data,[0,0,-15,-6,-15,-5,-15,-5,-15,-5,-14,-5,-14,-4,-14,-4,-14,-4,-14,-3,-14,-2,-14,-2,-13,-1,-14,-1,-14,-1,-14,-1,-14,-1,-14,-1,-14,-1,-14,-1,-14,-2,-14,-2,-13,-3,-13,-3,-12,-4,-11,-4,-11,-5,0,0,0,0,0,0,0,0,0,0,0,0,0,0,0,0,0,0,0,0,0,0,-10,-3,-10,-3,-11,-4,-10,-5,-11,-5,-11,-6,-11,-7,-11,-7,-11,-8,-11,-8,-11,-8,-11,-8,-11,-8,-11,-8,-11,-7,-12,-7,-11,-7,-12,-7,-12,-6,-13,-6,-14,-6,-14,-6,-15,-6,-15,-6,-15,-6,-15,-6]
[0;33mW (37132) TAG: AP channel is 0 (not ready). Skip this round.[0m
csi_data,[0,0,-15,5,-15,5,-14,5,-14,5,-14,5,-13,5,-13,6,-12,6,-12,6,-11,6,-11,7,-11,7,-10,7,-10,8,-10,8,-11,8,-11,8,-11,8,-11,7,-11,6,-11,6,-11,5,-11,5,-11,4,-11,4,-11,2,0,0,0,0,0,0,0,0,0,0,0,0,0,0,0,0,0,0,0,0,0,0,-9,4,-10,4,-10,3,-11,3,-11,3,-12,2,-12,2,-12,2,-13,1,-13,1,-13,1,-13,0,-13,1,-13,1,-13,1,-13,1,-13,2,-13,2,-13,3,-14,3,-13,4,-14,4,-14,5,-15,5,-15,5,-15,5]
[0;33mW (38132) TAG: AP channel is 0 (not ready). Skip this round.[0m
csi_data,[0,0,-14,-9,-14,-8,-13,-8,-13,-8,-13,-8,-13,-7,-13,-7,-13,-6,-13,-6,-13,-5,-13,-5,-13,-4,-13,-4,-13,-4,-13,-3,-14,-3,-14,-4,-14,-4,-13,-4,-13,-5,-12,-5,-12,-6,-11,-6,-11,-6,-10,-7,-9,-7,0,0,0,0,0,0,0,0,0,0,0,0,0,0,0,0,0,0,0,0,0,0,-9,-5,-10,-5,-9,-6,-10,-7,-10,-7,-10,-8,-10,-9,-9,-9,-9,-10,-9,-10,-9,-10,-9,-10,-9,-10,-9,-10,-9,-10,-10,-9,-10,-9,-10,-9,-11,-9,-12,-9,-12,-8,-13,-9,-13,-9,-13,-9,-13,-9,-14,-9]
[0;33mW (39132) TAG: AP channel is 0 (not ready). Skip this round.[0m
csi_data,[0,0,11,11,10,10,10,10,10,10,10,10,10,9,10,9,10,8,10,8,10,7,11,7,10,6,11,6,11,6,11,5,12,6,11,6,11,6,11,7,11,7,10,8,9,8,8,7,8,7,7,7,7,8,0,0,0,0,0,0,0,0,0,0,0,0,0,0,0,0,0,0,0,0,0,0,8,5,8,6,7,7,7,7,7,8,7,9,7,10,7,10,6,10,6,10,6,11,6,11,6,11,6,10,6,10,6,10,7,10,7,10,8,10,8,10,8,10,10,10,10,10,10,10,11,10,11,11]
[0;33mW (40132) TAG: AP channel is 0 (not ready). Skip this round.[0m
csi_data,[0,0,-15,6,-14,7,-14,6,-14,6,-13,6,-13,6,-13,6,-12,7,-11,7,-11,7,-11,8,-10,8,-10,8,-10,8,-10,9,-10,9,-10,9,-11,8,-11,8,-11,7,-11,6,-11,6,-11,5,-11,5,-11,4,-11,3,0,0,0,0,0,0,0,0,0,0,0,0,0,0,0,0,0,0,0,0,0,0,-8,5,-9,5,-9,5,-10,4,-11,4,-12,4,-12,3,-12,3,-12,2,-13,2,-13,3,-13,2,-13,2,-13,2,-12,2,-13,3,-13,3,-13,3,-13,4,-13,4,-13,5,-13,5,-14,6,-14,7,-14,7,-14,6]
[0;33mW (41132) TAG: AP channel is 0 (not ready). Skip this round.[0m
csi_data,[0,0,-7,14,-7,14,-7,14,-7,13,-7,13,-6,13,-5,13,-5,13,-4,12,-4,12,-3,13,-3,12,-3,13,-3,13,-2,13,-2,13,-3,13,-3,13,-4,13,-4,12,-4,12,-5,12,-5,11,-6,10,-6,9,-7,9,0,0,0,0,0,0,0,0,0,0,0,0,0,0,0,0,0,0,0,0,0,0,-3,9,-4,9,-5,10,-5,10,-6,10,-6,10,-7,10,-8,10,-8,10,-9,9,-9,10,-9,9,-9,9,-9,9,-8,10,-8,10,-8,10,-7,11,-7,11,-7,12,-7,12,-7,13,-7,13,-7,13,-8,14,-7,14]
[0;33mW (42132) TAG: AP channel is 0 (not ready). Skip this round.[0m
csi_data,[0,0,-14,8,-14,8,-13,8,-13,8,-13,8,-12,8,-12,8,-11,8,-11,8,-10,9,-10,9,-9,9,-9,10,-10,10,-9,9,-9,10,-10,10,-10,10,-10,9,-10,8,-10,8,-10,7,-10,6,-10,6,-10,5,-10,4,0,0,0,0,0,0,0,0,0,0,0,0,0,0,0,0,0,0,0,0,0,0,-7,6,-8,6,-9,6,-10,6,-10,6,-11,5,-12,5,-12,4,-12,4,-13,4,-12,4,-12,4,-13,4,-12,4,-12,4,-12,4,-12,5,-12,5,-13,6,-12,6,-13,6,-13,7,-13,7,-13,8,-13,9,-13,8]
[0;33mW (43132) TAG: AP channel is 0 (not ready). Skip this round.[0m
csi_data,[0,0,5,-15,5,-15,5,-15,5,-15,4,-15,4,-14,3,-14,3,-14,2,-14,1,-14,1,-14,1,-13,1,-14,0,-14,0,-14,0,-14,1,-14,1,-14,1,-14,2,-14,2,-13,3,-12,3,-12,4,-11,4,-11,5,-10,0,0,0,0,0,0,0,0,0,0,0,0,0,0,0,0,0,0,0,0,0,0,1,-10,2,-10,3,-11,3,-11,4,-11,5,-11,5,-11,6,-11,6,-11,6,-11,7,-11,7,-11,7,-11,7,-11,6,-11,6,-12,6,-12,5,-12,5,-13,5,-13,5,-14,4,-14,4,-14,5,-15,5,-15,5,-15]
[0;33mW (44132) TAG: AP channel is 0 (not ready). Skip this round.[0m
csi_data,[0,0,-13,-10,-13,-9,-13,-9,-13,-9,-12,-9,-12,-8,-13,-8,-12,-7,-13,-7,-13,-7,-13,-6,-13,-5,-13,-5,-13,-5,-14,-5,-13,-5,-13,-5,-13,-5,-13,-6,-12,-6,-12,-7,-11,-7,-11,-7,-10,-7,-9,-8,-8,-8,0,0,0,0,0,0,0,0,0,0,0,0,0,0,0,0,0,0,0,0,0,0,-9,-4,-9,-5,-9,-6,-10,-6,-9,-7,-9,-8,-9,-9,-9,-9,-9,-10,-9,-10,-9,-10,-9,-10,-9,-10,-9,-10,-9,-10,-10,-10,-10,-9,-10,-9,-10,-9,-11,-9,-11,-9,-12,-9,-13,-9,-13,-9,-13,-9,-14,-10]
[0;33mW (45132) TAG: AP channel is 0 (not ready). Skip this round.[0m
csi_data,[0,0,15,2,14,2,14,1,14,2,14,1,13,1,13,1,13,0,13,0,13,-1,13,-1,12,-2,12,-2,13,-2,13,-2,13,-2,13,-2,13,-2,13,-1,13,0,13,0,12,0,11,1,11,1,11,2,10,3,0,0,0,0,0,0,0,0,0,0,0,0,0,0,0,0,0,0,0,0,0,0,9,0,9,0,10,0,10,1,10,2,11,3,11,3,11,4,11,4,11,5,11,5,11,5,11,5,11,4,11,4,11,4,12,4,12,3,12,3,13,3,13,3,14,2,14,2,14,2,15,2,15,2]
[0;33mW (46132) TAG: AP channel is 0 (not ready). Skip this round.[0m
csi_data,[0,0,9,-13,9,-13,9,-13,8,-12,8,-13,8,-12,7,-12,7,-12,6,-12,5,-12,5,-13,4,-13,4,-13,4,-13,4,-13,4,-13,4,-13,5,-13,5,-13,5,-12,5,-12,6,-11,6,-11,6,-10,6,-9,7,-9,0,0,0,0,0,0,0,0,0,0,0,0,0,0,0,0,0,0,0,0,0,0,4,-9,5,-9,6,-9,7,-9,7,-9,8,-9,9,-9,9,-9,9,-8,10,-8,10,-8,10,-8,10,-8,10,-8,9,-8,9,-9,9,-9,8,-9,9,-10,9,-11,9,-11,9,-12,8,-12,9,-12,9,-13,9,-13]
[0;33mW (47132) TAG: AP channel is 0 (not ready). Skip this round.[0m
csi_data,[0,0,15,2,14,1,15,1,15,1,14,1,14,1,13,0,13,0,13,-1,13,-1,13,-2,12,-3,12,-3,12,-3,13,-3,13,-3,13,-3,13,-3,13,-2,13,-1,13,-1,12,0,12,0,11,0,11,1,10,2,0,0,0,0,0,0,0,0,0,0,0,0,0,0,0,0,0,0,0,0,0,0,9,-1,10,0,10,1,11,1,11,2,12,3,12,4,11,4,11,5,11,4,11,4,11,5,11,4,11,4,11,4,11,4,12,4,12,3,12,2,13,2,13,2,14,2,14,2,15,1,15,1,16,1]
[0;33mW (48132) TAG: AP channel is 0 (not ready). Skip this round.[0m
csi_data,[0,0,13,-8,13,-10,13,-9,12,-9,12,-9,11,-9,11,-9,10,-9,9,-9,9,-10,9,-11,8,-11,8,-11,8,-11,8,-11,8,-11,8,-11,9,-11,9,-11,9,-10,9,-10,9,-9,9,-8,9,-8,9,-7,9,-6,0,0,0,0,0,0,0,0,0,0,0,0,0,0,0,0,0,0,0,0,0,0,7,-7,8,-7,9,-6,9,-6,10,-6,10,-6,11,-5,11,-5,12,-4,12,-4,12,-4,12,-4,12,-4,12,-4,12,-4,11,-5,12,-5,11,-6,12,-7,12,-7,12,-7,12,-7,12,-8,13,-8,13,-9,13,-9]
[0;33mW (49132) TAG: AP channel is 0 (not ready). Skip this round.[0m
csi_data,[0,0,-16,0,-16,1,-15,1,-16,1,-15,1,-15,1,-14,2,-14,2,-14,2,-13,3,-14,3,-13,4,-13,4,-13,4,-13,4,-13,4,-13,4,-14,4,-14,3,-14,3,-14,3,-13,2,-13,1,-13,1,-12,0,-11,-1,0,0,0,0,0,0,0,0,0,0,0,0,0,0,0,0,0,0,0,0,0,0,-10,2,-10,1,-11,1,-11,0,-12,0,-13,-1,-13,-2,-13,-2,-13,-2,-13,-3,-13,-3,-13,-4,-13,-3,-13,-3,-13,-2,-13,-2,-13,-2,-13,-2,-14,-1,-14,-1,-14,0,-15,0,-15,0,-16,1,-16,1,-16,1]
[0;33mW (50132) TAG: AP channel is 0 (not ready). Skip this round.[0m
csi_data,[0,0,-14,-10,-13,-9,-14,-9,-12,-9,-13,-9,-13,-8,-13,-8,-13,-7,-13,-7,-12,-5,-13,-5,-13,-4,-13,-4,-14,-5,-13,-4,-14,-4,-13,-4,-14,-5,-14,-6,-13,-6,-13,-6,-12,-6,-11,-6,-11,-6,-10,-7,-10,-7,0,0,0,0,0,0,0,0,0,0,0,0,0,0,0,0,0,0,0,0,0,0,-9,-5,-9,-6,-9,-7,-9,-8,-9,-8,-9,-9,-8,-10,-8,-10,-8,-11,-8,-10,-8,-11,-8,-11,-8,-11,-8,-10,-8,-11,-9,-10,-9,-10,-9,-9,-10,-10,-11,-9,-11,-9,-11,-10,-12,-9,-13,-9,-13,-9,-13,-10]
[0;33mW (51132) TAG: AP channel is 0 (not ready). Skip this round.[0m
csi_data,[0,0,-3,15,-3,15,-3,15,-3,14,-3,14,-2,14,-2,14,-1,13,-1,13,0,13,0,13,0,12,0,13,1,13,1,13,1,13,1,13,1,13,1,13,0,13,-1,13,-1,12,-2,11,-2,11,-3,10,-3,10,0,0,0,0,0,0,0,0,0,0,0,0,0,0,0,0,0,0,0,0,0,0,-1,9,-2,9,-2,10,-3,11,-4,11,-4,11,-5,11,-5,11,-6,11,-7,11,-6,11,-6,10,-6,10,-6,11,-6,11,-5,11,-5,11,-4,11,-4,12,-4,13,-4,13,-3,13,-3,14,-4,14,-3,15,-3,15]
[0;33mW (52132) TAG: AP channel is 0 (not ready). Skip this round.[0m
csi_data,[0,0,-15,-5,-15,-6,-15,-6,-15,-5,-15,-5,-15,-5,-14,-4,-14,-3,-14,-3,-14,-3,-14,-2,-14,-1,-14,-1,-14,0,-14,0,-14,-1,-14,-1,-14,-1,-14,-2,-14,-2,-14,-3,-13,-3,-12,-3,-12,-4,-11,-4,-11,-5,0,0,0,0,0,0,0,0,0,0,0,0,0,0,0,0,0,0,0,0,0,0,-10,-3,-10,-3,-10,-4,-11,-5,-11,-5,-11,-7,-11,-7,-11,-7,-11,-8,-11,-8,-11,-9,-11,-8,-11,-8,-11,-8,-11,-7,-11,-8,-12,-7,-12,-7,-12,-6,-13,-6,-13,-6,-14,-6,-14,-6,-15,-6,-15,-6,-16,-6]
[0;33mW (53132) TAG: AP channel is 0 (not ready). Skip this round.[0m
csi_data,[0,0,14,-5,13,-5,13,-5,13,-5,13,-5,13,-6,12,-6,12,-6,11,-6,11,-6,11,-7,10,-7,10,-8,10,-8,11,-8,11,-8,11,-8,11,-8,11,-8,11,-7,11,-7,11,-6,11,-5,11,-4,11,-3,11,-3,0,0,0,0,0,0,0,0,0,0,0,0,0,0,0,0,0,0,0,0,0,0,9,-4,9,-4,10,-3,11,-3,11,-3,12,-2,12,-1,12,-1,12,-1,12,-1,12,0,12,0,12,0,12,0,12,-1,12,-1,12,-1,12,-2,12,-3,12,-3,12,-4,13,-4,13,-4,13,-5,14,-5,14,-5]
[0;33mW (54132) TAG: AP channel is 0 (not ready). Skip this round.[0m
csi_data,[0,0,14,-5,14,-6,13,-6,14,-6,13,-6,12,-6,12,-7,12,-7,11,-7,11,-8,10,-8,10,-8,10,-9,10,-9,10,-9,10,-9,10,-9,10,-9,11,-8,11,-8,11,-7,11,-6,11,-6,10,-6,10,-5,10,-4,0,0,0,0,0,0,0,0,0,0,0,0,0,0,0,0,0,0,0,0,0,0,9,-5,9,-4,10,-4,11,-3,11,-3,11,-3,12,-2,12,-1,13,-1,13,-1,12,-1,13,-1,12,-1,12,-1,12,-2,12,-2,12,-2,12,-3,12,-3,12,-4,13,-4,13,-5,13,-5,13,-6,14,-6,14,-6]
[0;33mW (55132) TAG: AP channel is 0 (not ready). Skip this round.[0m
csi_data,[0,0,-15,1,-15,2,-15,1,-15,1,-14,1,-14,2,-14,2,-13,3,-13,3,-13,4,-13,4,-12,4,-12,5,-12,5,-12,4,-13,5,-13,5,-13,4,-14,4,-14,3,-14,3,-13,2,-13,1,-13,1,-12,0,-11,-1,0,0,0,0,0,0,0,0,0,0,0,0,0,0,0,0,0,0,0,0,0,0,-11,2,-11,1,-11,1,-12,0,-13,0,-13,-1,-13,-2,-13,-3,-13,-3,-13,-3,-14,-3,-13,-3,-13,-3,-13,-2,-13,-2,-13,-2,-13,-2,-13,-1,-13,0,-14,0,-14,0,-15,0,-15,1,-15,1,-15,1,-16,1]
[0;33mW (56132) TAG: AP channel is 0 (not ready). Skip this round.[0m
csi_data,[0,0,-11,11,-10,11,-10,11,-10,11,-9,11,-9,11,-9,11,-8,11,-8,11,-7,11,-7,11,-6,11,-6,11,-6,12,-6,12,-6,12,-6,12,-6,12,-8,12,-8,11,-8,11,-8,10,-9,10,-9,9,-9,8,-9,7,0,0,0,0,0,0,0,0,0,0,0,0,0,0,0,0,0,0,0,0,0,0,-6,8,-7,8,-8,8,-8,8,-9,8,-10,7,-10,7,-11,7,-11,7,-12,7,-11,7,-11,7,-11,6,-11,7,-11,7,-11,7,-10,7,-10,8,-10,8,-10,9,-10,9,-10,10,-10,10,-10,11,-10,11,-10,11]
[0;33mW (57132) TAG: AP channel is 0 (not ready). Skip this round.[0m
csi_data,[0,0,0,15,0,15,0,15,1,14,1,14,1,13,2,13,2,13,2,13,3,12,3,12,3,12,3,12,4,13,4,12,5,13,4,13,4,13,3,13,3,13,2,13,1,12,1,12,0,12,0,11,-1,11,0,0,0,0,0,0,0,0,0,0,0,0,0,0,0,0,0,0,0,0,0,0,1,9,0,10,0,10,-1,11,-2,11,-2,12,-2,12,-3,12,-4,12,-4,11,-3,12,-4,12,-4,12,-3,12,-3,11,-3,12,-2,12,-2,12,-2,12,-1,13,-1,13,-1,14,0,14,0,14,0,15,1,15]
[0;33mW (58132) TAG: AP channel is 0 (not ready). Skip this round.[0m
csi_data,[0,0,1,-16,1,-16,0,-16,0,-15,0,-15,0,-15,0,-15,-1,-14,-1,-14,-2,-14,-2,-14,-3,-14,-3,-14,-3,-14,-3,-14,-4,-14,-3,-14,-3,-15,-2,-15,-2,-14,-1,-14,0,-14,0,-13,1,-13,1,-12,2,-12,0,0,0,0,0,0,0,0,0,0,0,0,0,0,0,0,0,0,0,0,0,0,-1,-10,0,-11,0,-11,1,-11,1,-12,2,-12,3,-12,3,-12,4,-12,4,-12,4,-12,4,-12,4,-12,4,-12,4,-12,3,-12,3,-12,2,-13,2,-13,2,-14,2,-14,1,-15,1,-15,1,-15,1,-16,1,-16]
[0;33mW (59132) TAG: AP channel is 0 (not ready). Skip this round.[0m
csi_data,[0,0,7,-14,7,-14,7,-14,7,-13,6,-13,5,-13,5,-13,5,-13,4,-13,4,-13,4,-13,3,-13,3,-13,3,-13,2,-13,3,-14,3,-14,3,-14,3,-14,4,-13,4,-13,5,-12,5,-11,5,-11,6,-10,6,-9,0,0,0,0,0,0,0,0,0,0,0,0,0,0,0,0,0,0,0,0,0,0,3,-9,4,-10,5,-9,5,-10,6,-10,7,-10,7,-10,8,-10,8,-10,9,-9,9,-9,9,-9,9,-9,9,-9,8,-9,8,-10,8,-10,7,-11,7,-11,7,-12,7,-12,7,-13,7,-13,8,-13,8,-13,8,-14]
[0;33mW (60132) TAG: AP channel is 0 (not ready). Skip this round.[0m
csi_data,[0,0,-6,-14,-6,-15,-6,-15,-6,-14,-6,-14,-6,-14,-6,-13,-7,-12,-7,-12,-7,-12,-8,-12,-8,-11,-8,-11,-9,-11,-9,-11,-9,-12,-9,-12,-8,-12,-8,-12,-7,-13,-7,-12,-6,-12,-5,-12,-5,-12,-4,-12,-3,-12,0,0,0,0,0,0,0,0,0,0,0,0,0,0,0,0,0,0,0,0,0,0,-5,-9,-5,-10,-4,-10,-3,-11,-3,-12,-3,-12,-2,-13,-2,-13,-1,-13,-1,-13,-1,-13,-1,-13,-1,-13,-1,-13,-1,-13,-2,-13,-2,-13,-3,-13,-3,-13,-4,-13,-4,-13,-5,-14,-5,-14,-5,-14,-5,-15,-6,-15]
[0;33mW (61132) TAG: AP channel is 0 (not ready). Skip this round.[0m
csi_data,[0,0,7,-13,7,-14,7,-13,7,-13,6,-13,6,-13,5,-13,5,-13,4,-13,4,-13,4,-13,3,-13,3,-13,3,-13,3,-14,3,-14,3,-14,3,-14,4,-14,4,-13,4,-13,5,-12,6,-11,6,-11,6,-10,7,-9,0,0,0,0,0,0,0,0,0,0,0,0,0,0,0,0,0,0,0,0,0,0,3,-9,4,-9,5,-10,5,-10,6,-10,7,-10,7,-10,8,-10,8,-9,9,-9,9,-9,9,-9,9,-9,9,-9,8,-9,8,-10,8,-10,7,-10,7,-11,7,-11,7,-12,7,-12,7,-13,7,-13,8,-13,7,-13]
[0;33mW (62132) TAG: AP channel is 0 (not ready). Skip this round.[0m
csi_data,[0,0,11,-11,11,-11,10,-11,10,-11,10,-11,9,-11,9,-11,8,-11,8,-11,7,-11,7,-12,6,-12,6,-12,6,-12,6,-12,6,-13,6,-13,6,-12,7,-12,7,-11,8,-11,8,-10,8,-10,8,-9,8,-8,8,-7,0,0,0,0,0,0,0,0,0,0,0,0,0,0,0,0,0,0,0,0,0,0,5,-8,6,-8,7,-8,8,-8,8,-8,9,-8,10,-7,10,-7,10,-7,11,-6,11,-6,11,-6,11,-6,11,-6,10,-7,10,-7,10,-7,10,-8,10,-8,10,-9,10,-10,10,-10,10,-10,10,-11,11,-11,11,-11]
[0;33mW (63132) TAG: AP channel is 0 (not ready). Skip this round.[0m
csi_data,[0,0,-16,-4,-15,-4,-16,-3,-15,-4,-15,-3,-15,-3,-14,-3,-14,-2,-14,-2,-14,-1,-14,0,-14,0,-14,1,-14,1,-14,0,-14,1,-14,1,-15,0,-15,-1,-14,-1,-14,-2,-13,-2,-13,-2,-13,-3,-12,-3,-11,-4,0,0,0,0,0,0,0,0,0,0,0,0,0,0,0,0,0,0,0,0,0,0,-10,-1,-11,-2,-11,-2,-11,-3,-11,-4,-12,-4,-12,-5,-12,-6,-12,-6,-12,-6,-12,-6,-12,-7,-12,-6,-12,-6,-12,-6,-12,-6,-12,-6,-12,-5,-13,-5,-13,-4,-13,-4,-14,-4,-15,-4,-15,-3,-15,-4,-16,-4]
[0;33mW (64132) TAG: AP channel is 0 (not ready). Skip this round.[0m
csi_data,[0,0,7,13,6,13,6,13,7,12,7,12,7,12,7,11,8,11,8,10,8,10,8,10,8,9,8,9,9,9,9,9,9,9,9,9,9,10,9,10,8,10,8,10,7,10,6,10,6,10,5,10,4,10,0,0,0,0,0,0,0,0,0,0,0,0,0,0,0,0,0,0,0,0,0,0,5,7,5,8,4,9,4,10,4,10,3,11,3,11,3,11,2,12,2,11,1,12,2,12,1,12,2,12,2,11,3,12,3,11,3,11,4,12,5,11,5,12,6,12,6,12,6,13,6,13,6,13]
[0;33mW (65132) TAG: AP channel is 0 (not ready). Skip this round.[0m
csi_data,[0,0,14,7,13,6,13,6,13,6,13,6,12,5,13,5,13,4,12,4,13,3,13,2,13,2,13,1,13,1,13,2,14,1,13,2,14,2,14,3,13,3,12,4,12,4,11,4,11,4,10,5,10,6,0,0,0,0,0,0,0,0,0,0,0,0,0,0,0,0,0,0,0,0,0,0,9,3,9,4,8,5,9,5,9,6,9,7,9,7,9,8,9,9,9,8,9,8,9,8,9,8,9,8,9,8,9,8,9,7,10,7,10,7,11,7,11,7,12,7,13,6,13,6,14,6,14,6]
[0;33mW (66132) TAG: AP channel is 0 (not ready). Skip this round.[0m
csi_data,[0,0,9,-12,9,-12,9,-12,9,-12,9,-12,8,-12,8,-12,7,-12,7,-12,6,-12,6,-13,5,-13,5,-13,5,-13,5,-13,5,-13,6,-13,6,-13,6,-13,7,-12,7,-12,8,-11,7,-10,8,-10,8,-9,8,-8,0,0,0,0,0,0,0,0,0,0,0,0,0,0,0,0,0,0,0,0,0,0,4,-9,5,-9,6,-9,7,-9,7,-9,8,-9,9,-8,9,-8,10,-8,10,-8,10,-8,10,-8,10,-8,10,-8,10,-8,9,-8,9,-8,9,-9,9,-10,9,-10,9,-10,9,-11,9,-11,9,-12,9,-13,9,-13]
[0;33mW (67132) TAG: AP channel is 0 (not ready). Skip this round.[0m
csi_data,[0,0,11,10,11,10,11,9,11,9,11,9,11,8,11,8,11,7,11,7,11,6,12,6,11,5,12,5,12,5,13,5,12,5,12,5,12,5,12,6,11,7,11,7,10,7,10,7,9,7,9,8,7,8,0,0,0,0,0,0,0,0,0,0,0,0,0,0,0,0,0,0,0,0,0,0,7,5,7,6,7,7,7,7,7,8,7,9,6,9,6,10,6,10,6,10,6,10,6,11,6,10,6,10,6,10,7,10,7,9,7,10,8,9,8,9,9,9,10,10,10,10,11,9,11,10,11,10]
[0;33mW (68132) TAG: AP channel is 0 (not ready). Skip this round.[0m
csi_data,[0,0,-13,-9,-14,-9,-13,-9,-14,-9,-13,-8,-13,-7,-13,-7,-13,-6,-13,-6,-13,-5,-14,-5,-13,-4,-13,-4,-14,-4,-14,-4,-14,-3,-14,-4,-14,-4,-14,-5,-14,-5,-13,-6,-12,-6,-12,-7,-11,-6,-10,-7,-10,-7,0,0,0,0,0,0,0,0,0,0,0,0,0,0,0,0,0,0,0,0,0,0,-9,-5,-9,-6,-9,-7,-9,-7,-9,-8,-9,-9,-9,-9,-9,-10,-8,-10,-8,-11,-8,-11,-8,-11,-8,-10,-8,-10,-8,-10,-9,-10,-9,-10,-10,-9,-10,-9,-11,-9,-11,-9,-12,-9,-13,-9,-12,-9,-13,-9,-13,-9]
[0;33mW (69132) TAG: AP channel is 0 (not ready). Skip this round.[0m
csi_data,[0,0,4,-15,4,-16,4,-15,3,-15,3,-14,3,-15,2,-15,2,-14,1,-14,1,-14,0,-14,0,-14,-1,-14,-1,-14,-1,-14,-1,-14,-1,-15,-1,-14,0,-15,1,-14,1,-14,2,-13,2,-13,3,-12,3,-12,4,-11,0,0,0,0,0,0,0,0,0,0,0,0,0,0,0,0,0,0,0,0,0,0,1,-10,2,-10,3,-10,3,-10,4,-11,5,-11,5,-11,6,-11,6,-11,7,-11,7,-11,7,-11,7,-11,7,-11,6,-11,6,-11,6,-11,5,-12,5,-12,5,-13,5,-13,4,-14,4,-14,4,-15,4,-15,4,-15]
[0;33mW (70132) TAG: AP channel is 0 (not ready). Skip this round.[0m
csi_data,[0,0,13,7,13,6,13,6,13,6,13,5,13,5,13,5,12,4,12,4,13,3,13,3,12,2,13,2,13,2,13,2,13,2,14,3,13,2,13,3,13,4,12,4,11,4,11,5,10,5,9,6,9,6,0,0,0,0,0,0,0,0,0,0,0,0,0,0,0,0,0,0,0,0,0,0,8,2,9,3,9,4,9,4,9,5,9,6,10,6,9,7,9,7,9,8,9,8,9,8,9,8,9,8,9,7,10,7,10,7,10,7,10,6,11,6,11,6,12,6,12,6,13,6,13,7,14,6]
[0;33mW (71132) TAG: AP channel is 0 (not ready). Skip this round.[0m
csi_data,[0,0,-12,-10,-13,-10,-12,-10,-12,-10,-12,-10,-12,-9,-12,-9,-12,-8,-12,-7,-12,-7,-12,-7,-12,-6,-13,-6,-13,-6,-13,-6,-13,-6,-13,-6,-13,-6,-13,-7,-12,-7,-12,-7,-11,-8,-10,-8,-10,-8,-9,-8,-8,-9,0,0,0,0,0,0,0,0,0,0,0,0,0,0,0,0,0,0,0,0,0,0,-9,-5,-9,-6,-8,-7,-9,-7,-9,-8,-9,-9,-8,-10,-8,-10,-8,-11,-8,-11,-8,-11,-8,-11,-8,-11,-8,-10,-8,-10,-8,-11,-9,-10,-9,-10,-9,-10,-10,-10,-11,-10,-11,-10,-12,-10,-12,-10,-12,-10,-12,-10]
[0;33mW (72132) TAG: AP channel is 0 (not ready). Skip this round.[0m
csi_data,[0,0,-10,-13,-10,-13,-9,-13,-9,-12,-10,-12,-10,-11,-10,-11,-10,-10,-10,-10,-11,-9,-11,-9,-11,-8,-11,-8,-12,-8,-12,-8,-12,-9,-11,-9,-12,-9,-11,-9,-11,-9,-10,-10,-9,-10,-9,-9,-8,-9,-7,-9,-7,-10,0,0,0,0,0,0,0,0,0,0,0,0,0,0,0,0,0,0,0,0,0,0,-7,-7,-7,-8,-6,-9,-6,-10,-6,-10,-6,-11,-5,-12,-5,-12,-5,-12,-5,-12,-5,-13,-5,-12,-5,-12,-5,-12,-5,-12,-5,-12,-5,-12,-6,-12,-7,-12,-7,-12,-8,-12,-8,-12,-9,-12,-9,-13,-9,-13,-10,-13]
[0;33mW (73132) TAG: AP channel is 0 (not ready). Skip this round.[0m
csi_data,[0,0,2,15,3,15,2,14,3,14,3,14,3,13,4,13,4,13,4,12,5,12,5,12,5,11,6,11,6,11,6,11,6,11,6,12,6,12,5,12,5,12,4,12,3,11,3,12,2,11,1,11,1,11,0,0,0,0,0,0,0,0,0,0,0,0,0,0,0,0,0,0,0,0,0,0,3,8,2,9,1,9,1,10,1,11,0,11,0,12,0,12,-1,12,-2,12,-2,12,-2,12,-2,12,-2,12,-1,12,-1,12,-1,12,0,12,0,12,1,13,2,13,2,14,2,14,2,14,2,14,3,15]
[0;33mW (74132) TAG: AP channel is 0 (not ready). Skip this round.[0m
csi_data,[0,0,-15,4,-15,4,-15,4,-15,4,-14,5,-14,4,-13,5,-13,5,-12,5,-12,6,-12,6,-11,7,-11,7,-12,8,-12,7,-12,7,-12,8,-12,7,-12,7,-12,6,-12,5,-12,5,-12,4,-12,4,-12,3,-12,2,0,0,0,0,0,0,0,0,0,0,0,0,0,0,0,0,0,0,0,0,0,0,-9,4,-10,3,-10,3,-11,2,-12,2,-12,2,-13,1,-12,1,-13,0,-13,0,-13,-1,-13,0,-13,0,-13,-1,-13,0,-13,0,-13,1,-13,2,-13,2,-14,2,-14,3,-15,3,-15,4,-15,4,-15,4,-15,4]
[0;33mW (75132) TAG: AP channel is 0 (not ready). Skip this round.[0m
csi_data,[0,0,-16,-4,-15,-4,-16,-4,-15,-4,-15,-4,-15,-3,-15,-3,-14,-2,-14,-2,-13,-1,-14,-1,-13,0,-14,1,-14,1,-14,1,-14,1,-14,1,-15,0,-14,-1,-14,-1,-13,-2,-13,-2,-12,-2,-12,-3,-12,-3,-11,-4,0,0,0,0,0,0,0,0,0,0,0,0,0,0,0,0,0,0,0,0,0,0,-10,-2,-10,-2,-10,-3,-11,-3,-11,-4,-12,-5,-11,-6,-11,-6,-12,-7,-11,-6,-12,-7,-11,-7,-11,-7,-11,-7,-12,-7,-11,-6,-12,-6,-12,-5,-13,-5,-13,-5,-13,-5,-14,-4,-14,-4,-15,-4,-15,-4,-16,-4]
[0;33mW (76132) TAG: AP channel is 0 (not ready). Skip this round.[0m
csi_data,[0,0,8,13,8,13,8,12,8,12,8,11,8,11,8,10,8,10,8,9,9,9,9,9,9,8,10,8,10,8,10,8,10,8,10,8,10,9,10,9,9,9,9,9,7,9,7,9,6,9,6,9,5,9,0,0,0,0,0,0,0,0,0,0,0,0,0,0,0,0,0,0,0,0,0,0,6,7,6,7,5,8,5,9,5,9,5,10,4,11,4,11,4,11,3,11,3,12,3,12,3,11,3,11,3,11,4,11,4,11,5,11,5,11,6,11,6,11,7,12,7,12,8,12,8,12,8,13]
[0;33mW (77132) TAG: AP channel is 0 (not ready). Skip this round.[0m
csi_data,[0,0,-16,-1,-16,-1,-16,-1,-15,-1,-16,-1,-15,0,-15,0,-15,0,-14,1,-14,1,-14,2,-14,2,-13,2,-14,3,-14,3,-14,3,-14,3,-14,2,-14,2,-14,1,-14,1,-13,0,-13,0,-13,-1,-12,-2,-11,-3,0,0,0,0,0,0,0,0,0,0,0,0,0,0,0,0,0,0,0,0,0,0,-10,0,-11,0,-11,-1,-12,-2,-12,-2,-12,-3,-12,-4,-13,-4,-13,-5,-12,-5,-13,-5,-12,-5,-12,-5,-13,-5,-13,-5,-13,-4,-13,-4,-13,-3,-14,-3,-14,-2,-14,-2,-15,-2,-15,-2,-16,-2,-16,-2,-16,-2]
[0;33mW (78132) TAG: AP channel is 0 (not ready). Skip this round.[0m
csi_data,[0,0,8,-13,8,-13,8,-13,8,-13,8,-13,7,-13,7,-13,6,-12,5,-13,4,-12,4,-13,4,-13,4,-13,4,-13,3,-13,4,-13,4,-14,4,-13,5,-13,5,-13,5,-12,6,-11,6,-11,6,-10,6,-9,7,-8,0,0,0,0,0,0,0,0,0,0,0,0,0,0,0,0,0,0,0,0,0,0,3,-9,4,-9,5,-9,6,-9,6,-10,7,-10,8,-9,8,-9,9,-9,9,-9,9,-9,9,-8,9,-9,9,-9,9,-9,8,-9,8,-9,8,-10,8,-11,8,-11,8,-11,8,-12,8,-12,8,-13,8,-13,8,-13]
[0;33mW (79132) TAG: AP channel is 0 (not ready). Skip this round.[0m
csi_data,[0,0,-9,13,-9,12,-9,13,-8,12,-8,12,-7,12,-7,12,-6,12,-6,12,-5,12,-5,12,-4,12,-4,12,-4,13,-4,12,-4,13,-4,13,-4,12,-5,12,-5,12,-6,11,-6,11,-6,10,-7,9,-7,9,-7,8,0,0,0,0,0,0,0,0,0,0,0,0,0,0,0,0,0,0,0,0,0,0,-5,8,-5,8,-6,8,-7,9,-7,8,-8,8,-9,9,-9,9,-10,8,-10,8,-10,8,-10,8,-10,8,-10,8,-10,8,-10,8,-9,9,-9,9,-9,10,-8,10,-9,11,-9,11,-8,11,-9,12,-9,13,-9,12]
[0;33mW (80132) TAG: AP channel is 0 (not ready). Skip this round.[0m
[0;32mI (80442) wifi:starting SA query procedure with AP(24:ec:4a:03:58:5d)[0m
[0;32mI (80442) wifi:Send SA Query req with transaction id fae3[0m
csi_data,[0,0,4,14,4,14,4,14,4,13,4,13,4,13,5,12,5,12,5,12,6,11,6,11,6,11,7,11,7,11,7,11,7,11,7,11,7,11,6,11,6,11,5,12,4,11,3,11,3,11,2,11,1,11,0,0,0,0,0,0,0,0,0,0,0,0,0,0,0,0,0,0,0,0,0,0,4,8,3,8,3,9,3,10,2,10,2,11,2,11,1,11,1,12,0,12,0,12,0,12,0,12,0,12,0,12,1,12,1,12,1,12,2,12,2,12,3,13,3,13,4,13,4,14,4,14,4,14]
[0;32mI (80642) wifi:Send SA Query req with transaction id fae4[0m
[0;32mI (80842) wifi:Send SA Query req with transaction id fae5[0m
[0;32mI (81042) wifi:Send SA Query req with transaction id fae6[0m
[0;33mW (81132) TAG: AP channel is 0 (not ready). Skip this round.[0m
[0;32mI (81242) wifi:Send SA Query req with transaction id fae7[0m
[0;32mI (81442) wifi:Send SA Query req with transaction id fae8[0m
csi_data,[0,0,7,-14,7,-15,6,-14,6,-14,6,-14,5,-14,5,-13,4,-13,4,-13,3,-13,3,-13,3,-13,2,-14,2,-14,2,-14,2,-14,2,-14,3,-14,3,-13,4,-13,4,-13,5,-12,5,-11,5,-11,6,-10,6,-9,0,0,0,0,0,0,0,0,0,0,0,0,0,0,0,0,0,0,0,0,0,0,2,-10,3,-10,3,-10,4,-11,5,-11,6,-11,6,-11,7,-11,7,-10,8,-10,8,-10,8,-10,8,-10,8,-10,7,-10,7,-10,7,-11,6,-11,7,-12,7,-12,6,-13,7,-13,6,-13,6,-14,7,-14,6,-15]
[0;32mI (81462) wifi:No response to 6 SA Queries, reset connection sending disassoc[0m
[0;32mI (81462) wifi:state: run -> init (0xd100)[0m
[0;32mI (81472) wifi:pm stop, total sleep time: 0 us / 79338468 us[0m

[0;32mI (81472) wifi:new:<1,0>, old:<1,0>, ap:<255,255>, sta:<1,0>, prof:1, snd_ch_cfg:0x0[0m
[0;32mI (81482) wifi:new:<1,0>, old:<1,0>, ap:<255,255>, sta:<1,0>, prof:1, snd_ch_cfg:0x0[0m
[0;32mI (81482) wifi:state: init -> auth (0xb0)[0m
[0;32mI (81482) wifi:state: auth -> assoc (0x0)[0m
[0;32mI (81492) wifi:state: assoc -> run (0x10)[0m
[0;32mI (81512) wifi:connected with FTM, aid = 1, channel 1, BW20, bssid = 24:ec:4a:03:58:5d[0m
[0;32mI (81512) wifi:security: WPA2-PSK, phy: bgn, rssi: -63[0m
[0;32mI (81512) wifi:pm start, type: 0[0m

[0;32mI (81512) wifi:set rx beacon pti, rx_bcn_pti: 0, bcn_timeout: 25000, mt_pti: 0, mt_time: 10000[0m
[0;32mI (81592) wifi:AP's beacon interval = 102400 us, DTIM period = 1[0m
[0;33mW (82132) TAG: AP channel is 0 (not ready). Skip this round.[0m
csi_data,[0,0,13,-9,12,-10,12,-9,12,-9,12,-9,11,-9,10,-10,10,-10,9,-10,9,-10,9,-11,8,-11,8,-11,8,-11,8,-11,8,-11,9,-11,9,-11,9,-11,9,-10,9,-10,10,-9,10,-8,9,-7,9,-6,9,-6,0,0,0,0,0,0,0,0,0,0,0,0,0,0,0,0,0,0,0,0,0,0,6,-7,7,-7,8,-7,9,-6,10,-6,10,-6,11,-6,11,-5,11,-5,12,-5,12,-5,12,-4,12,-5,12,-4,11,-5,12,-6,11,-5,11,-6,11,-7,12,-7,12,-8,12,-8,12,-9,13,-9,13,-9,13,-9]
[0;32mI (82532) esp_netif_handlers: sta ip: 192.168.4.2, mask: 255.255.255.0, gw: 192.168.4.1[0m
[0;33mW (83132) TAG: AP channel is 0 (not ready). Skip this round.[0m
csi_data,[0,0,-14,-9,-14,-9,-14,-8,-13,-8,-13,-8,-13,-8,-13,-7,-13,-6,-13,-6,-13,-5,-13,-5,-13,-4,-13,-4,-14,-4,-14,-4,-14,-4,-14,-4,-14,-5,-14,-6,-13,-6,-13,-6,-12,-7,-11,-6,-10,-7,-10,-7,-9,-7,0,0,0,0,0,0,0,0,0,0,0,0,0,0,0,0,0,0,0,0,0,0,-9,-4,-10,-5,-9,-5,-10,-6,-10,-7,-10,-8,-10,-9,-10,-9,-9,-10,-9,-9,-10,-10,-9,-10,-9,-10,-9,-9,-9,-10,-10,-9,-10,-10,-10,-9,-11,-9,-11,-9,-12,-9,-12,-9,-13,-8,-14,-8,-14,-8,-14,-9]
[0;33mW (84132) TAG: AP channel is 0 (not ready). Skip this round.[0m
csi_data,[0,0,-6,-15,-5,-15,-5,-15,-5,-15,-6,-15,-6,-13,-6,-14,-7,-13,-7,-13,-7,-12,-8,-12,-8,-11,-8,-11,-9,-11,-8,-11,-9,-12,-9,-12,-9,-12,-8,-12,-8,-12,-7,-13,-6,-12,-5,-11,-5,-12,-4,-12,-3,-12,0,0,0,0,0,0,0,0,0,0,0,0,0,0,0,0,0,0,0,0,0,0,-4,-9,-4,-10,-3,-10,-3,-11,-3,-11,-3,-12,-2,-12,-2,-13,-1,-13,0,-13,-1,-13,-1,-13,-1,-13,-1,-13,-1,-13,-1,-13,-2,-13,-3,-13,-3,-14,-4,-13,-4,-14,-4,-14,-5,-14,-5,-15,-5,-15,-6,-15]
[0;33mW (85132) TAG: AP channel is 0 (not ready). Skip this round.[0m
csi_data,[0,0,-6,-15,-6,-15,-6,-14,-6,-14,-6,-14,-7,-13,-7,-13,-7,-12,-7,-12,-8,-12,-8,-12,-8,-11,-8,-11,-9,-11,-9,-11,-9,-11,-9,-11,-9,-11,-9,-12,-8,-12,-7,-12,-6,-12,-5,-11,-5,-11,-4,-11,-3,-11,0,0,0,0,0,0,0,0,0,0,0,0,0,0,0,0,0,0,0,0,0,0,-5,-8,-5,-9,-4,-10,-3,-10,-3,-11,-3,-12,-3,-12,-2,-12,-2,-13,-1,-13,-1,-13,-1,-13,-1,-13,-1,-13,-2,-13,-3,-13,-3,-13,-3,-13,-3,-13,-4,-13,-5,-13,-5,-14,-5,-14,-5,-14,-5,-14,-6,-15]
[0;33mW (86132) TAG: AP channel is 0 (not ready). Skip this round.[0m
csi_data,[0,0,-16,2,-16,2,-16,2,-15,2,-16,2,-15,2,-15,3,-14,3,-14,4,-13,4,-13,5,-13,5,-13,6,-13,6,-13,6,-13,6,-13,6,-13,5,-14,5,-13,4,-13,4,-13,3,-12,3,-12,2,-12,1,-12,0,0,0,0,0,0,0,0,0,0,0,0,0,0,0,0,0,0,0,0,0,0,0,-10,2,-11,1,-11,1,-11,0,-12,0,-13,-1,-13,-2,-13,-2,-13,-2,-13,-2,-14,-2,-14,-3,-13,-2,-13,-2,-13,-2,-13,-2,-14,-1,-13,-1,-14,0,-15,0,-15,0,-15,1,-15,1,-16,2,-16,2,-16,2]
[0;33mW (87132) TAG: AP channel is 0 (not ready). Skip this round.[0m
csi_data,[0,0,9,12,8,12,8,12,9,12,8,11,8,10,9,10,9,10,9,9,9,8,10,8,10,7,10,7,10,7,11,8,11,8,10,8,10,8,10,9,9,9,9,9,8,9,7,9,6,9,6,9,5,9,0,0,0,0,0,0,0,0,0,0,0,0,0,0,0,0,0,0,0,0,0,0,6,6,6,7,6,8,5,8,5,9,5,10,5,11,4,11,4,11,4,11,4,11,4,11,4,11,4,11,4,11,4,11,5,11,5,11,6,11,6,11,7,11,7,11,8,12,8,12,8,12,9,12]
[0;33mW (88132) TAG: AP channel is 0 (not ready). Skip this round.[0m
csi_data,[0,0,7,14,7,13,7,13,7,12,8,12,7,11,7,11,8,10,8,10,9,9,9,9,9,8,9,8,9,9,10,9,10,9,9,9,10,9,9,10,8,10,8,10,7,10,6,10,6,10,5,10,4,10,0,0,0,0,0,0,0,0,0,0,0,0,0,0,0,0,0,0,0,0,0,0,6,7,6,7,5,8,5,9,5,10,4,10,4,11,4,11,3,12,3,12,3,12,3,12,3,12,3,12,3,12,4,12,4,12,4,12,5,12,5,12,6,12,6,12,7,12,7,12,8,13,8,13]
[0;33mW (89132) TAG: AP channel is 0 (not ready). Skip this round.[0m
csi_data,[0,0,10,11,10,11,10,11,10,10,10,10,10,9,10,9,10,8,10,7,11,7,11,7,11,6,11,6,11,6,12,6,12,6,11,6,11,6,11,7,10,7,10,7,9,7,8,7,8,8,7,8,6,8,0,0,0,0,0,0,0,0,0,0,0,0,0,0,0,0,0,0,0,0,0,0,7,6,7,6,7,7,7,7,6,8,6,9,6,10,6,10,5,10,5,11,5,11,5,11,5,11,5,11,6,10,6,10,6,10,7,10,7,10,8,10,8,10,9,10,10,10,10,10,10,11,11,11]
[0;33mW (90132) TAG: AP channel is 0 (not ready). Skip this round.[0m
csi_data,[0,0,15,2,14,1,15,1,14,2,14,1,14,1,13,0,13,0,13,0,13,-1,13,-1,13,-2,12,-2,13,-2,13,-2,13,-2,13,-2,13,-2,13,-1,13,-1,13,0,12,0,12,1,11,1,11,2,10,3,0,0,0,0,0,0,0,0,0,0,0,0,0,0,0,0,0,0,0,0,0,0,9,-1,9,0,10,0,10,1,10,1,11,2,11,3,11,3,12,4,11,4,11,4,11,5,11,4,11,4,12,4,11,4,12,4,12,3,12,3,12,2,13,2,14,2,14,2,14,2,15,2,15,2]
[0;33mW (91132) TAG: AP channel is 0 (not ready). Skip this round.[0m
csi_data,[0,0,6,14,6,13,6,13,6,13,6,12,6,12,6,11,6,11,7,11,7,10,8,10,8,10,8,9,9,10,8,10,9,10,8,10,8,10,8,10,7,11,6,11,5,10,5,10,4,10,3,10,3,10,0,0,0,0,0,0,0,0,0,0,0,0,0,0,0,0,0,0,0,0,0,0,5,7,5,8,4,9,4,9,4,10,4,11,3,11,2,11,2,12,2,12,2,12,2,12,2,12,2,12,2,12,3,12,3,12,3,12,3,12,4,12,4,12,5,13,5,13,6,13,6,13,6,14]
[0;33mW (92132) TAG: AP channel is 0 (not ready). Skip this round.[0m
csi_data,[0,0,-9,-14,-9,-13,-9,-14,-9,-13,-9,-13,-9,-12,-9,-12,-9,-11,-9,-11,-10,-10,-10,-10,-10,-10,-11,-9,-11,-10,-11,-9,-11,-10,-11,-10,-11,-10,-11,-10,-10,-10,-9,-11,-9,-10,-7,-11,-7,-11,-6,-11,-5,-11,0,0,0,0,0,0,0,0,0,0,0,0,0,0,0,0,0,0,0,0,0,0,-7,-7,-7,-9,-6,-9,-6,-10,-6,-10,-6,-11,-6,-12,-5,-12,-5,-13,-4,-12,-4,-13,-4,-13,-4,-13,-4,-13,-5,-13,-5,-12,-6,-13,-6,-12,-6,-13,-7,-12,-7,-12,-8,-13,-8,-13,-8,-13,-9,-14,-9,-14]
[0;33mW (93132) TAG: AP channel is 0 (not ready). Skip this round.[0m
csi_data,[0,0,8,-14,8,-14,7,-14,7,-14,7,-14,7,-13,6,-13,6,-13,5,-13,4,-13,3,-13,3,-13,2,-14,2,-14,2,-13,2,-14,3,-14,3,-14,4,-13,4,-13,4,-13,5,-12,5,-12,5,-11,5,-10,6,-9,0,0,0,0,0,0,0,0,0,0,0,0,0,0,0,0,0,0,0,0,0,0,3,-9,5,-9,6,-9,6,-9,7,-9,8,-9,8,-9,9,-9,9,-9,9,-8,9,-9,9,-9,9,-9,9,-9,9,-9,8,-9,8,-10,8,-10,8,-11,8,-11,8,-12,8,-12,8,-13,8,-14,8,-14,8,-14]
[0;33mW (94132) TAG: AP channel is 0 (not ready). Skip this round.[0m
csi_data,[0,0,-16,3,-16,3,-15,4,-15,3,-15,3,-14,4,-13,4,-13,5,-12,5,-12,5,-13,5,-12,6,-12,6,-12,6,-12,7,-12,7,-12,7,-12,6,-12,6,-12,5,-12,4,-12,4,-12,3,-12,3,-11,2,-11,1,0,0,0,0,0,0,0,0,0,0,0,0,0,0,0,0,0,0,0,0,0,0,-9,3,-10,3,-10,2,-11,2,-12,1,-12,1,-13,0,-13,0,-13,-1,-13,-1,-13,-1,-13,-2,-13,-1,-13,-1,-13,-1,-13,0,-13,0,-13,1,-14,1,-14,2,-14,2,-14,3,-15,3,-15,3,-15,3,-15,3]
[0;33mW (95132) TAG: AP channel is 0 (not ready). Skip this round.[0m
csi_data,[0,0,6,13,7,13,6,13,7,13,7,12,7,12,7,11,7,11,7,10,8,9,9,9,8,9,9,9,9,8,9,9,9,9,9,9,9,9,9,10,8,10,8,10,7,9,6,10,5,9,5,9,4,9,0,0,0,0,0,0,0,0,0,0,0,0,0,0,0,0,0,0,0,0,0,0,5,7,4,8,4,9,3,9,4,10,3,10,3,11,2,12,2,12,2,12,2,12,2,12,2,12,2,12,2,11,2,12,3,12,3,12,4,12,4,12,5,12,5,12,6,13,6,13,7,13,7,13]
[0;33mW (96132) TAG: AP channel is 0 (not ready). Skip this round.[0m
csi_data,[0,0,7,14,7,13,7,13,7,13,7,12,7,12,7,11,8,11,8,10,8,10,9,10,9,9,9,9,9,9,10,9,10,9,10,10,9,10,9,10,8,10,8,10,7,10,6,10,5,10,5,10,4,10,0,0,0,0,0,0,0,0,0,0,0,0,0,0,0,0,0,0,0,0,0,0,5,7,5,8,5,8,4,9,4,10,4,11,4,11,3,12,3,12,2,12,2,12,2,12,2,12,2,12,3,12,3,12,4,12,4,12,4,12,5,12,6,12,6,12,7,13,7,13,7,14,7,14]
[0;33mW (97132) TAG: AP channel is 0 (not ready). Skip this round.[0m
csi_data,[0,0,-15,-8,-14,-8,-14,-8,-13,-8,-13,-8,-13,-7,-13,-6,-13,-6,-13,-5,-13,-4,-13,-4,-14,-4,-14,-3,-14,-3,-14,-3,-14,-3,-14,-3,-14,-4,-14,-4,-13,-4,-13,-5,-12,-5,-11,-5,-11,-6,-10,-6,-10,-7,0,0,0,0,0,0,0,0,0,0,0,0,0,0,0,0,0,0,0,0,0,0,-9,-5,-9,-5,-9,-6,-9,-7,-9,-7,-10,-8,-10,-8,-10,-9,-10,-10,-9,-10,-9,-10,-9,-10,-9,-10,-9,-10,-10,-10,-10,-9,-10,-9,-10,-9,-11,-9,-12,-8,-12,-8,-13,-8,-13,-8,-14,-8,-14,-8,-14,-9]
[0;33mW (98132) TAG: AP channel is 0 (not ready). Skip this round.[0m
csi_data,[0,0,12,9,12,9,11,9,12,8,11,8,11,7,11,7,11,7,11,6,11,5,12,5,11,5,12,4,12,4,12,4,12,5,12,4,12,5,12,5,11,6,11,6,10,6,9,6,8,6,8,7,7,7,0,0,0,0,0,0,0,0,0,0,0,0,0,0,0,0,0,0,0,0,0,0,8,4,8,4,8,5,8,6,8,7,8,8,8,9,8,9,8,9,7,9,7,10,7,10,7,10,7,10,7,9,8,9,8,9,8,9,9,9,10,8,10,8,11,9,11,9,11,9,12,9,12,9]
[0;33mW (99132) TAG: AP channel is 0 (not ready). Skip this round.[0m
csi_data,[0,0,7,-14,7,-14,7,-14,6,-14,7,-14,6,-14,5,-14,5,-13,4,-13,4,-13,3,-13,3,-14,2,-14,2,-14,2,-14,2,-14,3,-14,3,-14,3,-14,4,-13,4,-13,5,-12,5,-12,5,-11,5,-10,6,-9,0,0,0,0,0,0,0,0,0,0,0,0,0,0,0,0,0,0,0,0,0,0,3,-10,3,-10,4,-10,5,-10,6,-10,6,-10,7,-10,8,-10,8,-10,8,-10,9,-10,9,-10,9,-10,9,-10,8,-10,8,-10,8,-10,7,-11,7,-11,7,-12,7,-13,7,-13,7,-13,7,-14,7,-14,7,-15]
[0;33mW (100132) TAG: AP channel is 0 (not ready). Skip this round.[0m
csi_data,[0,0,-16,0,-16,0,-16,1,-16,1,-15,1,-15,2,-14,1,-14,2,-13,2,-14,3,-13,3,-13,3,-13,4,-13,4,-13,5,-13,4,-14,5,-13,4,-13,3,-13,3,-13,2,-13,2,-13,1,-12,1,-11,0,-11,-1,0,0,0,0,0,0,0,0,0,0,0,0,0,0,0,0,0,0,0,0,0,0,-10,1,-10,1,-11,0,-11,0,-12,-1,-12,-2,-12,-2,-12,-3,-13,-3,-13,-4,-13,-4,-13,-4,-13,-4,-13,-3,-12,-3,-13,-3,-13,-3,-14,-2,-14,-2,-14,-1,-14,0,-15,0,-15,0,-15,0,-16,0,-16,0]
[0;33mW (101132) TAG: AP channel is 0 (not ready). Skip this round.[0m
csi_data,[0,0,-12,-12,-12,-11,-12,-11,-11,-11,-11,-10,-11,-10,-12,-9,-12,-9,-12,-9,-11,-8,-12,-7,-12,-7,-12,-7,-13,-6,-13,-7,-13,-7,-13,-7,-13,-7,-13,-7,-12,-8,-12,-8,-10,-8,-10,-8,-9,-9,-9,-8,-8,-9,0,0,0,0,0,0,0,0,0,0,0,0,0,0,0,0,0,0,0,0,0,0,-8,-6,-8,-7,-8,-8,-8,-8,-8,-9,-8,-10,-8,-11,-8,-11,-8,-12,-7,-11,-7,-12,-7,-12,-7,-12,-7,-12,-7,-12,-8,-11,-8,-11,-8,-11,-9,-11,-10,-11,-10,-11,-11,-11,-11,-11,-11,-11,-12,-11,-12,-12]
[0;33mW (102132) TAG: AP channel is 0 (not ready). Skip this round.[0m
csi_data,[0,0,-3,-15,-4,-16,-3,-15,-4,-15,-4,-15,-4,-14,-4,-14,-4,-14,-5,-13,-5,-13,-6,-13,-6,-12,-7,-12,-6,-12,-7,-13,-7,-13,-6,-13,-6,-13,-6,-13,-5,-13,-5,-13,-4,-13,-3,-12,-3,-12,-2,-12,-1,-12,0,0,0,0,0,0,0,0,0,0,0,0,0,0,0,0,0,0,0,0,0,0,-4,-9,-4,-10,-3,-11,-3,-11,-2,-12,-2,-12,-1,-13,-1,-13,0,-13,0,-13,0,-13,0,-13,0,-13,0,-13,0,-13,-1,-13,-1,-13,-1,-14,-2,-13,-2,-14,-2,-14,-3,-15,-3,-15,-4,-15,-4,-15,-4,-15]
[0;33mW (103132) TAG: AP channel is 0 (not ready). Skip this round.[0m
csi_data,[0,0,10,-13,9,-13,9,-13,9,-12,9,-12,8,-12,7,-12,7,-12,6,-12,5,-12,5,-13,4,-13,4,-13,4,-14,4,-13,4,-14,5,-13,5,-13,5,-13,6,-12,6,-12,6,-11,6,-11,6,-10,6,-9,7,-9,0,0,0,0,0,0,0,0,0,0,0,0,0,0,0,0,0,0,0,0,0,0,4,-9,5,-9,5,-9,7,-9,7,-9,8,-9,9,-9,9,-8,10,-8,10,-8,10,-8,10,-8,10,-8,10,-8,10,-9,9,-9,9,-9,9,-9,9,-10,9,-11,9,-11,9,-12,9,-12,9,-13,9,-13,9,-13]
[0;33mW (104132) TAG: AP channel is 0 (not ready). Skip this round.[0m
csi_data,[0,0,15,-4,15,-4,15,-4,14,-4,14,-4,13,-4,13,-5,13,-5,12,-5,11,-6,11,-6,11,-7,11,-7,11,-8,11,-7,12,-8,11,-7,12,-7,12,-7,12,-6,12,-6,11,-5,11,-4,11,-3,10,-3,10,-2,0,0,0,0,0,0,0,0,0,0,0,0,0,0,0,0,0,0,0,0,0,0,9,-3,9,-3,10,-3,11,-2,11,-2,12,-1,12,-1,12,0,12,0,12,1,13,1,12,1,12,1,13,1,13,0,12,0,13,0,12,-1,13,-2,14,-2,13,-3,14,-3,14,-3,15,-4,15,-4,15,-3]
[0;33mW (105132) TAG: AP channel is 0 (not ready). Skip this round.[0m
csi_data,[0,0,14,7,13,7,13,6,13,6,13,6,12,5,13,5,13,4,12,4,12,3,13,3,12,2,12,1,13,2,13,2,13,2,13,2,13,2,13,3,12,4,12,4,11,4,10,4,10,4,9,5,9,5,0,0,0,0,0,0,0,0,0,0,0,0,0,0,0,0,0,0,0,0,0,0,9,2,9,3,9,4,9,4,10,5,10,6,10,7,10,7,10,8,9,8,9,8,10,8,9,8,10,8,10,8,10,8,10,8,10,7,11,7,11,6,12,7,12,6,13,7,14,6,14,6,14,6]
[0;33mW (106132) TAG: AP channel is 0 (not ready). Skip this round.[0m
csi_data,[0,0,10,11,10,11,9,11,10,11,9,10,9,10,9,9,10,8,10,8,10,7,10,7,10,6,11,6,11,6,11,6,11,6,11,6,11,7,11,7,10,7,10,7,9,8,8,8,7,8,7,8,6,8,0,0,0,0,0,0,0,0,0,0,0,0,0,0,0,0,0,0,0,0,0,0,7,6,7,6,7,7,6,8,7,8,7,9,6,10,6,11,6,11,5,11,5,12,5,12,5,11,5,11,5,11,6,11,6,10,7,10,7,11,8,10,8,11,9,11,9,11,9,11,10,11,10,11]
[0;33mW (107132) TAG: AP channel is 0 (not ready). Skip this round.[0m
csi_data,[0,0,15,-6,14,-7,14,-7,13,-6,13,-7,13,-7,12,-7,12,-7,11,-7,10,-8,10,-9,10,-9,10,-9,10,-9,10,-9,10,-10,10,-9,10,-9,11,-8,10,-8,10,-7,11,-6,10,-6,10,-5,10,-4,10,-3,0,0,0,0,0,0,0,0,0,0,0,0,0,0,0,0,0,0,0,0,0,0,7,-6,8,-6,9,-5,10,-5,10,-5,11,-4,11,-4,12,-3,12,-3,13,-3,13,-2,13,-2,12,-3,12,-3,12,-3,12,-3,12,-3,12,-4,12,-5,13,-5,13,-5,13,-6,13,-6,14,-7,14,-7,14,-7]
[0;33mW (108132) TAG: AP channel is 0 (not ready). Skip this round.[0m
csi_data,[0,0,-4,-16,-4,-16,-4,-15,-4,-15,-4,-14,-4,-14,-5,-14,-5,-13,-5,-13,-6,-12,-6,-12,-7,-12,-7,-12,-7,-12,-8,-12,-7,-12,-7,-13,-7,-12,-7,-13,-6,-13,-6,-12,-5,-12,-4,-12,-4,-12,-3,-11,-2,-11,0,0,0,0,0,0,0,0,0,0,0,0,0,0,0,0,0,0,0,0,0,0,-4,-9,-4,-10,-3,-11,-2,-11,-2,-12,-2,-12,-1,-13,-1,-13,0,-13,0,-13,0,-14,0,-13,0,-13,0,-13,0,-13,-1,-13,-1,-13,-2,-14,-2,-14,-3,-14,-3,-14,-3,-15,-4,-15,-4,-15,-4,-16,-4,-16]
[0;33mW (109132) TAG: AP channel is 0 (not ready). Skip this round.[0m
csi_data,[0,0,-10,-12,-10,-12,-10,-12,-10,-12,-10,-11,-10,-11,-10,-10,-10,-10,-10,-9,-11,-8,-11,-8,-11,-8,-11,-7,-12,-7,-12,-7,-12,-8,-12,-8,-12,-8,-11,-9,-11,-9,-10,-9,-9,-9,-8,-9,-8,-9,-7,-9,-7,-10,0,0,0,0,0,0,0,0,0,0,0,0,0,0,0,0,0,0,0,0,0,0,-7,-7,-7,-8,-7,-8,-7,-9,-7,-10,-7,-11,-6,-11,-6,-12,-6,-12,-6,-12,-5,-12,-5,-12,-5,-12,-5,-12,-6,-12,-6,-11,-7,-12,-7,-11,-7,-12,-8,-12,-8,-11,-9,-12,-9,-12,-10,-12,-10,-12,-11,-13]
[0;33mW (110132) TAG: AP channel is 0 (not ready). Skip this round.[0m
csi_data,[0,0,-16,-1,-16,-1,-16,-1,-15,-1,-16,-1,-15,0,-14,0,-14,1,-14,1,-13,2,-13,2,-13,2,-13,2,-13,3,-13,3,-14,3,-13,3,-14,3,-13,2,-14,1,-13,1,-13,0,-12,0,-12,0,-11,-1,-11,-2,0,0,0,0,0,0,0,0,0,0,0,0,0,0,0,0,0,0,0,0,0,0,-10,0,-11,-1,-11,-1,-11,-2,-11,-2,-12,-3,-12,-3,-12,-4,-13,-4,-12,-5,-13,-5,-12,-5,-12,-5,-12,-5,-13,-4,-13,-5,-13,-4,-13,-3,-14,-3,-14,-2,-14,-2,-15,-2,-15,-2,-16,-1,-16,-1,-16,-1]
[0;33mW (111132) TAG: AP channel is 0 (not ready). Skip this round.[0m
csi_data,[0,0,15,3,15,3,15,2,14,3,14,2,14,2,14,2,13,1,13,1,12,0,13,-1,13,-1,13,-2,13,-2,13,-2,13,-2,13,-1,13,-1,13,-1,13,0,12,0,12,1,11,2,11,2,10,2,10,3,0,0,0,0,0,0,0,0,0,0,0,0,0,0,0,0,0,0,0,0,0,0,10,0,10,0,10,1,11,2,11,2,11,3,12,4,11,4,12,5,11,5,11,5,11,6,11,6,12,5,11,5,11,5,12,4,12,4,13,4,13,3,13,3,14,3,14,3,15,3,15,2,16,3]
[0;33mW (112132) TAG: AP channel is 0 (not ready). Skip this round.[0m
csi_data,[0,0,-6,-15,-6,-15,-6,-15,-6,-14,-6,-14,-6,-14,-7,-13,-7,-13,-7,-12,-8,-12,-8,-12,-8,-11,-8,-11,-9,-11,-9,-11,-9,-11,-9,-11,-9,-12,-8,-12,-8,-12,-7,-12,-6,-12,-5,-11,-5,-11,-4,-11,-3,-11,0,0,0,0,0,0,0,0,0,0,0,0,0,0,0,0,0,0,0,0,0,0,-5,-9,-4,-10,-4,-10,-3,-11,-3,-11,-3,-12,-2,-13,-2,-13,-2,-13,-1,-13,-1,-13,-1,-13,-1,-13,-1,-13,-2,-13,-2,-13,-3,-13,-3,-13,-3,-14,-4,-14,-4,-14,-5,-14,-5,-15,-5,-15,-6,-15,-5,-15]
[0;33mW (113132) TAG: AP channel is 0 (not ready). Skip this round.[0m
csi_data,[0,0,12,-9,12,-9,12,-9,12,-9,11,-9,11,-9,10,-10,10,-10,9,-10,8,-10,8,-10,8,-11,7,-11,7,-11,7,-11,8,-11,8,-11,8,-11,8,-11,8,-10,9,-10,9,-9,8,-8,9,-7,9,-6,9,-6,0,0,0,0,0,0,0,0,0,0,0,0,0,0,0,0,0,0,0,0,0,0,6,-7,7,-7,8,-7,9,-7,9,-6,10,-6,11,-6,11,-5,11,-5,11,-5,12,-5,12,-5,12,-5,11,-5,11,-5,11,-5,11,-6,11,-6,11,-7,11,-8,11,-8,12,-9,11,-8,12,-9,12,-9,12,-9]
[0;33mW (114132) TAG: AP channel is 0 (not ready). Skip this round.[0m
csi_data,[0,0,3,-16,3,-16,3,-16,3,-15,2,-15,2,-15,2,-14,1,-14,0,-14,0,-13,-1,-14,-1,-13,-1,-14,-2,-14,-2,-14,-2,-14,-2,-14,-1,-14,-1,-14,0,-13,0,-13,1,-13,1,-12,2,-12,2,-11,3,-11,0,0,0,0,0,0,0,0,0,0,0,0,0,0,0,0,0,0,0,0,0,0,0,-10,1,-11,1,-11,2,-12,3,-11,3,-12,4,-12,5,-12,5,-12,6,-12,5,-12,6,-12,5,-12,6,-12,5,-12,5,-12,5,-13,4,-13,4,-13,4,-14,3,-14,3,-15,3,-14,3,-15,3,-16,3,-16]
[0;33mW (115132) TAG: AP channel is 0 (not ready). Skip this round.[0m
csi_data,[0,0,15,3,15,2,15,2,14,2,14,2,14,2,13,1,13,1,13,1,12,-1,13,-1,12,-1,12,-2,13,-2,13,-2,13,-2,13,-2,13,-2,13,-1,13,0,13,0,12,1,11,1,11,1,10,2,10,3,0,0,0,0,0,0,0,0,0,0,0,0,0,0,0,0,0,0,0,0,0,0,9,0,10,0,10,1,10,2,11,2,11,3,12,4,11,4,11,5,11,5,11,5,11,6,11,5,11,5,11,5,11,5,12,4,12,4,12,3,13,3,13,3,14,3,14,2,15,2,15,2,15,2]
[0;33mW (116132) TAG: AP channel is 0 (not ready). Skip this round.[0m
csi_data,[0,0,11,-11,11,-11,10,-11,10,-11,10,-11,9,-11,8,-11,8,-11,7,-11,7,-11,6,-11,6,-11,6,-12,6,-12,6,-12,6,-12,6,-12,6,-12,7,-12,7,-11,7,-11,7,-10,8,-9,8,-9,8,-8,8,-7,0,0,0,0,0,0,0,0,0,0,0,0,0,0,0,0,0,0,0,0,0,0,5,-8,6,-8,7,-8,8,-8,8,-8,9,-7,10,-7,10,-7,10,-7,11,-6,11,-6,11,-6,11,-6,11,-6,11,-7,10,-7,10,-7,10,-8,10,-8,10,-9,10,-9,10,-10,10,-10,11,-11,11,-11,11,-11]
[0;33mW (117132) TAG: AP channel is 0 (not ready). Skip this round.[0m
csi_data,[0,0,4,14,4,14,4,14,4,14,4,13,4,13,5,12,5,12,6,11,6,11,7,11,6,10,7,10,7,10,7,10,8,10,7,10,7,10,7,11,6,11,6,10,4,10,4,10,3,10,3,10,2,9,0,0,0,0,0,0,0,0,0,0,0,0,0,0,0,0,0,0,0,0,0,0,4,8,3,9,3,9,3,10,2,10,2,11,1,12,1,12,0,12,0,12,0,12,-1,12,-1,12,0,12,0,12,1,12,1,12,2,12,2,13,3,13,3,13,3,13,4,13,4,14,4,14,4,14]
[0;33mW (118132) TAG: AP channel is 0 (not ready). Skip this round.[0m
csi_data,[0,0,15,-5,14,-5,14,-5,13,-5,13,-6,13,-6,12,-6,12,-6,12,-6,11,-7,11,-7,10,-8,10,-8,11,-9,10,-8,11,-9,11,-8,11,-8,11,-8,11,-7,11,-7,11,-6,10,-5,10,-4,10,-3,10,-3,0,0,0,0,0,0,0,0,0,0,0,0,0,0,0,0,0,0,0,0,0,0,8,-5,9,-4,9,-4,10,-4,10,-3,11,-3,12,-2,12,-2,12,-1,12,-1,12,-1,12,0,12,-1,12,-1,13,-1,12,-2,13,-2,12,-3,13,-3,13,-4,13,-4,14,-4,13,-4,14,-5,14,-5,15,-5]
[0;33mW (119132) TAG: AP channel is 0 (not ready). Skip this round.[0m
csi_data,[0,0,-8,-14,-9,-14,-8,-14,-9,-13,-8,-13,-8,-12,-8,-12,-8,-11,-9,-11,-9,-10,-10,-10,-10,-9,-10,-9,-11,-9,-10,-9,-11,-9,-11,-9,-11,-10,-10,-10,-9,-10,-9,-10,-8,-10,-7,-10,-7,-10,-6,-10,-6,-10,0,0,0,0,0,0,0,0,0,0,0,0,0,0,0,0,0,0,0,0,0,0,-6,-8,-6,-9,-5,-10,-6,-10,-5,-11,-5,-12,-5,-12,-4,-12,-4,-13,-4,-13,-4,-13,-4,-13,-4,-13,-3,-13,-4,-13,-4,-12,-5,-13,-5,-12,-5,-13,-6,-13,-6,-13,-7,-13,-8,-13,-8,-13,-9,-14,-9,-14]
[0;33mW (120132) TAG: AP channel is 0 (not ready). Skip this round.[0m
csi_data,[0,0,10,12,9,11,10,11,9,10,9,11,9,10,9,9,9,9,9,8,10,7,10,7,10,7,10,6,11,7,11,6,11,6,11,6,11,7,11,7,10,7,9,8,9,8,8,8,7,8,7,8,6,8,0,0,0,0,0,0,0,0,0,0,0,0,0,0,0,0,0,0,0,0,0,0,6,6,7,7,6,7,6,9,6,9,6,10,5,10,5,11,5,11,4,11,4,12,5,12,4,12,4,12,5,11,5,11,6,11,6,11,7,11,8,11,7,11,8,11,9,11,9,11,10,12,10,12]
[0;33mW (121132) TAG: AP channel is 0 (not ready). Skip this round.[0m
csi_data,[0,0,-7,14,-6,14,-6,14,-6,14,-6,14,-5,13,-5,13,-4,13,-3,12,-2,13,-2,13,-2,13,-2,12,-2,13,-1,13,-1,13,-1,13,-2,13,-2,13,-3,13,-3,12,-4,12,-4,11,-4,11,-5,10,-5,9,0,0,0,0,0,0,0,0,0,0,0,0,0,0,0,0,0,0,0,0,0,0,-2,9,-3,9,-4,9,-5,10,-5,10,-6,10,-7,10,-7,10,-7,10,-8,10,-8,10,-8,10,-8,10,-8,10,-8,10,-8,11,-7,11,-7,11,-7,12,-6,12,-6,13,-6,13,-6,14,-6,14,-6,14,-6,14]
[0;33mW (122132) TAG: AP channel is 0 (not ready). Skip this round.[0m
csi_data,[0,0,3,-15,2,-15,2,-15,2,-15,2,-14,2,-14,1,-14,1,-13,0,-13,-1,-13,-1,-13,-1,-13,-2,-13,-2,-13,-2,-13,-2,-13,-2,-14,-2,-14,-1,-13,0,-13,0,-13,0,-12,1,-12,2,-12,2,-11,3,-10,0,0,0,0,0,0,0,0,0,0,0,0,0,0,0,0,0,0,0,0,0,0,0,-10,0,-10,2,-11,2,-11,2,-11,3,-12,4,-12,4,-12,5,-12,5,-12,5,-12,5,-12,6,-11,5,-12,5,-11,4,-12,4,-12,4,-12,4,-13,3,-13,3,-14,3,-14,3,-15,2,-15,2,-16,3,-16]
[0;33mW (123132) TAG: AP channel is 0 (not ready). Skip this round.[0m
csi_data,[0,0,2,15,1,15,1,14,2,14,2,14,2,14,2,13,3,12,3,12,4,12,4,12,4,11,5,11,5,11,5,12,5,12,5,12,5,12,4,12,4,12,3,12,2,11,2,11,1,11,1,11,0,10,0,0,0,0,0,0,0,0,0,0,0,0,0,0,0,0,0,0,0,0,0,0,3,8,2,9,2,10,1,10,1,11,0,11,0,12,-1,12,-1,12,-2,12,-2,12,-2,12,-2,12,-2,12,-2,12,-1,12,-1,12,0,12,0,13,1,13,1,13,1,14,2,14,1,14,1,15,2,15]
[0;33mW (124132) TAG: AP channel is 0 (not ready). Skip this round.[0m
csi_data,[0,0,5,-15,4,-16,4,-15,4,-15,4,-15,3,-15,3,-14,2,-14,2,-14,1,-14,1,-14,0,-14,0,-14,-1,-14,0,-14,0,-14,0,-15,0,-14,0,-14,1,-14,1,-14,2,-13,3,-13,3,-12,3,-11,4,-10,0,0,0,0,0,0,0,0,0,0,0,0,0,0,0,0,0,0,0,0,0,0,1,-10,1,-10,2,-11,3,-11,4,-12,4,-11,5,-12,6,-11,6,-12,7,-12,7,-11,7,-11,7,-12,6,-11,6,-11,6,-12,5,-12,5,-12,5,-12,5,-13,4,-14,5,-14,4,-15,5,-15,5,-15,4,-16]
[0;33mW (125132) TAG: AP channel is 0 (not ready). Skip this round.[0m
csi_data,[0,0,-12,10,-12,11,-11,10,-12,10,-11,10,-10,10,-10,10,-9,10,-8,10,-8,10,-8,10,-8,10,-7,11,-6,11,-7,12,-6,11,-7,12,-7,11,-7,11,-8,10,-8,10,-8,9,-8,9,-8,8,-8,7,-8,6,0,0,0,0,0,0,0,0,0,0,0,0,0,0,0,0,0,0,0,0,0,0,-7,7,-7,7,-8,7,-9,7,-10,7,-10,6,-11,6,-11,6,-12,6,-13,5,-12,5,-13,5,-13,5,-12,5,-12,5,-12,6,-11,6,-11,7,-12,7,-11,8,-12,8,-12,9,-12,9,-12,10,-13,10,-12,10]
[0;33mW (126132) TAG: AP channel is 0 (not ready). Skip this round.[0m
csi_data,[0,0,6,14,6,13,6,13,6,13,6,13,6,12,6,12,7,11,7,10,8,10,8,10,8,9,8,9,8,9,9,10,9,10,8,10,8,10,8,10,7,10,7,11,5,10,5,10,4,10,4,10,3,10,0,0,0,0,0,0,0,0,0,0,0,0,0,0,0,0,0,0,0,0,0,0,6,7,5,8,5,9,5,9,4,10,4,11,4,12,3,12,3,12,2,12,3,13,2,13,2,12,2,12,3,12,3,12,3,12,4,12,4,12,5,13,5,13,5,13,6,13,6,13,7,14,7,14]
[0;33mW (127132) TAG: AP channel is 0 (not ready). Skip this round.[0m
csi_data,[0,0,5,14,5,14,5,14,5,14,6,13,5,13,6,12,6,12,6,11,7,11,7,11,7,10,8,10,8,10,8,10,9,10,8,11,8,10,8,11,7,11,6,11,5,10,5,11,4,11,3,10,2,10,0,0,0,0,0,0,0,0,0,0,0,0,0,0,0,0,0,0,0,0,0,0,4,8,4,8,4,9,3,10,3,10,3,11,3,12,2,12,2,12,0,12,1,13,0,13,0,12,1,12,1,12,1,12,2,12,3,12,3,12,4,13,4,13,5,13,4,14,5,14,5,14,5,14]
[0;33mW (128132) TAG: AP channel is 0 (not ready). Skip this round.[0m
csi_data,[0,0,1,15,1,14,1,14,2,14,2,14,2,13,2,13,3,12,3,12,4,11,4,11,4,11,5,11,5,11,5,11,6,11,5,11,5,12,4,12,4,11,3,11,2,11,2,10,1,10,1,10,0,9,0,0,0,0,0,0,0,0,0,0,0,0,0,0,0,0,0,0,0,0,0,0,3,9,3,10,2,10,1,11,1,11,0,12,-1,12,-1,12,-2,12,-2,12,-2,13,-2,13,-3,12,-2,12,-2,12,-2,12,-1,13,0,12,-1,13,0,13,0,13,1,14,1,14,1,14,1,15,2,15]
[0;33mW (129132) TAG: AP channel is 0 (not ready). Skip this round.[0m
