[0;32mI (107) esp_image: segment 1: paddr=0002a068 vaddr=3fc99b00 sizeESP-ROM:esp32s3-20210327[0m
Build:Mar 27 2021
rst:0x15 (USB_UART_CHIP_RESET),boot:0x8 (SPI_FAST_FLASH_BOOT)
Saved PC:0x4037ac12
SPIWP:0xee
mode:DIO, clock div:1
load:0x3fce2810,len:0x15a0
load:0x403c8700,len:0x4
load:0x403c8704,len:0xd20
load:0x403cb700,len:0x2ee4
entry 0x403c8928
[0;32mI (26) boot: ESP-IDF v5.4-dirty 2nd stage bootloader[0m
[0;32mI (27) boot: compile time Sep 10 2025 06:38:52[0m
[0;32mI (27) boot: Multicore bootloader[0m
[0;32mI (27) boot: chip revision: v0.2[0m
[0;32mI (30) boot: efuse block revision: v1.3[0m
[0;32mI (34) boot.esp32s3: Boot SPI Speed : 80MHz[0m
[0;32mI (37) boot.esp32s3: SPI Mode       : DIO[0m
[0;32mI (41) boot.esp32s3: SPI Flash Size : 2MB[0m
[0;32mI (45) boot: Enabling RNG early entropy source...[0m
[0;32mI (49) boot: Partition Table:[0m
[0;32mI (52) boot: ## Label            Usage          Type ST Offset   Length[0m
[0;32mI (58) boot:  0 nvs              WiFi data        01 02 00009000 00006000[0m
[0;32mI (65) boot:  1 phy_init         RF data          01 01 0000f000 00001000[0m
[0;32mI (71) boot:  2 factory          factory app      00 00 00010000 00100000[0m
[0;32mI (78) boot: End of partition table[0m
[0;32mI (81) esp_image: segment 0: paddr=00010020 vaddr=3c090020 size=1a040h (106560) map[0m
[0;32mI (107) esp_image: segment 1: paddr=0002a068 vaddr=3fc99b00 size=04968h ( 18792) load[0m
[0;32mI (112) esp_image: segment 2: paddr=0002e9d8 vaddr=40374000 size=01640h (  5696) load[0m
[0;32mI (113) esp_image: segment 3: paddr=00030020 vaddr=42000020 size=86658h (550488) map[0m
[0;32mI (216) esp_image: segment 4: paddr=000b6680 vaddr=40375640 size=143ech ( 82924) load[0m
[0;32mI (234) esp_image: segment 5: paddr=000caa74 vaddr=600fe100 size=0001ch (    28) load[0m
[0;32mI (243) boot: Loaded app from partition at offset 0x10000[0m
[0;32mI (243) boot: Disabling RNG early entropy source...[0m
[0;32mI (253) cpu_start: Multicore app[0m
[0;32mI (263) cpu_start: Pro cpu start user code[0m
[0;32mI (263) cpu_start: cpu freq: 160000000 Hz[0m
[0;32mI (263) app_init: Application information:[0m
[0;32mI (263) app_init: Project name:     initiator[0m
[0;32mI (267) app_init: App version:      75e1e0a9-dirty[0m
[0;32mI (271) app_init: Compile time:     Sep 15 2025 19:24:39[0m
[0;32mI (276) app_init: ELF file SHA256:  4c5fad96f...[0m
[0;32mI (281) app_init: ESP-IDF:          v5.4-dirty[0m
[0;32mI (285) efuse_init: Min chip rev:     v0.0[0m
[0;32mI (289) efuse_init: Max chip rev:     v0.99 [0m
[0;32mI (293) efuse_init: Chip rev:         v0.2[0m
[0;32mI (297) heap_init: Initializing. RAM available for dynamic allocation:[0m
[0;32mI (303) heap_init: At 3FCA20E0 len 00047630 (285 KiB): RAM[0m
[0;32mI (308) heap_init: At 3FCE9710 len 00005724 (21 KiB): RAM[0m
[0;32mI (313) heap_init: At 3FCF0000 len 00008000 (32 KiB): DRAM[0m
[0;32mI (318) heap_init: At 600FE11C len 00001ECC (7 KiB): RTCRAM[0m
[0;32mI (325) spi_flash: detected chip: gd[0m
[0;32mI (327) spi_flash: flash io: dio[0m
[0;33mW (330) spi_flash: Detected size(8192k) larger than the size in the binary image header(2048k). Using the size in the binary image header.[0m
[0;32mI (342) sleep_gpio: Configure to isolate all GPIO pins in sleep state[0m
[0;32mI (348) sleep_gpio: Enable automatic switching of GPIO sleep configuration[0m
[0;32mI (355) main_task: Started on CPU0[0m
[0;32mI (365) main_task: Calling app_main()[0m
[0;32mI (385) pp: pp rom version: e7ae62f[0m
[0;32mI (385) net80211: net80211 rom version: e7ae62f[0m
[0;32mI (405) wifi_init: rx ba win: 6[0m
[0;32mI (405) wifi_init: accept mbox: 6[0m
[0;32mI (405) wifi_init: tcpip mbox: 32[0m
[0;32mI (405) wifi_init: udp mbox: 6[0m
[0;32mI (405) wifi_init: tcp mbox: 6[0m
[0;32mI (405) wifi_init: tcp tx win: 5760[0m
[0;32mI (405) wifi_init: tcp rx win: 5760[0m
[0;32mI (405) wifi_init: tcp mss: 1440[0m
[0;32mI (405) wifi_init: WiFi IRAM OP enabled[0m
[0;32mI (405) wifi_init: WiFi RX IRAM OP enabled[0m
[0;32mI (405) phy_init: phy_version 680,a6008b2,Jun  4 2024,16:41:10[0m
[0;32mI (2135) TAG: STA connected to 24:ec:4a:04:39:15, ch=6 (sec=0)[0m
[0;32mI (2135) esp_netif_handlers: sta ip: 192.168.4.2, mask: 255.255.255.0, gw: 192.168.4.1[0m
[0;32mI (2145) TAG: Ready (multi-anchor): FTM burst + CSI 1Hz, UART=921600.[0m
[0;32mI (2145) main_task: Returned from app_main()[0m
csi_data,A2,[0,0,-7,-14,-8,-13,-8,-14,-7,-12,-8,-13,-8,-13,-8,-12,-8,-12,-8,-11,-8,-10,-10,-11,-9,-10,-10,-9,-10,-10,-10,-10,-11,-10,-10,-9,-10,-11,-9,-11,-8,-11,-8,-11,-7,-11,-7,-11,-7,-11,-6,-11,-5,-11,0,0,0,0,0,0,0,0,0,0,0,0,0,0,0,0,0,0,0,0,0,0,-6,-10,-6,-11,-5,-11,-5,-11,-4,-12,-4,-13,-3,-13,-3,-13,-2,-13,-2,-12,-3,-13,-3,-13,-3,-13,-3,-12,-3,-13,-4,-12,-4,-13,-5,-12,-5,-13,-6,-13,-6,-13,-6,-13,-6,-13,-8,-14,-8,-13,-7,-14]
anchor,A2,24:ec:4a:04:39:15,ch=6
ftm_report,A2,18,18,2.700
ftm_feats,A2,rtt_ps_min=14063,k2=14063,median=15626,p10=14063,p25=15625,p75=16407,iqr=782,mad=1,mean_trim=16862.5,std=5365.5,valid_ratio=0.969,rssi_mean=-13.03,rssi_min=-14,[14063,15625,14063,15626,15626,15625,15626,26563,14063,28126,15625,28126,15626,15626,17188,28126,15625,15626,28125,14063,14063,15626,14063,15626,29688,15626,15625,15626,15625,14063,26563]
csi_data,A2,[0,0,13,6,13,5,13,5,12,5,13,5,13,5,12,4,12,4,12,3,12,3,13,2,12,2,12,1,13,2,13,1,13,1,13,1,13,2,13,3,12,3,12,4,11,4,11,4,11,4,10,5,9,6,0,0,0,0,0,0,0,0,0,0,0,0,0,0,0,0,0,0,0,0,0,0,10,3,10,4,10,5,10,5,10,6,10,7,9,8,9,8,9,8,8,8,9,9,8,8,9,8,9,8,9,7,10,7,9,7,10,6,11,6,11,6,11,6,12,6,12,6,13,6,13,5,14,6]
csi_data,A2,[0,0,-15,-2,-15,-1,-16,-1,-14,-1,-15,-1,-15,-1,-14,-1,-14,-1,-13,0,-13,0,-14,2,-13,1,-13,2,-14,2,-13,2,-14,3,-13,3,-14,2,-14,1,-13,0,-13,0,-13,0,-13,-1,-13,-1,-12,-2,-11,-3,0,0,0,0,0,0,0,0,0,0,0,0,0,0,0,0,0,0,0,0,0,0,-11,-1,-12,-2,-12,-3,-12,-3,-12,-3,-13,-5,-12,-5,-12,-6,-12,-6,-12,-6,-12,-6,-12,-6,-12,-6,-12,-5,-12,-5,-12,-4,-13,-4,-12,-4,-14,-4,-14,-3,-14,-3,-14,-2,-14,-2,-16,-2,-15,-2,-16,-2]
anchor,A2,24:ec:4a:04:39:15,ch=6
ftm_report,A2,18,18,2.700
ftm_feats,A2,rtt_ps_min=14063,k2=14063,median=15625,p10=14063,p25=14063,p75=26563,iqr=12500,mad=1562,mean_trim=17383.3,std=5887.9,valid_ratio=0.969,rssi_mean=-13.06,rssi_min=-14,[15625,15626,14063,14063,15626,15625,14063,28125,14063,28126,14063,26563,14063,14063,15625,28126,15626,14063,15626,15625,26563,15626,14063,14063,28125,26563,29688,15626,14063,14063,26563]
csi_data,A2,[0,0,-14,6,-14,7,-14,7,-13,7,-13,6,-13,6,-12,7,-12,6,-11,7,-11,7,-11,8,-10,8,-10,8,-10,8,-10,9,-10,10,-10,9,-10,9,-11,8,-11,7,-11,7,-11,6,-11,6,-11,6,-11,4,-11,3,0,0,0,0,0,0,0,0,0,0,0,0,0,0,0,0,0,0,0,0,0,0,-10,4,-11,4,-11,3,-11,3,-12,3,-13,2,-13,2,-13,1,-13,1,-13,0,-14,1,-13,1,-13,1,-13,1,-13,1,-13,3,-12,3,-12,3,-13,3,-13,4,-13,4,-13,5,-14,5,-14,6,-14,6,-14,6]
csi_data,A2,[0,0,1,-15,0,-15,0,-15,0,-15,0,-15,0,-15,0,-14,0,-14,-1,-13,-2,-13,-3,-14,-3,-13,-3,-13,-3,-13,-4,-13,-4,-14,-3,-13,-3,-14,-2,-14,-1,-14,0,-13,0,-13,1,-13,0,-13,1,-12,2,-11,0,0,0,0,0,0,0,0,0,0,0,0,0,0,0,0,0,0,0,0,0,0,-1,-11,0,-12,0,-12,1,-12,1,-12,2,-13,3,-13,4,-13,4,-12,4,-12,4,-13,3,-12,4,-12,3,-12,3,-12,2,-13,2,-13,2,-13,2,-14,2,-14,2,-14,1,-14,1,-14,0,-16,0,-15,1,-16]
anchor,A2,24:ec:4a:04:39:15,ch=6
ftm_report,A2,19,19,2.850
ftm_feats,A2,rtt_ps_min=12501,k2=14063,median=15626,p10=14063,p25=15625,p75=26563,iqr=10938,mad=1563,mean_trim=18490.0,std=5960.3,valid_ratio=0.969,rssi_mean=-13.06,rssi_min=-14,[15625,15626,15625,28125,15625,29688,28125,14063,15626,15625,15626,17188,14063,28126,28125,14063,17188,26563,15626,12501,28125,28126,15625,26563,15625,14063,15625,14063,15625,15626,26563]
csi_data,A2,[0,0,3,14,4,14,4,14,4,13,3,13,3,13,4,12,4,12,4,11,5,11,6,11,6,11,6,10,6,11,7,11,7,11,7,11,6,12,5,12,5,11,4,12,3,11,3,11,3,11,2,11,1,10,0,0,0,0,0,0,0,0,0,0,0,0,0,0,0,0,0,0,0,0,0,0,2,10,2,11,1,10,1,11,1,11,0,12,-1,12,-2,12,-2,12,-2,12,-2,13,-1,12,-2,12,-1,12,-1,12,0,12,0,12,1,12,1,13,1,13,1,13,2,13,2,13,4,14,3,14,3,15]
csi_data,A2,[0,0,1,14,2,14,2,14,2,14,2,14,2,14,2,13,2,13,3,12,3,12,5,12,4,11,5,11,4,11,6,12,6,12,5,12,5,12,4,13,3,12,2,12,2,12,1,12,1,11,1,11,-1,10,0,0,0,0,0,0,0,0,0,0,0,0,0,0,0,0,0,0,0,0,0,0,2,10,1,11,1,11,0,11,0,12,-1,12,-2,12,-3,12,-3,12,-3,12,-3,13,-3,12,-3,12,-2,12,-2,11,-1,12,-1,12,-1,12,-1,12,0,13,-1,13,1,13,1,14,2,15,2,14,2,15]
anchor,A2,24:ec:4a:04:39:15,ch=6
ftm_report,A2,18,18,2.700
ftm_feats,A2,rtt_ps_min=14063,k2=14063,median=15626,p10=14063,p25=14063,p75=15626,iqr=1563,mad=1563,mean_trim=17122.9,std=5604.9,valid_ratio=0.906,rssi_mean=-13.03,rssi_min=-14,[15626,14063,14063,15625,15626,15625,15625,14063,28125,15626,15626,15625,14063,14063,28125,15626,15626,14063,28126,14063,14063,15626,26563,14063,15626,14063,28125,28125,28126]
csi_data,A2,[0,0,-15,-3,-16,-2,-15,-2,-15,-2,-15,-2,-15,-2,-14,-1,-14,-1,-13,0,-13,0,-14,1,-13,1,-13,2,-14,2,-14,2,-14,3,-14,2,-14,2,-14,1,-13,0,-14,0,-13,-1,-13,-1,-13,-1,-12,-2,-11,-3,0,0,0,0,0,0,0,0,0,0,0,0,0,0,0,0,0,0,0,0,0,0,-11,-2,-12,-3,-12,-3,-12,-4,-12,-4,-12,-6,-12,-6,-12,-7,-12,-7,-11,-7,-12,-7,-11,-6,-12,-7,-12,-6,-12,-6,-12,-5,-12,-5,-12,-4,-13,-4,-14,-4,-14,-4,-14,-3,-14,-3,-15,-2,-15,-2,-16,-3]
csi_data,A2,[0,0,-14,7,-14,7,-14,7,-12,7,-13,7,-13,7,-12,7,-12,7,-11,7,-10,7,-10,9,-10,8,-9,9,-10,9,-9,9,-10,10,-10,9,-10,9,-11,9,-11,8,-11,7,-11,6,-11,6,-11,6,-10,5,-11,4,0,0,0,0,0,0,0,0,0,0,0,0,0,0,0,0,0,0,0,0,0,0,-10,5,-11,5,-11,4,-11,4,-12,3,-13,3,-13,2,-13,1,-13,1,-13,1,-13,2,-13,2,-13,1,-13,2,-13,2,-12,3,-12,3,-12,4,-13,4,-13,4,-13,5,-13,5,-13,6,-14,7,-13,7,-14,7]
anchor,A2,24:ec:4a:04:39:15,ch=6
ftm_report,A2,17,17,2.550
ftm_feats,A2,rtt_ps_min=14063,k2=14063,median=15625,p10=14063,p25=14063,p75=15626,iqr=1563,mad=1562,mean_trim=16016.2,std=4873.6,valid_ratio=0.938,rssi_mean=-13.07,rssi_min=-14,[14063,15626,14063,15626,14063,14063,14063,14063,15625,14063,14063,15625,26563,15626,28125,15626,26563,28126,14063,15625,14063,15626,15625,15625,15626,29688,14063,15626,15626,15625]
csi_data,A2,[0,0,13,-6,13,-7,13,-8,12,-7,13,-7,12,-7,12,-7,11,-7,10,-7,10,-7,10,-9,10,-9,9,-9,10,-9,9,-10,9,-10,9,-10,10,-9,11,-9,11,-8,11,-7,10,-7,10,-6,10,-6,10,-5,10,-4,0,0,0,0,0,0,0,0,0,0,0,0,0,0,0,0,0,0,0,0,0,0,9,-5,10,-5,10,-4,11,-4,11,-4,12,-3,12,-2,12,-1,12,-2,12,-1,12,-2,12,-2,12,-2,12,-2,12,-2,11,-3,12,-4,11,-4,12,-4,13,-5,12,-5,13,-5,13,-6,13,-7,13,-7,14,-7]
anchor,A2,24:ec:4a:04:39:15,ch=6
ftm_report,A2,19,19,2.850
ftm_feats,A2,rtt_ps_min=14063,k2=14063,median=15625,p10=14063,p25=14063,p75=26563,iqr=12500,mad=1562,mean_trim=18099.3,std=5914.7,valid_ratio=0.969,rssi_mean=-13.03,rssi_min=-14,[15625,15626,14063,14063,28126,15625,15625,15626,14063,15625,14063,14063,15626,26563,28125,28126,28126,14063,14063,14063,26563,14063,15625,26563,28126,28125,15626,15625,15625,15625,26563]
csi_data,A2,[0,0,10,-11,9,-12,9,-12,8,-11,9,-12,8,-11,8,-11,8,-11,6,-11,6,-11,5,-12,5,-12,5,-12,5,-13,4,-12,5,-13,5,-12,5,-13,6,-12,6,-11,7,-11,7,-10,7,-10,7,-10,7,-9,7,-8,0,0,0,0,0,0,0,0,0,0,0,0,0,0,0,0,0,0,0,0,0,0,6,-8,7,-8,8,-8,8,-8,9,-8,10,-8,10,-7,11,-6,10,-6,10,-6,11,-7,10,-6,11,-6,10,-7,10,-7,9,-7,9,-8,9,-8,10,-9,10,-9,9,-9,9,-10,9,-10,9,-12,9,-11,10,-12]
csi_data,A2,[0,0,-15,-4,-16,-3,-16,-3,-14,-2,-15,-3,-15,-2,-14,-2,-14,-2,-13,-1,-13,-1,-14,1,-14,0,-13,1,-14,1,-13,2,-14,2,-14,2,-14,1,-15,0,-14,0,-14,-1,-13,-1,-13,-2,-13,-2,-12,-2,-11,-3,0,0,0,0,0,0,0,0,0,0,0,0,0,0,0,0,0,0,0,0,0,0,-11,-3,-12,-3,-11,-4,-12,-4,-12,-5,-12,-6,-12,-7,-11,-8,-11,-7,-11,-7,-12,-7,-11,-7,-11,-7,-11,-7,-12,-6,-12,-5,-12,-6,-12,-5,-13,-5,-14,-5,-14,-5,-14,-4,-14,-4,-16,-3,-15,-3,-16,-4]
anchor,A2,24:ec:4a:04:39:15,ch=6
ftm_report,A2,18,18,2.700
ftm_feats,A2,rtt_ps_min=12501,k2=14063,median=15625,p10=14063,p25=14063,p75=26563,iqr=12500,mad=1562,mean_trim=17708.8,std=6057.2,valid_ratio=0.969,rssi_mean=-13.10,rssi_min=-14,[15626,14063,15625,14063,14063,14063,15625,14063,15625,26563,14063,14063,28126,15626,28125,15625,14063,26563,14063,12501,28125,14063,14063,26563,28125,26563,14063,26563,14063,15625,28126]
csi_data,A2,[0,0,13,-6,13,-7,13,-6,12,-7,12,-7,12,-7,11,-7,11,-7,10,-7,10,-8,9,-8,9,-9,9,-9,9,-9,9,-9,9,-9,10,-9,9,-9,10,-8,10,-8,10,-7,10,-6,10,-6,10,-6,10,-5,9,-4,0,0,0,0,0,0,0,0,0,0,0,0,0,0,0,0,0,0,0,0,0,0,9,-5,9,-4,10,-4,10,-3,11,-3,11,-3,12,-2,12,-2,12,-2,12,-1,12,-2,12,-1,12,-2,12,-2,12,-2,11,-2,11,-3,11,-4,12,-4,12,-5,12,-5,12,-6,12,-6,13,-6,13,-6,13,-6]
csi_data,A2,[0,0,-5,14,-5,14,-5,14,-4,14,-4,14,-4,14,-4,13,-4,13,-2,12,-2,13,-1,13,-1,13,-1,13,-1,13,0,13,0,14,0,13,-1,13,-2,14,-2,13,-3,13,-3,12,-4,11,-4,11,-4,11,-5,10,0,0,0,0,0,0,0,0,0,0,0,0,0,0,0,0,0,0,0,0,0,0,-3,10,-4,11,-5,10,-5,10,-6,11,-7,11,-8,11,-8,10,-8,10,-8,9,-9,11,-8,10,-8,10,-8,10,-7,10,-7,11,-7,11,-6,11,-7,12,-6,12,-6,12,-5,13,-5,13,-5,15,-5,14,-5,15]
anchor,A2,24:ec:4a:04:39:15,ch=6
ftm_report,A2,16,16,2.400
ftm_feats,A2,rtt_ps_min=12500,k2=12501,median=14063,p10=12501,p25=14063,p75=15626,iqr=1563,mad=1562,mean_trim=15430.2,std=4965.7,valid_ratio=0.969,rssi_mean=-13.13,rssi_min=-14,[15625,14063,14063,15625,14063,15625,12501,15626,26563,26563,15626,12500,15625,14063,14063,14063,14063,14063,14063,14063,28126,14063,12501,15626,26563,14063,14063,25001,14063,12501,26563]
csi_data,A2,[0,0,13,6,14,6,13,6,13,6,13,5,13,5,12,4,12,4,12,3,12,3,12,3,12,2,12,2,12,2,13,1,13,1,13,2,13,2,13,3,12,3,12,3,12,4,11,4,10,5,9,5,9,5,0,0,0,0,0,0,0,0,0,0,0,0,0,0,0,0,0,0,0,0,0,0,9,3,9,4,9,5,9,5,10,6,9,6,9,7,9,7,9,8,9,8,9,9,9,8,9,8,9,8,9,7,9,7,10,7,10,6,11,6,11,6,12,6,12,6,12,6,13,6,13,6,14,6]
anchor,A2,24:ec:4a:04:39:15,ch=6
ftm_report,A2,16,16,2.400
ftm_feats,A2,rtt_ps_min=12500,k2=12501,median=14063,p10=14063,p25=14063,p75=15626,iqr=1563,mad=0,mean_trim=15039.6,std=5912.9,valid_ratio=0.969,rssi_mean=-13.19,rssi_min=-14,[14063,14063,14063,15626,15626,12500,14063,14063,14063,14063,14063,15625,14063,12501,14063,14063,14063,15625,14063,26563,39063,14063,14063,26563,26563,14063,14063,15626,15625,28126,15626]
anchor,A2,24:ec:4a:04:39:15,ch=6
ftm_report,A2,15,15,2.250
ftm_feats,A2,rtt_ps_min=12500,k2=12501,median=14063,p10=14063,p25=14063,p75=15626,iqr=1562,mad=0,mean_trim=14583.8,std=3733.2,valid_ratio=0.969,rssi_mean=-13.23,rssi_min=-14,[15625,14063,14063,15626,14063,14063,14063,14063,14063,15625,15626,14063,14063,14063,15625,15626,14063,15626,15626,15625,12501,14063,26563,14063,28125,14063,14063,12501,12500,14063,25001]
csi_data,A2,[0,0,10,11,10,10,10,10,10,10,9,10,10,10,9,9,9,9,9,8,10,8,11,7,10,7,11,6,11,6,11,6,12,6,11,6,11,7,11,8,10,8,9,8,8,8,8,8,8,8,7,8,6,9,0,0,0,0,0,0,0,0,0,0,0,0,0,0,0,0,0,0,0,0,0,0,7,7,7,8,7,9,7,9,6,10,6,11,5,11,5,11,5,11,4,11,5,12,5,11,5,11,5,11,5,11,6,10,6,10,6,10,7,10,8,11,7,11,8,10,9,11,10,11,10,10,10,11]
anchor,A2,24:ec:4a:04:39:15,ch=6
ftm_report,A2,16,16,2.400
ftm_feats,A2,rtt_ps_min=12500,k2=12501,median=14063,p10=14063,p25=14063,p75=15625,iqr=1562,mad=0,mean_trim=15299.9,std=5270.8,valid_ratio=0.969,rssi_mean=-13.19,rssi_min=-14,[28125,12501,14063,26563,14063,14063,14063,14063,14063,12500,14063,14063,14063,15625,14063,14063,14063,14063,14063,28125,28125,14063,14063,14063,26563,14063,14063,15625,15625,26563,14063]
anchor,A2,24:ec:4a:04:39:15,ch=6
ftm_report,A2,16,16,2.400
ftm_feats,A2,rtt_ps_min=14063,k2=14063,median=14063,p10=14063,p25=14063,p75=15626,iqr=1562,mad=0,mean_trim=14648.9,std=3972.5,valid_ratio=0.969,rssi_mean=-13.23,rssi_min=-14,[14063,14063,14063,14063,14063,14063,14063,15626,15625,14063,15626,14063,15625,14063,14063,14063,15625,15626,15626,14063,25000,14063,15625,26563,28125,14063,15625,14063,25000,14063,14063]
anchor,A2,24:ec:4a:04:39:15,ch=6
ftm_report,A2,17,17,2.550
ftm_feats,A2,rtt_ps_min=12500,k2=12501,median=14063,p10=14063,p25=14063,p75=21094,iqr=7032,mad=0,mean_trim=16471.9,std=5794.8,valid_ratio=0.969,rssi_mean=-13.10,rssi_min=-14,[14063,14063,14063,14063,26563,14063,14063,14063,14063,28126,12500,14063,14063,14063,26563,15626,15625,14063,14063,14063,26563,14063,15626,15626,28125,26563,12501,26563,14063,15626,29688]
anchor,A2,24:ec:4a:04:39:15,ch=6
ftm_report,A2,21,21,3.150
ftm_feats,A2,rtt_ps_min=12500,k2=14063,median=25782,p10=14063,p25=14454,p75=26563,iqr=12110,mad=5469,mean_trim=21131.4,std=7140.4,valid_ratio=0.812,rssi_mean=-13.15,rssi_min=-14,[26563,14063,14063,40626,26563,26563,12500,14063,25000,14063,28125,17188,26563,15626,15625,26563,15626,26563,26563,28126,28126,14063,28125,14063,15626,26563]
anchor,A2,24:ec:4a:04:39:15,ch=6
ftm_report,A2,20,20,3.000
ftm_feats,A2,rtt_ps_min=14063,k2=14063,median=15626,p10=14063,p25=14063,p75=26563,iqr=12500,mad=1563,mean_trim=19922.5,std=7840.4,valid_ratio=0.938,rssi_mean=-13.07,rssi_min=-14,[14063,15625,14063,14063,26563,26563,28126,26563,15626,26563,14063,15625,15626,14063,28126,40626,39063,26563,15626,14063,14063,28125,15626,15626,25001,28125,14063,14063,14063,29688]
csi_data,A2,[0,0,-15,3,-15,5,-14,4,-14,4,-14,4,-14,4,-13,4,-13,4,-12,4,-12,5,-12,6,-11,6,-11,7,-11,6,-11,7,-11,7,-11,7,-12,6,-13,5,-12,4,-13,4,-12,4,-12,3,-12,3,-11,2,-11,1,0,0,0,0,0,0,0,0,0,0,0,0,0,0,0,0,0,0,0,0,0,0,-10,3,-11,3,-12,2,-12,2,-12,2,-13,1,-13,0,-13,-1,-13,-1,-13,-1,-14,0,-13,0,-13,-1,-13,0,-13,0,-13,1,-13,1,-13,1,-14,1,-14,2,-14,2,-14,3,-14,3,-15,5,-14,4,-15,4]
csi_data,A2,[0,0,-8,-13,-9,-13,-8,-13,-8,-12,-8,-13,-8,-12,-8,-12,-8,-11,-8,-10,-8,-10,-10,-10,-9,-9,-10,-9,-10,-9,-10,-9,-11,-9,-10,-9,-10,-10,-10,-11,-9,-10,-8,-11,-7,-10,-7,-11,-7,-11,-6,-10,-5,-10,0,0,0,0,0,0,0,0,0,0,0,0,0,0,0,0,0,0,0,0,0,0,-6,-10,-6,-10,-5,-11,-5,-11,-5,-12,-4,-13,-4,-13,-3,-13,-3,-13,-2,-13,-3,-13,-3,-13,-3,-13,-3,-12,-3,-12,-5,-12,-5,-12,-5,-12,-5,-13,-6,-13,-6,-13,-7,-13,-7,-13,-8,-13,-8,-13,-8,-14]
anchor,A2,24:ec:4a:04:39:15,ch=6
ftm_report,A2,17,17,2.550
ftm_feats,A2,rtt_ps_min=12500,k2=14063,median=14844,p10=14063,p25=14063,p75=23829,iqr=9766,mad=781,mean_trim=17187.9,std=5744.3,valid_ratio=0.938,rssi_mean=-13.07,rssi_min=-14,[26563,28125,14063,28125,15625,15625,14063,14063,28126,14063,14063,15625,14063,15625,12500,14063,14063,26563,14063,26563,15626,14063,14063,26563,14063,14063,15625,15625,14063,28126]
csi_data,A2,[0,0,14,0,14,-2,14,-1,14,-1,14,-1,14,-1,13,-2,13,-2,12,-2,12,-3,12,-4,12,-4,12,-5,12,-4,12,-5,12,-5,12,-5,12,-4,13,-3,12,-3,12,-2,12,-2,11,-1,11,-1,11,0,10,0,0,0,0,0,0,0,0,0,0,0,0,0,0,0,0,0,0,0,0,0,0,0,10,-1,11,0,11,0,11,1,11,1,12,2,12,3,11,4,11,4,11,4,12,3,11,3,12,3,11,3,12,3,12,2,12,2,12,1,13,1,13,1,13,1,13,0,13,0,15,-1,14,-1,15,-1]
anchor,A2,24:ec:4a:04:39:15,ch=6
ftm_report,A2,17,17,2.550
ftm_feats,A2,rtt_ps_min=12500,k2=12500,median=15625,p10=14063,p25=14063,p75=21094,iqr=7032,mad=1562,mean_trim=16862.5,std=5364.1,valid_ratio=0.969,rssi_mean=-13.06,rssi_min=-14,[26563,26563,15626,14063,15626,12500,14063,14063,26563,15625,12500,14063,15626,14063,15626,15625,28126,15626,15626,15625,14063,26563,14063,14063,26563,15626,14063,15625,26563,14063,26563]
csi_data,A2,[0,0,-13,7,-13,8,-13,8,-12,8,-13,8,-12,8,-11,7,-11,7,-10,7,-10,8,-10,9,-10,8,-9,9,-9,9,-9,10,-9,10,-9,10,-10,9,-11,9,-10,8,-11,7,-10,7,-11,6,-11,6,-10,5,-10,4,0,0,0,0,0,0,0,0,0,0,0,0,0,0,0,0,0,0,0,0,0,0,-9,6,-10,6,-11,5,-11,5,-11,5,-12,4,-13,4,-13,3,-12,3,-13,2,-13,3,-12,3,-13,2,-12,3,-12,3,-12,4,-12,4,-12,5,-13,5,-13,6,-13,5,-13,6,-13,6,-13,8,-13,8,-14,7]
csi_data,A2,[0,0,7,-13,6,-14,6,-14,6,-14,6,-14,6,-13,5,-13,6,-13,4,-13,4,-13,3,-14,3,-13,2,-13,2,-13,2,-14,1,-14,2,-14,3,-14,4,-14,4,-13,4,-13,4,-12,5,-12,5,-12,5,-11,6,-10,0,0,0,0,0,0,0,0,0,0,0,0,0,0,0,0,0,0,0,0,0,0,5,-11,5,-10,6,-10,6,-10,7,-11,8,-10,9,-10,9,-9,9,-9,9,-9,9,-10,9,-9,9,-9,9,-9,8,-9,8,-10,8,-10,7,-11,8,-11,8,-12,8,-12,7,-13,7,-13,7,-14,7,-14,7,-14]
anchor,A2,24:ec:4a:04:39:15,ch=6
ftm_report,A2,19,19,2.850
ftm_feats,A2,rtt_ps_min=14063,k2=14063,median=15626,p10=14063,p25=14063,p75=26563,iqr=12500,mad=1562,mean_trim=18750.5,std=6173.4,valid_ratio=0.938,rssi_mean=-13.07,rssi_min=-14,[15626,28126,14063,15626,15625,26563,28126,14063,28126,15626,14063,14063,26563,26563,28126,14063,26563,14063,14063,15626,26563,14063,15625,14063,28125,26563,14063,14063,14063,14063]
csi_data,A2,[0,0,13,5,15,4,14,4,14,4,13,4,14,4,13,3,13,3,12,2,13,2,13,1,13,1,13,0,13,0,13,0,13,-1,13,0,13,1,13,2,12,2,12,3,12,2,12,3,11,3,10,3,9,4,0,0,0,0,0,0,0,0,0,0,0,0,0,0,0,0,0,0,0,0,0,0,10,3,10,4,11,5,10,5,11,5,10,7,10,7,10,8,10,8,9,8,10,8,10,7,10,8,10,7,10,7,11,6,10,6,11,6,11,6,12,6,12,6,13,5,13,5,14,5,14,4,14,5]
anchor,A2,24:ec:4a:04:39:15,ch=6
ftm_report,A2,16,16,2.400
ftm_feats,A2,rtt_ps_min=12500,k2=14063,median=15625,p10=14063,p25=14063,p75=15626,iqr=1563,mad=1562,mean_trim=14844.2,std=4470.3,valid_ratio=0.969,rssi_mean=-13.10,rssi_min=-14,[14063,15625,15626,14063,14063,15625,15625,14063,29688,15626,14063,14063,15625,14063,26563,15626,14063,14063,14063,14063,15625,14063,15626,14063,28125,14063,15625,15626,12500,26563,15626]
csi_data,A2,[0,0,-4,-16,-3,-15,-4,-16,-4,-15,-4,-15,-4,-14,-4,-14,-5,-13,-5,-13,-6,-12,-6,-12,-7,-12,-7,-12,-7,-12,-7,-12,-7,-13,-7,-12,-7,-13,-6,-13,-5,-13,-5,-13,-4,-13,-4,-12,-3,-12,-3,-12,-2,-12,0,0,0,0,0,0,0,0,0,0,0,0,0,0,0,0,0,0,0,0,0,0,-3,-11,-2,-12,-2,-12,-1,-13,-1,-13,-1,-13,0,-13,1,-14,1,-13,1,-13,1,-14,1,-13,1,-13,1,-13,0,-13,0,-13,0,-14,-1,-13,-2,-14,-2,-14,-2,-14,-2,-15,-4,-15,-4,-15,-4,-15,-4,-16]
anchor,A2,24:ec:4a:04:39:15,ch=6
ftm_report,A2,19,19,2.850
ftm_feats,A2,rtt_ps_min=12501,k2=14063,median=14063,p10=14063,p25=14063,p75=26563,iqr=12500,mad=0,mean_trim=17839.0,std=7129.5,valid_ratio=0.969,rssi_mean=-13.06,rssi_min=-14,[28125,26563,14063,39063,28126,14063,14063,14063,14063,28125,26563,14063,15625,14063,28125,14063,14063,14063,28125,12501,25001,14063,14063,14063,26563,14063,14063,14063,14063,26563,14063]
csi_data,A2,[0,0,15,-1,15,-1,14,-1,14,-1,14,-2,13,-2,13,-2,13,-3,12,-3,12,-3,12,-4,12,-4,12,-4,12,-5,12,-5,12,-5,12,-5,13,-4,12,-4,12,-3,12,-3,12,-2,12,-2,11,-1,11,0,10,0,0,0,0,0,0,0,0,0,0,0,0,0,0,0,0,0,0,0,0,0,0,0,10,-1,10,-1,11,0,11,1,12,1,12,1,12,2,12,2,12,3,12,3,11,4,12,4,12,3,12,3,12,2,12,2,12,2,12,1,13,1,13,0,13,0,14,-1,14,-1,14,-1,15,-1,15,-1]
csi_data,A2,[0,0,10,11,10,10,10,10,9,9,10,10,10,9,9,9,9,9,9,7,10,7,11,7,10,6,10,6,11,6,11,6,12,6,11,6,11,7,10,8,9,8,9,8,8,8,8,8,8,8,7,8,6,8,0,0,0,0,0,0,0,0,0,0,0,0,0,0,0,0,0,0,0,0,0,0,7,7,7,8,7,8,7,9,7,9,6,11,6,11,5,11,5,11,5,11,5,11,5,11,5,11,5,10,5,11,6,10,6,10,6,9,7,10,8,10,7,10,8,10,9,10,10,10,10,10,10,11]
anchor,A2,24:ec:4a:04:39:15,ch=6
ftm_report,A2,16,16,2.400
ftm_feats,A2,rtt_ps_min=12500,k2=12500,median=14063,p10=14063,p25=14063,p75=15626,iqr=1562,mad=1562,mean_trim=15696.5,std=5042.3,valid_ratio=0.844,rssi_mean=-13.04,rssi_min=-14,[14063,14063,15625,26563,15625,14063,14063,15626,15625,28125,14063,26563,14063,15625,14063,14063,14063,14063,14063,26563,12500,14063,15625,28125,14063,12500,15626]
csi_data,A2,[0,0,-5,-15,-6,-14,-5,-14,-5,-14,-6,-14,-6,-13,-6,-13,-6,-12,-6,-12,-7,-11,-7,-11,-7,-11,-8,-11,-8,-11,-8,-11,-8,-11,-8,-11,-8,-12,-7,-12,-6,-12,-6,-12,-5,-12,-5,-11,-4,-11,-3,-11,-3,-11,0,0,0,0,0,0,0,0,0,0,0,0,0,0,0,0,0,0,0,0,0,0,-5,-10,-4,-11,-4,-11,-3,-12,-3,-12,-3,-13,-2,-13,-2,-13,-1,-13,-1,-13,-1,-13,-1,-13,-1,-13,-2,-13,-2,-13,-2,-13,-3,-13,-3,-13,-3,-13,-4,-13,-4,-13,-4,-14,-5,-14,-6,-14,-6,-14,-6,-14]
csi_data,A2,[0,0,11,-10,11,-11,11,-11,10,-10,11,-10,10,-10,9,-10,9,-10,8,-10,8,-10,7,-12,7,-11,7,-12,7,-12,6,-12,6,-13,7,-12,8,-12,8,-12,8,-10,9,-10,8,-10,8,-9,9,-9,8,-8,9,-7,0,0,0,0,0,0,0,0,0,0,0,0,0,0,0,0,0,0,0,0,0,0,8,-8,9,-8,9,-7,10,-7,10,-7,11,-6,12,-6,12,-5,12,-5,12,-4,12,-5,11,-5,12,-5,11,-5,11,-6,11,-7,11,-7,10,-7,12,-8,11,-8,11,-8,11,-9,11,-9,12,-11,11,-10,12,-11]
anchor,A2,24:ec:4a:04:39:15,ch=6
ftm_report,A2,18,18,2.700
ftm_feats,A2,rtt_ps_min=12500,k2=12500,median=15626,p10=13907,p25=14063,p75=23829,iqr=9766,mad=1563,mean_trim=17318.3,std=6679.9,valid_ratio=0.938,rssi_mean=-13.10,rssi_min=-14,[15626,15626,15626,14063,26563,14063,14063,28126,28126,14063,14063,12501,39063,15626,14063,15626,15626,14063,14063,14063,26563,14063,15626,12500,26563,26563,12500,15626,15625,28125]
anchor,A2,24:ec:4a:04:39:15,ch=6
ftm_report,A2,16,16,2.400
ftm_feats,A2,rtt_ps_min=14063,k2=14063,median=15625,p10=14063,p25=14063,p75=15626,iqr=1563,mad=1562,mean_trim=15951.0,std=4768.9,valid_ratio=0.938,rssi_mean=-13.43,rssi_min=-21,[15625,14063,15626,14063,28125,14063,15625,14063,15626,14063,14063,15626,15625,14063,15625,15626,14063,28125,15625,14063,28125,15625,15625,14063,26563,26563,15625,14063,14063,15626]
anchor,A2,24:ec:4a:04:39:15,ch=6
ftm_report,A2,17,17,2.550
ftm_feats,A2,rtt_ps_min=12500,k2=14063,median=15625,p10=14063,p25=14063,p75=15626,iqr=1563,mad=1562,mean_trim=16797.4,std=5286.2,valid_ratio=0.938,rssi_mean=-13.03,rssi_min=-14,[14063,15625,15625,15625,15626,14063,15626,14063,28126,14063,15625,15626,14063,28126,15625,15626,15626,14063,14063,26563,12500,14063,14063,26563,14063,14063,14063,26563,26563,26563]
csi_data,A2,[0,0,-15,4,-15,5,-15,5,-14,4,-15,4,-15,4,-13,5,-13,5,-12,5,-12,5,-12,7,-12,6,-11,7,-12,7,-11,8,-11,8,-12,7,-12,7,-13,6,-12,5,-13,5,-12,4,-12,4,-12,4,-11,3,-11,2,0,0,0,0,0,0,0,0,0,0,0,0,0,0,0,0,0,0,0,0,0,0,-11,3,-12,3,-12,2,-12,2,-13,1,-14,0,-14,0,-14,-1,-13,-1,-13,-1,-14,-1,-13,-1,-14,-1,-13,-1,-13,0,-13,1,-13,1,-13,1,-14,2,-14,2,-14,2,-14,3,-14,3,-15,5,-15,4,-16,4]
anchor,A2,24:ec:4a:04:39:15,ch=6
ftm_report,A2,18,18,2.700
ftm_feats,A2,rtt_ps_min=14063,k2=14063,median=15625,p10=14063,p25=14063,p75=21094,iqr=7032,mad=1562,mean_trim=16927.6,std=5510.3,valid_ratio=0.969,rssi_mean=-13.03,rssi_min=-14,[15625,14063,26563,15626,14063,26563,14063,14063,15625,14063,15626,15626,14063,28125,15625,14063,14063,15626,15626,14063,28125,15625,15626,26563,26563,14063,14063,28125,28126,15625,15626]
anchor,A2,24:ec:4a:04:39:15,ch=6
ftm_report,A2,18,18,2.700
ftm_feats,A2,rtt_ps_min=14063,k2=14063,median=15625,p10=14063,p25=14063,p75=26563,iqr=12500,mad=1562,mean_trim=17188.0,std=5715.4,valid_ratio=0.969,rssi_mean=-13.06,rssi_min=-14,[26563,15625,14063,14063,14063,14063,15626,28126,26563,26563,14063,15626,14063,15626,17188,15626,28126,14063,14063,14063,26563,15625,26563,14063,14063,14063,28125,14063,14063,14063,26563]
anchor,A2,24:ec:4a:04:39:15,ch=6
ftm_report,A2,16,16,2.400
ftm_feats,A2,rtt_ps_min=14063,k2=14063,median=15625,p10=14063,p25=14063,p75=15626,iqr=1563,mad=1562,mean_trim=15820.8,std=4631.2,valid_ratio=0.906,rssi_mean=-13.07,rssi_min=-14,[15625,14063,14063,15625,14063,14063,15625,14063,14063,14063,28126,15626,14063,15625,26563,15626,15626,14063,14063,26563,15625,15625,14063,14063,26563,14063,15626,15625,26563]
anchor,A2,24:ec:4a:04:39:15,ch=6
ftm_report,A2,16,16,2.400
ftm_feats,A2,rtt_ps_min=14063,k2=14063,median=14063,p10=14063,p25=14063,p75=15626,iqr=1563,mad=0,mean_trim=14649.0,std=4210.4,valid_ratio=0.969,rssi_mean=-13.06,rssi_min=-14,[14063,14063,15626,15626,15625,14063,14063,14063,15626,14063,26563,14063,14063,15626,26563,14063,14063,14063,14063,14063,26563,15625,14063,15625,14063,15625,14063,15626,14063,14063,28125]
anchor,A2,24:ec:4a:04:39:15,ch=6
ftm_report,A2,17,17,2.550
ftm_feats,A2,rtt_ps_min=14063,k2=14063,median=15625,p10=14063,p25=14063,p75=16407,iqr=2344,mad=1562,mean_trim=16602.0,std=5609.5,valid_ratio=0.969,rssi_mean=-13.10,rssi_min=-14,[14063,15626,14063,14063,15626,15626,17188,15625,28125,28126,14063,14063,15626,28125,28125,14063,14063,14063,28126,14063,15625,14063,14063,15625,28125,15625,14063,15626,15626,14063,28126]
csi_data,A2,[0,0,-15,0,-16,1,-15,1,-14,1,-15,1,-15,1,-14,2,-14,2,-13,2,-13,2,-13,4,-13,4,-12,4,-13,4,-13,5,-13,5,-13,5,-13,4,-14,3,-13,3,-13,2,-13,2,-12,1,-13,1,-12,0,-11,-1,0,0,0,0,0,0,0,0,0,0,0,0,0,0,0,0,0,0,0,0,0,0,-11,1,-12,0,-12,-1,-12,-1,-13,-2,-13,-3,-13,-3,-13,-4,-13,-4,-12,-4,-13,-4,-12,-4,-13,-4,-12,-3,-13,-3,-13,-2,-13,-2,-13,-2,-14,-2,-14,-1,-14,-1,-14,0,-14,0,-15,1,-15,1,-16,0]
anchor,A2,24:ec:4a:04:39:15,ch=6
ftm_report,A2,14,14,2.100
ftm_feats,A2,rtt_ps_min=10938,k2=10938,median=12501,p10=12500,p25=12500,p75=14063,iqr=1563,mad=1,mean_trim=13216.5,std=5141.7,valid_ratio=0.969,rssi_mean=-19.58,rssi_min=-34,[12501,12500,12500,12500,28125,12500,12500,12500,14063,23438,12500,12500,12501,12501,12500,12501,12501,10938,12501,12500,12500,10938,12501,25001,26563,14063,14063,10938,12500,28126,14063]
csi_data,A2,[0,0,-14,7,-14,7,-13,6,-13,6,-13,7,-12,7,-12,7,-11,7,-11,7,-11,8,-10,8,-10,8,-10,8,-10,8,-10,9,-10,9,-10,8,-11,8,-11,8,-11,7,-11,7,-11,6,-11,5,-11,5,-11,4,-11,3,0,0,0,0,0,0,0,0,0,0,0,0,0,0,0,0,0,0,0,0,0,0,-9,5,-10,5,-11,5,-11,4,-12,4,-12,4,-13,3,-13,3,-13,2,-13,2,-13,2,-13,2,-13,2,-13,2,-12,3,-12,3,-12,3,-12,4,-13,4,-13,5,-13,5,-13,6,-13,6,-14,7,-13,7,-13,7]
anchor,A2,24:ec:4a:04:39:15,ch=6
ftm_report,A2,16,16,2.400
ftm_feats,A2,rtt_ps_min=12500,k2=12500,median=14063,p10=12501,p25=14063,p75=15626,iqr=1562,mad=0,mean_trim=15495.4,std=4967.8,valid_ratio=0.969,rssi_mean=-13.32,rssi_min=-14,[14063,12500,14063,14063,15626,14063,14063,12501,14063,14063,14063,15625,25001,14063,12501,12500,14063,14063,25001,26563,26563,14063,14063,25001,26563,14063,14063,14063,14063,25001,14063]
csi_data,A2,[0,0,7,-14,6,-14,6,-14,6,-14,6,-13,6,-13,5,-13,5,-13,4,-13,3,-13,3,-13,2,-13,2,-13,2,-13,2,-13,2,-14,3,-14,3,-14,4,-13,4,-13,4,-12,5,-12,5,-11,5,-11,5,-10,5,-9,0,0,0,0,0,0,0,0,0,0,0,0,0,0,0,0,0,0,0,0,0,0,3,-11,4,-11,5,-10,6,-10,6,-11,7,-10,8,-10,8,-10,8,-10,8,-10,8,-10,8,-10,8,-10,8,-10,7,-10,7,-10,7,-10,6,-11,6,-11,6,-12,6,-12,6,-13,5,-13,6,-14,6,-14,6,-14]
anchor,A2,24:ec:4a:04:39:15,ch=6
ftm_report,A2,16,16,2.400
ftm_feats,A2,rtt_ps_min=12500,k2=12500,median=14063,p10=12501,p25=14063,p75=14063,iqr=0,mad=0,mean_trim=15755.8,std=5224.2,valid_ratio=0.938,rssi_mean=-13.37,rssi_min=-14,[14063,14063,14063,25000,14063,14063,14063,12500,14063,14063,12501,14063,14063,26563,14063,14063,14063,25000,12501,26563,14063,12500,14063,25001,12501,14063,26563,14063,26563,12500]
csi_data,A2,[0,0,-10,-13,-10,-13,-9,-12,-10,-12,-10,-12,-10,-11,-10,-11,-10,-10,-10,-10,-10,-10,-10,-9,-10,-9,-11,-9,-11,-8,-11,-9,-11,-9,-11,-9,-11,-9,-11,-10,-10,-10,-9,-10,-9,-10,-8,-10,-7,-10,-6,-10,-6,-10,0,0,0,0,0,0,0,0,0,0,0,0,0,0,0,0,0,0,0,0,0,0,-8,-9,-7,-9,-7,-10,-6,-10,-7,-11,-6,-12,-6,-12,-6,-12,-5,-13,-5,-13,-5,-13,-5,-13,-5,-12,-5,-12,-5,-12,-6,-12,-6,-11,-7,-12,-7,-12,-8,-12,-8,-12,-9,-12,-9,-12,-9,-12,-9,-12,-10,-13]
anchor,A2,24:ec:4a:04:39:15,ch=6
ftm_report,A2,17,17,2.550
ftm_feats,A2,rtt_ps_min=12500,k2=12501,median=14063,p10=12501,p25=14063,p75=20312,iqr=6250,mad=0,mean_trim=16016.1,std=5619.4,valid_ratio=0.969,rssi_mean=-13.29,rssi_min=-14,[12501,14063,14063,25001,14063,14063,15625,12501,14063,14063,12500,25000,14063,14063,28125,14063,14063,14063,14063,14063,28125,26563,14063,14063,26563,14063,14063,14063,26563,12501,26563]
csi_data,A2,[0,0,-15,-4,-15,-4,-15,-4,-14,-4,-15,-3,-14,-3,-14,-3,-13,-2,-13,-2,-13,-1,-14,-1,-13,0,-13,0,-14,0,-13,0,-14,0,-14,0,-14,-1,-14,-1,-13,-1,-13,-2,-13,-2,-12,-3,-12,-3,-11,-4,-11,-4,0,0,0,0,0,0,0,0,0,0,0,0,0,0,0,0,0,0,0,0,0,0,-11,-2,-11,-3,-11,-4,-12,-5,-11,-5,-12,-6,-12,-6,-12,-6,-12,-7,-11,-7,-11,-7,-11,-7,-11,-7,-11,-7,-11,-6,-12,-6,-12,-6,-12,-5,-13,-5,-13,-5,-13,-4,-14,-4,-14,-4,-15,-4,-15,-4,-15,-4]
anchor,A2,24:ec:4a:04:39:15,ch=6
ftm_report,A2,17,17,2.550
ftm_feats,A2,rtt_ps_min=12500,k2=12500,median=14063,p10=12501,p25=12501,p75=26563,iqr=14062,mad=1562,mean_trim=16732.3,std=6218.3,valid_ratio=0.906,rssi_mean=-13.24,rssi_min=-14,[15625,26563,26563,12501,14063,12500,14063,14063,12501,26563,12500,12500,14063,14063,26563,14063,26563,28125,14063,25000,14063,14063,12501,26563,28126,12501,12501,14063,12501]
csi_data,A2,[0,0,6,13,6,13,6,13,6,12,6,12,6,11,6,11,7,10,7,10,7,10,8,9,8,9,8,9,8,9,8,9,8,9,8,9,8,10,8,10,7,10,6,10,6,10,5,10,5,10,4,10,3,10,0,0,0,0,0,0,0,0,0,0,0,0,0,0,0,0,0,0,0,0,0,0,5,9,4,10,4,10,3,10,3,11,3,12,2,12,2,12,1,12,1,12,1,12,1,12,2,12,2,12,2,12,2,11,3,12,3,11,4,12,4,12,5,12,5,12,6,12,6,12,6,13,7,13]
anchor,A2,24:ec:4a:04:39:15,ch=6
ftm_report,A2,16,16,2.400
ftm_feats,A2,rtt_ps_min=12500,k2=12501,median=14063,p10=14063,p25=14063,p75=15626,iqr=1563,mad=0,mean_trim=14974.5,std=4509.4,valid_ratio=0.938,rssi_mean=-13.37,rssi_min=-14,[14063,14063,14063,14063,26563,14063,14063,12500,14063,26563,14063,14063,14063,12501,14063,14063,15626,14063,28126,14063,14063,15626,15626,14063,15625,28126,15626,14063,14063,15625]
csi_data,A2,[0,0,10,-12,9,-12,9,-12,9,-12,9,-12,9,-12,8,-12,7,-11,7,-12,6,-12,6,-12,5,-12,5,-12,5,-13,5,-13,5,-13,6,-13,6,-13,6,-12,7,-12,7,-11,7,-11,7,-10,8,-9,8,-9,8,-8,0,0,0,0,0,0,0,0,0,0,0,0,0,0,0,0,0,0,0,0,0,0,6,-9,6,-9,7,-9,8,-9,8,-9,9,-9,9,-9,10,-8,10,-8,10,-8,10,-8,10,-8,10,-8,10,-8,10,-8,9,-8,9,-9,9,-9,9,-10,9,-10,9,-10,9,-11,9,-12,9,-12,9,-12,9,-12]
anchor,A2,24:ec:4a:04:39:15,ch=6
ftm_report,A2,17,17,2.550
ftm_feats,A2,rtt_ps_min=14063,k2=14063,median=15625,p10=14063,p25=14063,p75=15626,iqr=1563,mad=1562,mean_trim=16732.3,std=5366.2,valid_ratio=0.938,rssi_mean=-13.63,rssi_min=-14,[14063,15626,14063,15626,14063,15626,14063,14063,26563,15625,15626,14063,14063,14063,15625,28125,15626,15626,14063,14063,28125,14063,15625,14063,26563,26563,14063,14063,28125,26563]
anchor,A2,24:ec:4a:04:39:15,ch=6
ftm_report,A2,17,17,2.550
ftm_feats,A2,rtt_ps_min=12500,k2=14063,median=15625,p10=14063,p25=14063,p75=15626,iqr=1563,mad=1562,mean_trim=16081.1,std=4770.5,valid_ratio=0.969,rssi_mean=-13.35,rssi_min=-14,[14063,26563,15625,14063,14063,15626,15626,14063,15625,14063,14063,15625,14063,15625,14063,14063,15625,15625,26563,15625,26563,15626,15625,15625,28125,26563,15626,15626,12500,26563,15625]
anchor,A2,24:ec:4a:04:39:15,ch=6
ftm_report,A2,17,17,2.550
ftm_feats,A2,rtt_ps_min=12501,k2=14063,median=15625,p10=14063,p25=14063,p75=15626,iqr=1563,mad=1562,mean_trim=16406.8,std=5279.7,valid_ratio=0.969,rssi_mean=-13.10,rssi_min=-14,[14063,26563,26563,14063,15626,15625,14063,15625,15626,15626,14063,14063,15626,15626,26563,15625,14063,26563,14063,14063,28126,15626,15625,12501,28126,14063,15625,14063,14063,28126,15626]
csi_data,A2,[0,0,-5,-14,-6,-15,-6,-14,-6,-14,-6,-14,-6,-14,-6,-13,-6,-12,-6,-11,-7,-12,-8,-11,-8,-11,-8,-11,-8,-11,-9,-11,-9,-11,-9,-11,-8,-11,-8,-12,-7,-12,-6,-12,-6,-11,-5,-11,-5,-11,-4,-11,-3,-11,0,0,0,0,0,0,0,0,0,0,0,0,0,0,0,0,0,0,0,0,0,0,-4,-11,-4,-11,-3,-12,-3,-12,-3,-12,-2,-13,-1,-13,0,-14,0,-13,0,-13,-1,-14,-1,-13,0,-13,-1,-13,-1,-13,-2,-13,-2,-13,-3,-13,-3,-13,-3,-14,-3,-14,-4,-14,-5,-14,-6,-15,-6,-14,-5,-15]
anchor,A2,24:ec:4a:04:39:15,ch=6
ftm_report,A2,17,17,2.550
ftm_feats,A2,rtt_ps_min=14063,k2=14063,median=15625,p10=14063,p25=14063,p75=15626,iqr=1563,mad=1562,mean_trim=16276.6,std=5383.0,valid_ratio=0.969,rssi_mean=-13.16,rssi_min=-14,[14063,15626,14063,15626,15626,15626,15625,28125,14063,26563,15625,14063,15625,14063,28126,14063,14063,14063,14063,28126,28125,14063,15626,14063,26563,14063,15626,15625,14063,26563,14063]
anchor,A2,24:ec:4a:04:39:15,ch=6
ftm_report,A2,16,16,2.400
ftm_feats,A2,rtt_ps_min=14063,k2=14063,median=14063,p10=14063,p25=14063,p75=15626,iqr=1563,mad=0,mean_trim=15690.6,std=4741.9,valid_ratio=0.938,rssi_mean=-13.07,rssi_min=-14,[15625,14063,14063,14063,14063,15625,14063,26563,14063,15626,15626,15626,14063,14063,14063,14063,26563,14063,15625,28125,15625,14063,14063,26563,15625,14063,14063,14063,28126,15626]
anchor,A2,24:ec:4a:04:39:15,ch=6
ftm_report,A2,18,18,2.700
ftm_feats,A2,rtt_ps_min=14063,k2=14063,median=15625,p10=14063,p25=14063,p75=21094,iqr=7032,mad=1562,mean_trim=16862.5,std=6798.3,valid_ratio=0.969,rssi_mean=-13.06,rssi_min=-14,[14063,14063,14063,14063,28126,14063,15625,15626,14063,26563,15626,15625,14063,14063,28126,14063,15626,14063,15626,15625,26563,28126,14063,14063,28125,14063,14063,15626,15625,40626,28125]
anchor,A2,24:ec:4a:04:39:15,ch=6
ftm_report,A2,17,17,2.550
ftm_feats,A2,rtt_ps_min=14063,k2=14063,median=15625,p10=14063,p25=14063,p75=21094,iqr=7032,mad=1562,mean_trim=16732.2,std=5596.8,valid_ratio=0.969,rssi_mean=-13.00,rssi_min=-13,[14063,15626,14063,15626,14063,15625,15626,14063,26563,26563,14063,14063,28126,14063,14063,28126,26563,14063,15625,15625,15626,14063,14063,14063,28125,26563,15625,15625,14063,28125,14063]
anchor,A2,24:ec:4a:04:39:15,ch=6
ftm_report,A2,18,18,2.700
ftm_feats,A2,rtt_ps_min=14063,k2=14063,median=15625,p10=14063,p25=14063,p75=26563,iqr=12500,mad=1562,mean_trim=18359.8,std=5666.8,valid_ratio=0.906,rssi_mean=-13.03,rssi_min=-14,[15625,15625,14063,26563,26563,14063,15625,28125,26563,15625,15625,15625,14063,15625,15626,26563,14063,15625,14063,26563,14063,15626,14063,26563,26563,14063,26563,26563,14063]
csi_data,A2,[0,0,13,-8,12,-8,13,-9,11,-8,12,-8,12,-8,11,-8,11,-8,9,-8,9,-8,9,-10,9,-10,8,-10,9,-11,8,-10,9,-11,8,-10,9,-10,10,-10,9,-9,10,-8,10,-8,9,-7,9,-7,9,-6,9,-5,0,0,0,0,0,0,0,0,0,0,0,0,0,0,0,0,0,0,0,0,0,0,9,-6,10,-6,10,-5,11,-5,10,-4,12,-4,12,-3,12,-3,12,-2,11,-2,12,-3,12,-3,12,-3,12,-3,12,-3,11,-4,12,-4,10,-5,12,-5,12,-6,12,-6,12,-7,12,-7,12,-8,12,-8,13,-8]
anchor,A2,24:ec:4a:04:39:15,ch=6
ftm_report,A2,19,19,2.850
ftm_feats,A2,rtt_ps_min=12500,k2=14063,median=15625,p10=14063,p25=14063,p75=26563,iqr=12500,mad=1562,mean_trim=18099.5,std=6994.0,valid_ratio=0.969,rssi_mean=-13.06,rssi_min=-14,[14063,15625,15626,14063,14063,26563,15625,14063,26563,15626,12500,14063,14063,15625,14063,14063,15626,26563,14063,14063,26563,40626,26563,14063,26563,14063,28126,26563,28125,26563,14063]
csi_data,A2,[0,0,-11,10,-10,11,-11,11,-9,10,-10,10,-10,10,-9,10,-9,10,-8,10,-7,10,-7,11,-7,11,-6,11,-6,11,-6,11,-6,12,-6,11,-7,12,-8,11,-8,10,-8,10,-8,9,-8,8,-8,9,-8,7,-9,7,0,0,0,0,0,0,0,0,0,0,0,0,0,0,0,0,0,0,0,0,0,0,-8,8,-8,8,-9,7,-10,7,-10,7,-11,7,-12,6,-12,6,-12,5,-12,5,-12,6,-11,5,-12,5,-11,6,-11,6,-11,7,-11,7,-10,7,-11,8,-11,8,-11,8,-11,9,-10,9,-11,11,-10,11,-11,11]
csi_data,A2,[0,0,-10,11,-10,12,-10,12,-9,11,-9,11,-9,11,-8,11,-8,11,-7,10,-7,11,-6,12,-6,11,-5,11,-6,12,-5,12,-5,13,-5,12,-6,12,-7,12,-7,11,-7,11,-7,10,-8,9,-8,9,-8,8,-8,7,0,0,0,0,0,0,0,0,0,0,0,0,0,0,0,0,0,0,0,0,0,0,-7,8,-8,8,-9,8,-9,8,-10,8,-11,7,-11,7,-12,7,-11,7,-12,6,-12,6,-11,6,-12,6,-11,6,-11,6,-10,8,-10,8,-10,8,-10,9,-10,9,-10,9,-10,10,-10,10,-10,11,-10,11,-11,11]
anchor,A2,24:ec:4a:04:39:15,ch=6
ftm_report,A2,19,19,2.850
ftm_feats,A2,rtt_ps_min=12500,k2=14063,median=15626,p10=14063,p25=14063,p75=26563,iqr=12500,mad=1563,mean_trim=18815.7,std=6987.4,valid_ratio=0.969,rssi_mean=-13.06,rssi_min=-14,[15625,15626,15626,26563,28126,14063,26563,26563,14063,15626,12500,26563,15626,26563,15626,14063,28125,14063,14063,15626,28126,14063,14063,14063,40626,26563,26563,14063,15625,26563,15625]
csi_data,A2,[0,0,-15,0,-16,1,-16,1,-14,1,-15,1,-15,1,-14,1,-14,1,-13,2,-13,2,-13,3,-13,3,-13,4,-13,4,-13,4,-13,5,-13,4,-13,4,-14,3,-13,2,-13,2,-13,1,-13,1,-13,1,-12,0,-11,-1,0,0,0,0,0,0,0,0,0,0,0,0,0,0,0,0,0,0,0,0,0,0,-11,0,-12,0,-12,-1,-12,-1,-13,-2,-13,-3,-13,-3,-13,-4,-13,-4,-12,-4,-13,-4,-12,-4,-13,-4,-13,-4,-13,-3,-13,-3,-13,-2,-13,-2,-14,-2,-14,-1,-14,-1,-15,-1,-15,0,-16,1,-15,1,-16,0]
csi_data,A2,[0,0,1,-15,0,-16,-1,-16,-1,-14,0,-15,0,-15,-1,-14,-1,-14,-2,-13,-2,-13,-4,-13,-4,-13,-4,-13,-4,-13,-4,-13,-5,-14,-4,-13,-4,-14,-3,-14,-2,-13,-2,-13,-1,-13,-1,-12,-1,-12,-1,-12,0,-12,0,0,0,0,0,0,0,0,0,0,0,0,0,0,0,0,0,0,0,0,0,0,0,-11,1,-12,1,-12,2,-12,2,-12,3,-13,4,-13,5,-13,5,-12,5,-12,4,-13,4,-12,4,-12,4,-12,4,-13,3,-12,3,-13,2,-13,2,-14,2,-14,2,-14,1,-14,1,-14,0,-16,0,-15,1,-16]
anchor,A2,24:ec:4a:04:39:15,ch=6
ftm_report,A2,18,18,2.700
ftm_feats,A2,rtt_ps_min=14063,k2=14063,median=15625,p10=14063,p25=14063,p75=26563,iqr=12500,mad=1562,mean_trim=17969.3,std=5984.4,valid_ratio=0.969,rssi_mean=-13.06,rssi_min=-14,[15625,14063,28126,28126,26563,26563,26563,15625,14063,15626,28126,15626,15626,14063,14063,14063,14063,14063,15626,15625,15626,28126,28126,15625,14063,14063,14063,15625,28126,26563,14063]
csi_data,A2,[0,0,-2,-15,-3,-15,-3,-15,-3,-15,-2,-15,-3,-15,-3,-14,-3,-13,-4,-12,-4,-13,-5,-13,-4,-13,-5,-12,-5,-12,-6,-13,-6,-13,-6,-12,-5,-13,-5,-14,-4,-13,-3,-13,-3,-12,-2,-12,-2,-12,-1,-12,0,-11,0,0,0,0,0,0,0,0,0,0,0,0,0,0,0,0,0,0,0,0,0,0,-2,-11,-2,-12,-1,-12,-1,-12,0,-12,1,-13,1,-13,2,-13,2,-13,3,-12,3,-13,2,-13,3,-13,2,-12,2,-13,1,-13,1,-13,0,-13,0,-14,-1,-14,-1,-14,-1,-14,-1,-15,-2,-16,-2,-15,-2,-16]
csi_data,A2,[0,0,6,-14,5,-14,5,-14,5,-14,5,-14,5,-14,4,-13,4,-13,3,-12,3,-13,2,-14,2,-13,1,-13,2,-13,1,-14,1,-14,1,-14,2,-14,3,-14,3,-13,4,-13,4,-12,4,-11,4,-12,4,-11,5,-10,0,0,0,0,0,0,0,0,0,0,0,0,0,0,0,0,0,0,0,0,0,0,3,-11,4,-11,4,-11,5,-11,6,-11,7,-11,7,-11,8,-10,8,-10,8,-9,8,-10,8,-10,8,-10,7,-10,7,-10,6,-11,6,-11,6,-11,6,-12,6,-12,6,-12,6,-13,6,-13,5,-14,5,-14,6,-14]
anchor,A2,24:ec:4a:04:39:15,ch=6
ftm_report,A2,17,17,2.550
ftm_feats,A2,rtt_ps_min=12500,k2=12500,median=15625,p10=14063,p25=14063,p75=15626,iqr=1563,mad=1562,mean_trim=16341.6,std=5221.7,valid_ratio=0.906,rssi_mean=-13.07,rssi_min=-14,[14063,15626,12500,14063,14063,14063,14063,26563,14063,15625,28126,15625,15625,15625,12500,14063,15625,28126,14063,26563,14063,15626,14063,28126,15626,15626,15625,26563,15625]
csi_data,A2,[0,0,13,-8,13,-8,12,-8,12,-8,12,-8,11,-8,11,-8,10,-8,10,-8,9,-9,9,-9,9,-9,9,-10,9,-10,9,-10,9,-10,9,-10,9,-10,10,-10,10,-9,10,-8,10,-8,10,-7,10,-6,9,-5,10,-5,0,0,0,0,0,0,0,0,0,0,0,0,0,0,0,0,0,0,0,0,0,0,8,-7,8,-6,9,-6,10,-5,10,-5,11,-5,11,-5,11,-5,11,-4,12,-4,12,-3,12,-3,12,-4,11,-4,11,-4,11,-5,11,-5,11,-6,11,-6,11,-7,11,-7,12,-8,11,-8,12,-8,13,-8,13,-8]
anchor,A2,24:ec:4a:04:39:15,ch=6
ftm_report,A2,19,19,2.850
ftm_feats,A2,rtt_ps_min=14063,k2=14063,median=15625,p10=14063,p25=14063,p75=26563,iqr=12500,mad=1562,mean_trim=18490.1,std=7126.0,valid_ratio=0.906,rssi_mean=-13.24,rssi_min=-14,[14063,14063,15626,26563,40625,28126,26563,15625,14063,28126,14063,14063,15626,26563,14063,14063,14063,14063,14063,26563,15625,14063,14063,28126,25001,14063,26563,14063,26563]
csi_data,A2,[0,0,6,14,6,14,5,13,6,13,6,12,6,12,6,12,7,11,7,11,7,10,7,10,8,10,8,9,8,9,8,9,9,10,8,10,8,10,8,10,7,10,7,11,6,10,5,10,4,10,4,10,3,10,0,0,0,0,0,0,0,0,0,0,0,0,0,0,0,0,0,0,0,0,0,0,4,9,4,10,3,10,2,11,2,11,2,12,2,12,1,12,1,12,0,12,0,13,0,13,1,12,1,12,1,12,1,12,2,12,3,12,3,12,4,12,4,12,5,13,5,13,5,13,5,14,5,14]
anchor,A2,24:ec:4a:04:39:15,ch=6
ftm_report,A2,16,16,2.400
ftm_feats,A2,rtt_ps_min=12500,k2=14063,median=14063,p10=14063,p25=14063,p75=15625,iqr=1562,mad=0,mean_trim=15039.5,std=4873.3,valid_ratio=0.969,rssi_mean=-13.32,rssi_min=-14,[14063,14063,14063,14063,15626,12500,14063,14063,15625,15625,15626,14063,14063,14063,28126,14063,26563,15625,14063,14063,28125,14063,15625,14063,28126,14063,14063,15625,14063,14063,26563]
csi_data,A2,[0,0,11,10,11,10,11,9,11,9,11,8,10,9,11,8,10,7,10,7,11,6,11,6,11,5,11,5,11,5,12,5,12,5,12,6,12,6,11,6,11,6,10,7,10,7,9,7,9,7,8,7,7,7,0,0,0,0,0,0,0,0,0,0,0,0,0,0,0,0,0,0,0,0,0,0,8,6,7,7,7,8,7,8,7,9,7,9,7,10,6,10,6,10,6,11,6,11,6,11,6,10,6,10,6,10,7,10,7,9,8,9,8,9,9,9,9,9,10,9,10,9,11,9,11,10,11,10]
anchor,A2,24:ec:4a:04:39:15,ch=6
ftm_report,A2,17,17,2.550
ftm_feats,A2,rtt_ps_min=14063,k2=14063,median=14063,p10=14063,p25=14063,p75=15626,iqr=1563,mad=0,mean_trim=15625.5,std=5103.5,valid_ratio=0.969,rssi_mean=-13.26,rssi_min=-14,[14063,14063,14063,14063,14063,14063,14063,15626,15626,26563,14063,15625,15625,15626,28126,14063,15626,15626,14063,14063,26563,14063,14063,14063,28126,14063,14063,14063,15625,26563,28125]
anchor,A2,24:ec:4a:04:39:15,ch=6
ftm_report,A2,17,17,2.550
ftm_feats,A2,rtt_ps_min=12500,k2=12500,median=14063,p10=14063,p25=14063,p75=20314,iqr=6250,mad=1562,mean_trim=16406.7,std=5612.4,valid_ratio=0.969,rssi_mean=-13.71,rssi_min=-14,[15625,14063,14063,12500,14063,14063,15626,14063,14063,26563,15625,28125,14063,14063,15625,14063,14063,14063,15625,28126,25001,14063,25001,12500,28126,14063,14063,14063,15625,28126,26563]
anchor,A2,24:ec:4a:04:39:15,ch=6
ftm_report,A2,14,14,2.100
ftm_feats,A2,rtt_ps_min=10938,k2=10938,median=12500,p10=10938,p25=10938,p75=14063,iqr=3125,mad=1562,mean_trim=13021.2,std=6298.3,valid_ratio=0.969,rssi_mean=-24.74,rssi_min=-34,[12500,14063,10938,14063,26563,10938,10938,10938,12500,10938,12500,10938,10938,14063,12501,12500,12500,12500,14063,10938,37501,12500,14063,10938,25001,12501,14063,26563,12501,26563,12500]
anchor,A2,24:ec:4a:04:39:15,ch=6
ftm_report,A2,15,15,2.250
ftm_feats,A2,rtt_ps_min=12500,k2=12500,median=14063,p10=12500,p25=12892,p75=15234,iqr=2343,mad=1562,mean_trim=15104.6,std=4414.5,valid_ratio=0.938,rssi_mean=-21.90,rssi_min=-22,[12501,12500,25000,14063,12501,14063,14063,12501,23438,14063,14063,25000,15625,25001,12500,14063,14063,14063,12500,14063,14063,12500,14063,14063,12500,14063,14063,15625,25000,23438]
anchor,A2,24:ec:4a:04:39:15,ch=6
ftm_report,A2,15,15,2.250
ftm_feats,A2,rtt_ps_min=10938,k2=10938,median=12501,p10=12500,p25=12500,p75=15234,iqr=2734,mad=1562,mean_trim=14714.0,std=5118.0,valid_ratio=0.938,rssi_mean=-23.07,rssi_min=-35,[12500,14063,14063,12501,12500,12501,14063,12500,26563,12501,14063,12501,14063,12500,15626,15625,12501,10938,25000,25001,12501,12500,12500,25001,12501,14063,12500,10938,25000,26563]
anchor,A2,24:ec:4a:04:39:15,ch=6
ftm_report,A2,14,14,2.100
ftm_feats,A2,rtt_ps_min=9375,k2=9376,median=12500,p10=10938,p25=10938,p75=14063,iqr=3125,mad=1562,mean_trim=13737.5,std=5775.5,valid_ratio=0.969,rssi_mean=-26.87,rssi_min=-35,[12501,12500,14063,12500,10938,10938,12500,9376,10938,14063,12500,12501,12501,10938,25001,12500,12501,26563,10938,26563,23438,12501,12501,12500,25000,25001,12500,10938,9375,26563,10938]
csi_data,A2,[0,0,7,14,7,13,7,13,6,12,7,12,6,12,6,12,7,11,7,10,7,10,8,10,8,9,9,9,9,9,8,9,9,10,9,10,8,10,8,11,7,11,6,11,5,10,5,10,5,10,4,10,3,10,0,0,0,0,0,0,0,0,0,0,0,0,0,0,0,0,0,0,0,0,0,0,6,9,5,10,5,10,5,11,4,11,4,12,3,13,2,13,2,13,2,12,2,13,2,12,2,12,3,12,3,12,3,12,3,12,4,12,4,12,5,12,5,12,5,12,6,13,7,13,8,13,7,13]
anchor,A2,24:ec:4a:04:39:15,ch=6
ftm_report,A2,15,15,2.250
ftm_feats,A2,rtt_ps_min=9376,k2=10938,median=12501,p10=10938,p25=12500,p75=14844,iqr=2344,mad=1562,mean_trim=14193.2,std=5379.3,valid_ratio=0.969,rssi_mean=-24.06,rssi_min=-35,[14063,12501,10938,12500,25001,12501,12501,15626,25001,26563,12500,12500,10938,12500,10938,12501,23438,12500,12500,12501,12501,12500,9376,10938,25000,25001,12500,14063,14063,25001,12501]
anchor,A2,24:ec:4a:04:39:15,ch=6
ftm_report,A2,14,14,2.100
ftm_feats,A2,rtt_ps_min=10938,k2=12500,median=14063,p10=12500,p25=12500,p75=14063,iqr=1562,mad=0,mean_trim=13542.1,std=3692.2,valid_ratio=0.969,rssi_mean=-13.94,rssi_min=-14,[12500,14063,14063,12500,12500,25001,10938,12500,25000,14063,12501,12501,14063,14063,15626,14063,14063,14063,12500,14063,26563,14063,14063,12500,14063,12501,14063,14063,12500,14063,14063]
csi_data,A2,[0,0,-6,14,-6,14,-6,13,-6,13,-5,13,-5,13,-5,13,-4,12,-4,12,-3,12,-3,12,-2,12,-2,12,-2,13,-2,13,-2,13,-3,13,-2,13,-3,13,-3,12,-4,12,-4,11,-5,11,-5,10,-5,10,-6,9,0,0,0,0,0,0,0,0,0,0,0,0,0,0,0,0,0,0,0,0,0,0,-4,10,-5,11,-6,10,-6,10,-7,10,-7,10,-8,10,-8,10,-9,10,-9,10,-9,10,-9,10,-9,9,-9,9,-8,10,-8,10,-7,10,-7,11,-7,11,-6,12,-6,12,-6,12,-6,13,-6,13,-6,14,-6,14]
anchor,A2,24:ec:4a:04:39:15,ch=6
ftm_report,A2,15,15,2.250
ftm_feats,A2,rtt_ps_min=9375,k2=9375,median=12500,p10=10938,p25=10938,p75=21094,iqr=10156,mad=1562,mean_trim=14323.4,std=6859.4,valid_ratio=0.938,rssi_mean=-22.87,rssi_min=-34,[9375,10938,10938,25000,10938,12500,10938,10938,9375,25000,12501,12501,12501,10938,23438,10938,10938,37501,23438,12500,12501,10938,12500,14063,23438,25000,10938,12501,10938,25000]
csi_data,A2,[0,0,10,11,9,11,10,11,9,10,10,10,9,9,9,9,9,8,9,8,10,7,10,7,10,6,10,6,11,7,10,7,11,7,10,7,10,7,10,8,9,8,9,8,8,8,7,8,7,8,6,8,5,9,0,0,0,0,0,0,0,0,0,0,0,0,0,0,0,0,0,0,0,0,0,0,8,7,8,8,7,8,7,10,7,9,7,10,6,11,6,11,6,11,5,11,5,11,5,12,5,11,6,11,6,11,6,11,6,10,7,10,8,10,8,10,8,10,9,10,9,10,10,10,10,11,10,11]
anchor,A2,24:ec:4a:04:39:15,ch=6
ftm_report,A2,15,15,2.250
ftm_feats,A2,rtt_ps_min=10938,k2=12500,median=14063,p10=12500,p25=12501,p75=14063,iqr=1562,mad=1562,mean_trim=13802.6,std=4778.5,valid_ratio=0.969,rssi_mean=-19.55,rssi_min=-33,[26563,12501,12500,14063,12500,25000,12501,14063,26563,26563,12500,14063,10938,12500,14063,12501,12500,14063,12501,14063,14063,12500,12501,14063,14063,14063,12501,14063,12501,25001,14063]
csi_data,A2,[0,0,6,14,5,13,5,13,5,13,6,12,5,12,6,12,6,11,6,11,7,10,7,10,7,9,8,9,8,9,8,9,8,10,8,10,7,10,7,11,6,10,6,11,5,10,5,10,4,10,3,10,3,10,0,0,0,0,0,0,0,0,0,0,0,0,0,0,0,0,0,0,0,0,0,0,4,9,4,10,3,11,3,11,3,11,2,12,1,12,1,12,1,13,1,12,1,13,1,13,1,12,1,12,1,12,1,12,2,12,3,11,3,12,3,12,4,12,4,13,5,12,6,13,5,13,6,13]
anchor,A2,24:ec:4a:04:39:15,ch=6
ftm_report,A2,15,15,2.250
ftm_feats,A2,rtt_ps_min=10938,k2=10938,median=12501,p10=10938,p25=12500,p75=14063,iqr=1563,mad=1562,mean_trim=14258.2,std=5296.4,valid_ratio=0.969,rssi_mean=-21.19,rssi_min=-22,[12501,12501,12500,23438,12500,12500,14063,10938,10938,25000,12500,25001,10938,12500,14063,14063,12500,14063,12501,25000,12501,10938,12500,12500,25000,25000,14063,14063,12500,26563,10938]
csi_data,A2,[0,0,-7,14,-6,14,-6,13,-6,14,-5,13,-5,13,-5,13,-4,12,-3,12,-3,12,-2,13,-2,12,-1,12,-2,12,-1,13,-1,13,-2,13,-2,13,-2,13,-3,13,-3,12,-4,12,-4,11,-4,11,-5,10,-5,9,0,0,0,0,0,0,0,0,0,0,0,0,0,0,0,0,0,0,0,0,0,0,-4,10,-5,10,-6,10,-7,10,-7,10,-8,10,-8,10,-8,10,-9,10,-9,10,-10,10,-9,9,-9,9,-9,9,-8,9,-8,10,-8,10,-7,10,-7,11,-7,12,-6,12,-6,12,-6,13,-6,13,-6,14,-6,14]
anchor,A2,24:ec:4a:04:39:15,ch=6
ftm_report,A2,15,15,2.250
ftm_feats,A2,rtt_ps_min=10938,k2=10938,median=12501,p10=10938,p25=12500,p75=14063,iqr=1563,mad=1562,mean_trim=14518.7,std=5398.2,valid_ratio=0.969,rssi_mean=-22.35,rssi_min=-34,[25001,26563,14063,12500,26563,12500,14063,12501,25001,10938,10938,12500,14063,12501,25000,10938,12501,14063,12500,14063,12500,12500,12500,14063,25001,12501,12501,14063,14063,25001,10938]
csi_data,A2,[0,0,-7,-15,-7,-14,-6,-14,-6,-14,-7,-13,-7,-13,-7,-12,-7,-12,-8,-12,-8,-11,-8,-11,-8,-10,-9,-10,-9,-10,-9,-10,-9,-11,-9,-11,-9,-11,-8,-11,-8,-11,-7,-12,-6,-11,-6,-11,-5,-11,-5,-11,-4,-11,0,0,0,0,0,0,0,0,0,0,0,0,0,0,0,0,0,0,0,0,0,0,-6,-11,-5,-11,-5,-12,-4,-12,-4,-12,-4,-13,-3,-13,-3,-13,-2,-14,-2,-14,-1,-14,-2,-14,-2,-13,-2,-13,-2,-13,-3,-13,-3,-13,-4,-13,-4,-13,-5,-13,-6,-13,-6,-14,-6,-13,-6,-14,-6,-14,-6,-15]
anchor,A2,24:ec:4a:04:39:15,ch=6
ftm_report,A2,17,17,2.550
ftm_feats,A2,rtt_ps_min=10938,k2=10938,median=14063,p10=12500,p25=12501,p75=25001,iqr=12500,mad=1563,mean_trim=16667.3,std=6400.6,valid_ratio=0.969,rssi_mean=-22.39,rssi_min=-34,[12500,26563,10938,12501,10938,14063,12501,12501,14063,25000,25001,14063,12500,14063,26563,14063,26563,12500,12501,12501,26563,26563,12500,12501,25001,25001,12501,12500,12501,26563,26563]
csi_data,A2,[0,0,-14,6,-13,6,-13,6,-13,6,-12,6,-12,7,-12,7,-11,7,-10,7,-10,7,-10,7,-10,8,-10,8,-10,8,-9,9,-9,8,-10,9,-10,8,-10,8,-11,7,-11,7,-11,6,-11,5,-11,5,-10,4,-10,3,0,0,0,0,0,0,0,0,0,0,0,0,0,0,0,0,0,0,0,0,0,0,-10,5,-10,5,-11,5,-11,4,-12,4,-12,3,-13,3,-13,2,-13,2,-13,2,-13,2,-13,1,-13,2,-13,2,-12,2,-12,3,-12,3,-12,4,-12,4,-13,5,-12,5,-13,6,-13,6,-13,6,-13,6,-13,6]
