[0;32mI (107) esp_image: segment 1: paddr=0002a068 vaddr=3fc99b00 sizeESP-ROM:esp32s3-20210327[0m
Build:Mar 27 2021
rst:0x15 (USB_UART_CHIP_RESET),boot:0x8 (SPI_FAST_FLASH_BOOT)
Saved PC:0x4037ac12
SPIWP:0xee
mode:DIO, clock div:1
load:0x3fce2810,len:0x15a0
load:0x403c8700,len:0x4
load:0x403c8704,len:0xd20
load:0x403cb700,len:0x2ee4
entry 0x403c8928
[0;32mI (26) boot: ESP-IDF v5.4-dirty 2nd stage bootloader[0m
[0;32mI (27) boot: compile time Sep 10 2025 06:38:52[0m
[0;32mI (27) boot: Multicore bootloader[0m
[0;32mI (27) boot: chip revision: v0.2[0m
[0;32mI (30) boot: efuse block revision: v1.3[0m
[0;32mI (34) boot.esp32s3: Boot SPI Speed : 80MHz[0m
[0;32mI (37) boot.esp32s3: SPI Mode       : DIO[0m
[0;32mI (41) boot.esp32s3: SPI Flash Size : 2MB[0m
[0;32mI (45) boot: Enabling RNG early entropy source...[0m
[0;32mI (49) boot: Partition Table:[0m
[0;32mI (52) boot: ## Label            Usage          Type ST Offset   Length[0m
[0;32mI (58) boot:  0 nvs              WiFi data        01 02 00009000 00006000[0m
[0;32mI (65) boot:  1 phy_init         RF data          01 01 0000f000 00001000[0m
[0;32mI (71) boot:  2 factory          factory app      00 00 00010000 00100000[0m
[0;32mI (78) boot: End of partition table[0m
[0;32mI (81) esp_image: segment 0: paddr=00010020 vaddr=3c090020 size=1a040h (106560) map[0m
[0;32mI (107) esp_image: segment 1: paddr=0002a068 vaddr=3fc99b00 size=04968h ( 18792) load[0m
[0;32mI (112) esp_image: segment 2: paddr=0002e9d8 vaddr=40374000 size=01640h (  5696) load[0m
[0;32mI (113) esp_image: segment 3: paddr=00030020 vaddr=42000020 size=86654h (550484) map[0m
[0;32mI (216) esp_image: segment 4: paddr=000b667c vaddr=40375640 size=143ech ( 82924) load[0m
[0;32mI (234) esp_image: segment 5: paddr=000caa70 vaddr=600fe100 size=0001ch (    28) load[0m
[0;32mI (243) boot: Loaded app from partition at offset 0x10000[0m
[0;32mI (243) boot: Disabling RNG early entropy source...[0m
[0;32mI (253) cpu_start: Multicore app[0m
[0;32mI (263) cpu_start: Pro cpu start user code[0m
[0;32mI (263) cpu_start: cpu freq: 160000000 Hz[0m
[0;32mI (263) app_init: Application information:[0m
[0;32mI (263) app_init: Project name:     initiator[0m
[0;32mI (267) app_init: App version:      75e1e0a9-dirty[0m
[0;32mI (271) app_init: Compile time:     Sep 15 2025 19:24:39[0m
[0;32mI (276) app_init: ELF file SHA256:  fe8c2c0a1...[0m
[0;32mI (281) app_init: ESP-IDF:          v5.4-dirty[0m
[0;32mI (285) efuse_init: Min chip rev:     v0.0[0m
[0;32mI (289) efuse_init: Max chip rev:     v0.99 [0m
[0;32mI (293) efuse_init: Chip rev:         v0.2[0m
[0;32mI (297) heap_init: Initializing. RAM available for dynamic allocation:[0m
[0;32mI (303) heap_init: At 3FCA20E0 len 00047630 (285 KiB): RAM[0m
[0;32mI (308) heap_init: At 3FCE9710 len 00005724 (21 KiB): RAM[0m
[0;32mI (313) heap_init: At 3FCF0000 len 00008000 (32 KiB): DRAM[0m
[0;32mI (318) heap_init: At 600FE11C len 00001ECC (7 KiB): RTCRAM[0m
[0;32mI (325) spi_flash: detected chip: gd[0m
[0;32mI (327) spi_flash: flash io: dio[0m
[0;33mW (330) spi_flash: Detected size(8192k) larger than the size in the binary image header(2048k). Using the size in the binary image header.[0m
[0;32mI (342) sleep_gpio: Configure to isolate all GPIO pins in sleep state[0m
[0;32mI (349) sleep_gpio: Enable automatic switching of GPIO sleep configuration[0m
[0;32mI (355) main_task: Started on CPU0[0m
[0;32mI (365) main_task: Calling app_main()[0m
[0;32mI (385) pp: pp rom version: e7ae62f[0m
[0;32mI (385) net80211: net80211 rom version: e7ae62f[0m
[0;32mI (405) wifi_init: rx ba win: 6[0m
[0;32mI (405) wifi_init: accept mbox: 6[0m
[0;32mI (405) wifi_init: tcpip mbox: 32[0m
[0;32mI (405) wifi_init: udp mbox: 6[0m
[0;32mI (405) wifi_init: tcp mbox: 6[0m
[0;32mI (405) wifi_init: tcp tx win: 5760[0m
[0;32mI (405) wifi_init: tcp rx win: 5760[0m
[0;32mI (405) wifi_init: tcp mss: 1440[0m
[0;32mI (405) wifi_init: WiFi IRAM OP enabled[0m
[0;32mI (405) wifi_init: WiFi RX IRAM OP enabled[0m
[0;32mI (405) phy_init: phy_version 680,a6008b2,Jun  4 2024,16:41:10[0m
[0;32mI (1605) TAG: STA connected to 24:ec:4a:04:39:15, ch=6 (sec=0)[0m
[0;32mI (1605) esp_netif_handlers: sta ip: 192.168.4.2, mask: 255.255.255.0, gw: 192.168.4.1[0m
[0;32mI (1605) TAG: Ready (multi-anchor): FTM burst + CSI 1Hz, UART=921600.[0m
[0;32mI (1605) main_task: Returned from app_main()[0m
anchor,A2,24:ec:4a:04:39:15,ch=6
ftm_report,A2,12,12,1.800
ftm_feats,A2,rtt_ps_min=7813,k2=7813,median=9375,p10=7813,p25=9375,p75=9376,iqr=1,mad=1,mean_trim=10026.5,std=7213.9,valid_ratio=1.000,rssi_mean=-13.00,rssi_min=-13,[7813,9375,34376,21875,9375,9375,7813,7813,9376,9376,9375,9375,9376,20313,9376]
csi_data,A2,[0,0,-6,13,-6,14,-6,13,-5,13,-6,13,-5,13,-5,12,-5,12,-3,12,-3,12,-2,12,-3,12,-2,12,-2,12,-1,13,-1,13,-1,13,-2,13,-2,13,-3,12,-3,12,-3,12,-4,11,-4,11,-5,10,-5,10,0,0,0,0,0,0,0,0,0,0,0,0,0,0,0,0,0,0,0,0,0,0,-4,10,-5,10,-6,10,-6,10,-7,10,-8,10,-8,10,-9,9,-9,9,-9,8,-9,9,-9,9,-9,9,-8,9,-8,9,-7,10,-7,10,-7,10,-7,11,-7,11,-7,11,-6,12,-7,12,-6,13,-6,13,-7,14]
anchor,A2,24:ec:4a:04:39:15,ch=6
ftm_report,A2,10,10,1.500
ftm_feats,A2,rtt_ps_min=7813,k2=7813,median=9376,p10=7813,p25=7813,p75=9376,iqr=1563,mad=1,mean_trim=8854.8,std=4256.9,valid_ratio=1.000,rssi_mean=-13.07,rssi_min=-14,[7813,7813,9375,20313,9376,7813,9376,9376,9376,7813,9375,7813,9376,9376,21876]
csi_data,A2,[0,0,-9,12,-8,12,-8,12,-7,12,-8,12,-8,12,-7,11,-7,11,-6,11,-5,11,-5,12,-5,11,-4,12,-4,12,-4,12,-4,13,-4,12,-4,13,-5,12,-5,11,-6,11,-6,11,-6,10,-7,10,-7,9,-7,9,0,0,0,0,0,0,0,0,0,0,0,0,0,0,0,0,0,0,0,0,0,0,-6,9,-7,9,-7,9,-8,9,-8,9,-10,9,-10,9,-10,8,-10,8,-10,7,-11,8,-10,8,-10,8,-10,8,-10,8,-9,9,-9,9,-8,9,-9,10,-9,10,-9,10,-9,11,-9,11,-9,13,-8,12,-9,13]
csi_data,A2,[0,0,-1,-15,-2,-16,-2,-15,-2,-15,-2,-15,-2,-15,-3,-14,-2,-14,-3,-13,-4,-13,-5,-13,-4,-13,-5,-12,-5,-13,-6,-13,-6,-13,-6,-12,-5,-13,-5,-14,-4,-13,-3,-13,-3,-13,-3,-13,-3,-13,-2,-12,-1,-12,0,0,0,0,0,0,0,0,0,0,0,0,0,0,0,0,0,0,0,0,0,0,-2,-12,-1,-12,-1,-12,0,-12,0,-13,1,-14,2,-13,3,-13,3,-13,3,-13,3,-14,2,-13,3,-13,2,-13,2,-13,1,-13,1,-13,0,-13,0,-14,0,-14,0,-14,-1,-14,-1,-15,-2,-16,-2,-15,-1,-16]
anchor,A2,24:ec:4a:04:39:15,ch=6
ftm_report,A2,11,11,1.650
ftm_feats,A2,rtt_ps_min=7813,k2=7813,median=9376,p10=7813,p25=9375,p75=9376,iqr=1,mad=1,mean_trim=10313.1,std=5500.2,valid_ratio=0.867,rssi_mean=-13.00,rssi_min=-13,[9375,9376,9376,21876,21876,7813,9376,9375,7813,9375,7813,21876,9376]
csi_data,A2,[0,0,0,14,1,14,1,14,1,14,1,14,1,14,1,12,1,12,2,12,2,12,3,12,3,11,3,11,3,12,4,12,5,12,4,12,3,12,3,12,2,12,1,12,1,11,0,11,0,12,0,11,-1,11,0,0,0,0,0,0,0,0,0,0,0,0,0,0,0,0,0,0,0,0,0,0,2,10,1,11,0,11,0,11,0,12,-1,12,-2,12,-3,12,-3,12,-4,12,-3,13,-3,12,-3,12,-3,12,-2,12,-2,12,-2,12,-1,12,-1,13,-1,13,-1,13,0,13,0,14,1,14,1,14,0,15]
anchor,A2,24:ec:4a:04:39:15,ch=6
ftm_report,A2,10,10,1.500
ftm_feats,A2,rtt_ps_min=7813,k2=7813,median=9376,p10=7813,p25=7813,p75=9376,iqr=1563,mad=1563,mean_trim=8724.7,std=4552.6,valid_ratio=1.000,rssi_mean=-13.00,rssi_min=-13,[9376,9376,21876,7813,9376,7813,7813,7813,7813,9376,7813,9375,9376,21876,9376]
csi_data,A2,[0,0,-7,13,-6,13,-6,13,-5,13,-6,13,-6,13,-5,12,-5,12,-4,12,-4,12,-3,13,-3,12,-2,12,-3,12,-2,12,-1,13,-2,13,-3,13,-4,13,-4,12,-5,12,-5,11,-5,11,-5,11,-5,10,-6,9,0,0,0,0,0,0,0,0,0,0,0,0,0,0,0,0,0,0,0,0,0,0,-4,10,-5,10,-6,10,-6,10,-7,10,-8,10,-8,10,-9,9,-9,9,-9,9,-9,10,-8,9,-9,9,-8,10,-8,9,-7,10,-7,10,-7,10,-7,11,-7,11,-7,11,-7,12,-7,12,-6,14,-6,13,-7,14]
anchor,A2,24:ec:4a:04:39:15,ch=6
ftm_report,A2,11,11,1.650
ftm_feats,A2,rtt_ps_min=6250,k2=7813,median=7813,p10=7813,p25=7813,p75=9376,iqr=1562,mad=0,mean_trim=9245.2,std=7431.6,valid_ratio=1.000,rssi_mean=-16.20,rssi_min=-33,[9375,7813,34375,20313,9376,7813,7813,9375,7813,20313,7813,7813,6250,7813,7813]
csi_data,A2,[0,0,-13,-10,-13,-10,-12,-10,-12,-10,-12,-9,-12,-9,-12,-9,-12,-8,-12,-8,-12,-7,-12,-7,-13,-6,-13,-6,-13,-6,-13,-6,-14,-6,-14,-6,-13,-6,-13,-7,-13,-7,-12,-7,-12,-8,-11,-8,-11,-8,-10,-8,-9,-9,0,0,0,0,0,0,0,0,0,0,0,0,0,0,0,0,0,0,0,0,0,0,-8,-6,-9,-7,-8,-7,-8,-8,-8,-9,-8,-9,-8,-10,-8,-10,-7,-10,-8,-10,-8,-11,-7,-11,-8,-10,-8,-10,-8,-10,-8,-10,-9,-10,-9,-9,-10,-10,-10,-9,-10,-9,-11,-10,-11,-9,-12,-9,-12,-10,-12,-10]
anchor,A2,24:ec:4a:04:39:15,ch=6
ftm_report,A2,13,13,1.950
ftm_feats,A2,rtt_ps_min=7813,k2=7813,median=9376,p10=8438,p25=9375,p75=20313,iqr=10938,mad=1,mean_trim=11979.7,std=5638.6,valid_ratio=1.000,rssi_mean=-13.67,rssi_min=-14,[7813,7813,9376,20313,21876,9376,20313,9375,21876,9375,9375,9376,9376,9375,20313]
csi_data,A2,[0,0,-2,15,-2,15,-2,14,-1,14,-1,14,-1,14,-1,13,0,13,0,13,1,13,1,13,2,12,2,12,2,12,3,13,2,13,2,13,2,13,1,13,1,13,0,13,0,13,-1,13,-1,12,-1,11,-2,11,0,0,0,0,0,0,0,0,0,0,0,0,0,0,0,0,0,0,0,0,0,0,-1,10,-1,10,-2,10,-3,10,-3,11,-3,11,-4,11,-4,11,-5,11,-5,11,-5,11,-5,11,-5,11,-5,11,-4,11,-4,11,-3,11,-3,12,-3,12,-2,12,-2,12,-2,13,-2,14,-1,14,-2,15,-2,14]
anchor,A2,24:ec:4a:04:39:15,ch=6
ftm_report,A2,13,13,1.950
ftm_feats,A2,rtt_ps_min=7813,k2=9375,median=9376,p10=9375,p25=9376,p75=21876,iqr=12500,mad=1562,mean_trim=12761.2,std=6167.9,valid_ratio=1.000,rssi_mean=-14.00,rssi_min=-14,[9375,10938,21876,21876,10938,9376,9376,9376,23438,7813,9375,9376,9376,21876,23438]
anchor,A2,24:ec:4a:04:39:15,ch=6
ftm_report,A2,12,12,1.800
ftm_feats,A2,rtt_ps_min=7813,k2=7813,median=9375,p10=7813,p25=7813,p75=14844,iqr=7032,mad=1562,mean_trim=10677.5,std=7722.5,valid_ratio=1.000,rssi_mean=-14.00,rssi_min=-14,[7813,34376,20313,7813,9375,9375,9375,9376,21875,7813,7813,7813,7813,21876,9376]
anchor,A2,24:ec:4a:04:39:15,ch=6
ftm_report,A2,10,10,1.500
ftm_feats,A2,rtt_ps_min=7813,k2=7813,median=7813,p10=7813,p25=7813,p75=9376,iqr=1563,mad=0,mean_trim=8464.1,std=4106.3,valid_ratio=1.000,rssi_mean=-14.53,rssi_min=-22,[20313,7813,9375,7813,7813,7813,9376,9376,9375,7813,7813,7813,9376,7813,20313]
csi_data,A2,[0,0,15,-2,14,-2,14,-2,14,-2,14,-3,13,-3,13,-3,12,-4,12,-4,12,-4,12,-5,11,-5,11,-5,12,-6,12,-6,12,-6,12,-6,12,-5,13,-5,12,-5,12,-4,12,-3,12,-3,12,-2,11,-1,11,-1,0,0,0,0,0,0,0,0,0,0,0,0,0,0,0,0,0,0,0,0,0,0,9,-2,9,-2,10,-2,11,-1,11,-1,11,0,11,0,11,0,11,1,11,1,12,1,11,2,12,1,11,1,11,0,12,1,11,0,11,-1,12,-1,12,-2,13,-2,13,-2,13,-2,14,-2,14,-2,14,-3]
anchor,A2,24:ec:4a:04:39:15,ch=6
ftm_report,A2,12,12,1.800
ftm_feats,A2,rtt_ps_min=9375,k2=9375,median=9376,p10=9375,p25=9376,p75=10938,iqr=1562,mad=1,mean_trim=10808.0,std=4870.3,valid_ratio=1.000,rssi_mean=-13.67,rssi_min=-14,[9376,21876,9376,10938,10938,9375,9376,10938,20313,9375,23438,10938,9376,9376,9376]
csi_data,A2,[0,0,-2,-15,-2,-16,-2,-15,-2,-16,-3,-15,-3,-14,-3,-14,-3,-14,-4,-13,-4,-13,-5,-13,-5,-12,-5,-13,-6,-13,-6,-13,-6,-13,-6,-13,-6,-13,-5,-14,-5,-13,-4,-13,-3,-13,-3,-13,-2,-13,-2,-12,-1,-12,0,0,0,0,0,0,0,0,0,0,0,0,0,0,0,0,0,0,0,0,0,0,-2,-10,-2,-11,-1,-11,0,-11,0,-12,0,-12,1,-12,1,-12,2,-12,2,-13,2,-13,2,-13,2,-12,1,-12,1,-12,1,-13,0,-13,0,-13,-1,-13,-1,-14,-1,-14,-2,-14,-2,-14,-2,-15,-2,-15,-2,-15]
anchor,A2,24:ec:4a:04:39:15,ch=6
ftm_report,A2,11,11,1.650
ftm_feats,A2,rtt_ps_min=7813,k2=7813,median=9376,p10=7813,p25=9375,p75=9376,iqr=1,mad=1,mean_trim=10156.9,std=5615.4,valid_ratio=1.000,rssi_mean=-13.47,rssi_min=-14,[9375,9375,9376,21876,7813,9376,9376,9375,7813,7813,9376,9376,9376,23438,23438]
csi_data,A2,[0,0,4,14,4,13,4,14,4,13,4,13,4,12,4,12,5,12,5,11,5,11,6,11,6,10,6,10,7,10,7,10,7,11,7,10,7,11,6,11,6,11,5,11,4,11,4,11,3,11,3,11,2,11,0,0,0,0,0,0,0,0,0,0,0,0,0,0,0,0,0,0,0,0,0,0,3,9,3,9,2,10,2,10,2,10,1,11,1,11,0,11,0,12,0,11,0,12,0,12,0,11,0,11,1,11,1,11,1,12,2,11,2,12,3,12,3,12,3,13,4,13,4,13,4,13,4,14]
anchor,A2,24:ec:4a:04:39:15,ch=6
ftm_report,A2,11,11,1.650
ftm_feats,A2,rtt_ps_min=7813,k2=9375,median=9376,p10=9375,p25=9375,p75=10157,iqr=782,mad=1,mean_trim=10417.1,std=4870.3,valid_ratio=1.000,rssi_mean=-13.73,rssi_min=-14,[9376,9376,20313,9375,9375,9375,9375,7813,9375,9375,23438,10938,9376,20313,9376]
anchor,A2,24:ec:4a:04:39:15,ch=6
ftm_report,A2,12,12,1.800
ftm_feats,A2,rtt_ps_min=7813,k2=7813,median=9375,p10=7813,p25=9375,p75=10157,iqr=782,mad=1,mean_trim=10286.7,std=7622.0,valid_ratio=1.000,rssi_mean=-13.67,rssi_min=-14,[9376,9375,21875,9375,7813,9375,9375,9375,10938,7813,7813,9375,9375,35938,21875]
anchor,A2,24:ec:4a:04:39:15,ch=6
ftm_report,A2,11,11,1.650
ftm_feats,A2,rtt_ps_min=7813,k2=7813,median=9376,p10=7813,p25=9375,p75=10157,iqr=782,mad=1,mean_trim=10156.8,std=4967.5,valid_ratio=1.000,rssi_mean=-14.00,rssi_min=-14,[9376,20313,21876,9376,7813,10938,7813,9375,9375,9376,9376,7813,21876,9375,9375]
csi_data,A2,[0,0,-4,-15,-5,-14,-5,-14,-5,-14,-5,-14,-5,-13,-5,-13,-5,-13,-6,-12,-6,-12,-7,-12,-7,-11,-7,-11,-7,-11,-8,-11,-8,-12,-7,-12,-8,-12,-7,-13,-6,-12,-6,-13,-5,-12,-4,-12,-4,-12,-4,-12,-2,-12,0,0,0,0,0,0,0,0,0,0,0,0,0,0,0,0,0,0,0,0,0,0,-4,-10,-4,-10,-3,-10,-3,-11,-2,-11,-2,-12,-2,-12,-1,-12,-1,-12,-1,-12,-1,-12,-1,-12,-1,-12,-1,-12,-1,-12,-2,-12,-2,-12,-2,-12,-3,-13,-3,-13,-4,-13,-4,-13,-5,-13,-5,-14,-5,-14,-5,-15]
anchor,A2,24:ec:4a:04:39:15,ch=6
ftm_report,A2,13,13,1.950
ftm_feats,A2,rtt_ps_min=7813,k2=9375,median=9376,p10=9375,p25=9375,p75=14844,iqr=5470,mad=1,mean_trim=11198.5,std=7609.1,valid_ratio=1.000,rssi_mean=-14.00,rssi_min=-14,[9376,9376,7813,35938,20313,9375,9375,9376,9376,9375,9376,9376,20313,9375,21875]
csi_data,A2,[0,0,-4,-15,-4,-15,-4,-15,-4,-15,-4,-14,-4,-14,-4,-13,-4,-13,-5,-13,-6,-12,-6,-12,-6,-12,-7,-12,-7,-12,-7,-12,-7,-12,-6,-12,-7,-13,-6,-13,-5,-13,-5,-13,-4,-13,-4,-13,-3,-12,-3,-12,-2,-12,0,0,0,0,0,0,0,0,0,0,0,0,0,0,0,0,0,0,0,0,0,0,-3,-10,-3,-10,-2,-11,-2,-11,-2,-11,-1,-12,0,-12,0,-13,0,-13,0,-12,0,-12,0,-12,0,-12,0,-12,0,-12,-1,-12,-1,-13,-2,-13,-2,-13,-2,-13,-3,-13,-3,-14,-4,-14,-4,-14,-4,-14,-4,-15]
anchor,A2,24:ec:4a:04:39:15,ch=6
ftm_report,A2,12,12,1.800
ftm_feats,A2,rtt_ps_min=7813,k2=7813,median=9375,p10=8438,p25=9375,p75=9376,iqr=1,mad=1,mean_trim=10286.8,std=6975.4,valid_ratio=1.000,rssi_mean=-13.93,rssi_min=-14,[9375,9375,21876,9375,9375,9376,9376,9375,7813,9375,9376,7813,9375,32813,21876]
anchor,A2,24:ec:4a:04:39:15,ch=6
ftm_report,A2,12,12,1.800
ftm_feats,A2,rtt_ps_min=7813,k2=7813,median=9375,p10=7813,p25=9375,p75=10938,iqr=1563,mad=1562,mean_trim=10417.1,std=7414.1,valid_ratio=1.000,rssi_mean=-14.00,rssi_min=-14,[7813,10938,34375,21876,9375,10938,9375,7813,7813,9376,9375,9375,9375,23438,9376]
anchor,A2,24:ec:4a:04:39:15,ch=6
ftm_report,A2,12,12,1.800
ftm_feats,A2,rtt_ps_min=7813,k2=7813,median=9376,p10=7813,p25=9375,p75=15626,iqr=6250,mad=1562,mean_trim=11068.2,std=5378.6,valid_ratio=1.000,rssi_mean=-14.00,rssi_min=-14,[9376,9375,20313,7813,9376,9376,9376,9375,7813,10938,21876,9375,21876,20313,7813]
csi_data,A2,[0,0,-3,15,-4,15,-4,14,-3,14,-3,14,-3,13,-2,13,-2,13,-1,13,0,12,0,13,0,12,0,13,1,13,1,13,1,13,0,13,0,13,0,13,0,13,-1,13,-1,13,-2,12,-2,12,-3,11,-3,11,0,0,0,0,0,0,0,0,0,0,0,0,0,0,0,0,0,0,0,0,0,0,-2,9,-3,10,-3,10,-4,10,-4,10,-5,10,-5,10,-5,10,-6,10,-6,10,-6,10,-6,10,-6,10,-6,10,-6,11,-6,11,-5,11,-4,11,-4,12,-4,12,-3,12,-4,13,-3,13,-3,14,-3,14,-3,14]
anchor,A2,24:ec:4a:04:39:15,ch=6
ftm_report,A2,12,12,1.800
ftm_feats,A2,rtt_ps_min=7813,k2=7813,median=9376,p10=7813,p25=8594,p75=15626,iqr=7032,mad=1563,mean_trim=11068.2,std=5603.8,valid_ratio=1.000,rssi_mean=-14.00,rssi_min=-14,[7813,9376,20313,10938,9376,10938,9376,9375,23438,21876,7813,7813,7813,20313,9375]
csi_data,A2,[0,0,10,11,9,11,9,11,9,11,9,10,9,10,9,9,10,9,9,8,10,8,10,8,10,7,10,7,11,7,11,7,11,7,11,7,11,7,11,8,10,8,10,8,9,9,9,8,8,9,7,9,7,9,0,0,0,0,0,0,0,0,0,0,0,0,0,0,0,0,0,0,0,0,0,0,6,7,6,7,6,8,6,9,6,9,5,10,5,10,5,10,5,11,5,11,4,11,4,11,5,11,5,11,5,10,5,11,5,10,6,10,6,10,7,10,8,10,8,11,9,10,9,11,9,11,10,11]
anchor,A2,24:ec:4a:04:39:15,ch=6
ftm_report,A2,13,13,1.950
ftm_feats,A2,rtt_ps_min=7813,k2=7813,median=9376,p10=7813,p25=8594,p75=21094,iqr=12500,mad=1563,mean_trim=12891.1,std=6541.8,valid_ratio=1.000,rssi_mean=-14.00,rssi_min=-14,[9376,21876,23438,20313,7813,9375,7813,9376,23438,7813,9375,9375,7813,21875,20313]
anchor,A2,24:ec:4a:04:39:15,ch=6
ftm_report,A2,12,12,1.800
ftm_feats,A2,rtt_ps_min=7813,k2=7813,median=9375,p10=8438,p25=9375,p75=15626,iqr=6250,mad=1,mean_trim=11328.5,std=5859.4,valid_ratio=1.000,rssi_mean=-14.00,rssi_min=-14,[21875,7813,21876,9376,9376,9376,9375,9375,9375,9375,23438,7813,9375,21876,9375]
anchor,A2,24:ec:4a:04:39:15,ch=6
ftm_report,A2,12,12,1.800
ftm_feats,A2,rtt_ps_min=7813,k2=7813,median=9376,p10=7813,p25=9375,p75=9376,iqr=1,mad=1,mean_trim=10026.7,std=7084.7,valid_ratio=1.000,rssi_mean=-14.00,rssi_min=-14,[9376,9375,9375,20313,9376,9376,7813,9375,9376,9376,7813,7813,9376,34375,20313]
csi_data,A2,[0,0,8,13,8,12,8,12,8,12,8,11,8,11,8,10,8,10,8,9,9,9,9,9,9,8,9,8,10,8,10,8,10,8,10,8,10,9,10,9,9,9,9,10,8,9,7,10,7,10,6,10,5,10,0,0,0,0,0,0,0,0,0,0,0,0,0,0,0,0,0,0,0,0,0,0,5,8,5,8,5,9,4,9,4,10,4,10,4,11,3,11,3,11,3,11,3,11,3,11,3,11,3,11,3,11,4,11,4,11,5,11,5,11,6,11,6,11,7,11,7,11,8,11,8,12,8,12]
anchor,A2,24:ec:4a:04:39:15,ch=6
ftm_report,A2,10,10,1.500
ftm_feats,A2,rtt_ps_min=7813,k2=7813,median=9376,p10=7813,p25=9375,p75=9376,iqr=1,mad=1,mean_trim=9115.2,std=4161.5,valid_ratio=1.000,rssi_mean=-14.00,rssi_min=-14,[9375,9375,21876,9376,7813,9375,9376,9376,7813,7813,9376,9376,9376,20313,9375]
csi_data,A2,[0,0,2,-16,2,-16,2,-15,2,-15,2,-15,1,-14,1,-14,0,-14,0,-14,-1,-13,-1,-14,-2,-13,-2,-13,-2,-14,-2,-14,-2,-14,-2,-14,-2,-14,-1,-14,-1,-14,-1,-14,0,-13,1,-13,1,-13,1,-12,2,-12,0,0,0,0,0,0,0,0,0,0,0,0,0,0,0,0,0,0,0,0,0,0,0,-10,1,-11,2,-11,2,-11,3,-11,3,-11,4,-12,4,-11,4,-11,5,-11,5,-11,5,-11,5,-11,4,-11,4,-11,4,-12,3,-12,3,-12,3,-13,3,-13,2,-13,2,-14,2,-14,2,-15,2,-15,2,-15]
anchor,A2,24:ec:4a:04:39:15,ch=6
ftm_report,A2,12,12,1.800
ftm_feats,A2,rtt_ps_min=7813,k2=7813,median=9376,p10=7813,p25=8594,p75=20313,iqr=11719,mad=1563,mean_trim=11849.5,std=5942.1,valid_ratio=1.000,rssi_mean=-14.00,rssi_min=-14,[7813,9375,7813,21876,20313,7813,9376,9375,21875,20313,7813,9376,9376,9376,21876]
csi_data,A2,[0,0,-15,0,-16,0,-15,0,-15,0,-15,1,-15,1,-14,1,-14,2,-13,2,-13,3,-13,3,-13,3,-13,3,-13,3,-13,4,-13,4,-14,4,-13,4,-14,3,-13,3,-14,2,-13,1,-13,1,-13,0,-12,0,-12,-1,0,0,0,0,0,0,0,0,0,0,0,0,0,0,0,0,0,0,0,0,0,0,-10,1,-11,0,-11,-1,-11,-1,-12,-1,-12,-2,-12,-2,-12,-2,-12,-3,-13,-3,-13,-4,-12,-4,-12,-3,-12,-3,-12,-3,-13,-3,-12,-2,-13,-1,-13,-1,-14,0,-14,0,-14,0,-15,0,-15,0,-15,0,-15,0]
anchor,A2,24:ec:4a:04:39:15,ch=6
ftm_report,A2,14,14,2.100
ftm_feats,A2,rtt_ps_min=7813,k2=7813,median=9376,p10=8438,p25=9376,p75=21875,iqr=12500,mad=1563,mean_trim=13412.0,std=6313.8,valid_ratio=1.000,rssi_mean=-13.93,rssi_min=-14,[9376,21875,21876,9376,9376,7813,9376,9375,21875,9375,7813,21876,9376,21876,21875]
anchor,A2,24:ec:4a:04:39:15,ch=6
ftm_report,A2,11,11,1.650
ftm_feats,A2,rtt_ps_min=7813,k2=9375,median=9375,p10=9375,p25=9375,p75=9376,iqr=1,mad=0,mean_trim=10286.8,std=4870.2,valid_ratio=1.000,rssi_mean=-14.00,rssi_min=-14,[9375,9375,20313,9375,9375,9375,9375,9376,21875,9375,9375,9376,9376,21875,7813]
anchor,A2,24:ec:4a:04:39:15,ch=6
ftm_report,A2,12,12,1.800
ftm_feats,A2,rtt_ps_min=7813,k2=7813,median=9375,p10=8125,p25=9375,p75=9376,iqr=1,mad=1,mean_trim=10312.8,std=7584.4,valid_ratio=0.867,rssi_mean=-14.00,rssi_min=-14,[9375,9375,9376,20313,21875,9375,7813,9375,9376,9375,9375,7813,34375]
csi_data,A2,[0,0,-13,8,-13,8,-13,7,-13,7,-13,8,-12,8,-12,8,-11,8,-11,8,-10,8,-10,9,-10,9,-10,9,-9,10,-9,10,-9,10,-10,10,-10,10,-10,9,-10,9,-11,9,-11,8,-11,7,-11,7,-11,6,-11,5,0,0,0,0,0,0,0,0,0,0,0,0,0,0,0,0,0,0,0,0,0,0,-9,5,-9,5,-10,4,-11,4,-11,4,-12,4,-12,3,-12,3,-12,3,-12,2,-12,2,-12,2,-12,2,-12,3,-12,3,-12,4,-12,4,-12,5,-12,5,-12,6,-12,6,-13,6,-13,7,-13,7,-13,7,-13,7]
anchor,A2,24:ec:4a:04:39:15,ch=6
ftm_report,A2,10,10,1.500
ftm_feats,A2,rtt_ps_min=7813,k2=7813,median=9375,p10=7813,p25=8594,p75=9376,iqr=782,mad=1,mean_trim=9115.1,std=4451.4,valid_ratio=1.000,rssi_mean=-13.93,rssi_min=-14,[10938,9375,21876,9376,7813,7813,9375,9375,9376,9375,7813,7813,9376,21876,9376]
csi_data,A2,[0,0,0,-16,-1,-16,0,-15,0,-15,-1,-15,-1,-15,-1,-14,-2,-14,-2,-14,-3,-13,-3,-13,-4,-13,-4,-13,-4,-13,-4,-13,-4,-14,-4,-14,-4,-14,-3,-14,-3,-14,-3,-14,-2,-14,-1,-13,-1,-13,0,-13,0,-12,0,0,0,0,0,0,0,0,0,0,0,0,0,0,0,0,0,0,0,0,0,0,-1,-11,-1,-11,0,-11,0,-11,1,-12,1,-12,2,-12,2,-12,3,-13,3,-12,3,-13,3,-13,3,-12,3,-12,2,-12,2,-13,1,-13,1,-13,1,-13,0,-14,0,-14,0,-15,-1,-14,0,-15,-1,-15,0,-16]
anchor,A2,24:ec:4a:04:39:15,ch=6
ftm_report,A2,12,12,1.800
ftm_feats,A2,rtt_ps_min=7813,k2=9376,median=9376,p10=9376,p25=9376,p75=18750,iqr=9374,mad=0,mean_trim=11648.6,std=5918.2,valid_ratio=0.933,rssi_mean=-14.00,rssi_min=-14,[9376,9376,9376,9376,9376,9376,9376,9376,21876,9376,7813,21876,21875,23438]
anchor,A2,24:ec:4a:04:39:15,ch=6
ftm_report,A2,10,10,1.500
ftm_feats,A2,rtt_ps_min=6251,k2=7813,median=9376,p10=7813,p25=8594,p75=9376,iqr=782,mad=1,mean_trim=8985.0,std=4026.2,valid_ratio=1.000,rssi_mean=-14.00,rssi_min=-14,[9375,20313,7813,9376,9376,9376,9376,6251,7813,9376,9375,9375,7813,20313,9376]
anchor,A2,24:ec:4a:04:39:15,ch=6
ftm_report,A2,11,11,1.650
ftm_feats,A2,rtt_ps_min=7813,k2=9375,median=9375,p10=9375,p25=9375,p75=9376,iqr=1,mad=0,mean_trim=10369.5,std=5001.2,valid_ratio=0.933,rssi_mean=-14.00,rssi_min=-14,[9375,7813,20313,21875,9375,9375,9375,9376,9375,9375,9376,21875,9375,9375]
csi_data,A2,[0,0,14,-5,14,-5,14,-5,14,-5,14,-5,13,-5,13,-5,12,-6,12,-6,12,-7,11,-7,11,-7,11,-8,11,-8,11,-8,11,-8,12,-8,12,-8,12,-7,12,-6,12,-6,12,-5,12,-5,12,-4,11,-3,11,-3,0,0,0,0,0,0,0,0,0,0,0,0,0,0,0,0,0,0,0,0,0,0,9,-4,9,-4,10,-3,10,-3,11,-3,11,-2,12,-2,12,-1,12,-1,12,-1,12,-1,12,-1,12,-1,12,-1,12,-1,12,-2,12,-2,12,-3,12,-3,13,-3,13,-4,13,-4,13,-5,14,-5,14,-5,14,-5]
anchor,A2,24:ec:4a:04:39:15,ch=6
ftm_report,A2,14,14,2.100
ftm_feats,A2,rtt_ps_min=7813,k2=7813,median=9376,p10=7813,p25=9375,p75=21094,iqr=11719,mad=1563,mean_trim=13021.4,std=6454.9,valid_ratio=1.000,rssi_mean=-14.00,rssi_min=-14,[7813,9376,9375,20313,21876,7813,9376,7813,23438,9376,9376,9375,23438,21875,20313]
csi_data,A2,[0,0,-15,5,-15,5,-15,5,-14,5,-14,5,-14,5,-13,5,-13,6,-12,6,-12,6,-12,7,-11,7,-11,7,-11,8,-11,8,-11,8,-12,8,-12,8,-12,8,-12,7,-12,7,-12,6,-12,5,-12,5,-12,4,-12,3,0,0,0,0,0,0,0,0,0,0,0,0,0,0,0,0,0,0,0,0,0,0,-9,4,-10,3,-11,3,-11,2,-12,2,-12,2,-12,1,-12,1,-13,0,-13,0,-13,0,-13,0,-13,1,-12,1,-13,1,-13,1,-13,2,-12,2,-13,3,-13,3,-13,4,-14,4,-13,5,-14,5,-15,5,-14,5]
anchor,A2,24:ec:4a:04:39:15,ch=6
ftm_report,A2,11,11,1.650
ftm_feats,A2,rtt_ps_min=7813,k2=7813,median=9376,p10=8438,p25=9376,p75=10938,iqr=1562,mad=1562,mean_trim=10547.5,std=4834.4,valid_ratio=1.000,rssi_mean=-14.00,rssi_min=-14,[9376,9376,21876,21875,9375,9375,9376,9376,10938,7813,7813,9376,20313,10938,10938]
anchor,A2,24:ec:4a:04:39:15,ch=6
ftm_report,A2,13,13,1.950
ftm_feats,A2,rtt_ps_min=7813,k2=7813,median=9375,p10=7813,p25=9375,p75=14844,iqr=5470,mad=1,mean_trim=10937.9,std=7431.9,valid_ratio=1.000,rssi_mean=-14.00,rssi_min=-14,[9375,9375,34376,21876,9376,9376,7813,9375,7813,20313,7813,9376,20313,9375,9375]
anchor,A2,24:ec:4a:04:39:15,ch=6
ftm_report,A2,12,12,1.800
ftm_feats,A2,rtt_ps_min=7813,k2=7813,median=9376,p10=8282,p25=9375,p75=9376,iqr=1,mad=0,mean_trim=9375.5,std=9099.8,valid_ratio=0.933,rssi_mean=-14.00,rssi_min=-14,[35938,9376,9376,9376,7813,10938,9375,7813,9375,9376,34375,9375,9375,9375]
anchor,A2,24:ec:4a:04:39:15,ch=6
ftm_report,A2,11,11,1.650
ftm_feats,A2,rtt_ps_min=7813,k2=7813,median=9375,p10=7813,p25=7813,p75=9376,iqr=1563,mad=1562,mean_trim=9896.2,std=5305.3,valid_ratio=1.000,rssi_mean=-14.00,rssi_min=-14,[9375,9375,9376,7813,21875,21876,7813,7813,21875,9376,7813,9375,7813,9376,9375]
csi_data,A2,[0,0,15,2,15,2,14,2,14,2,14,2,13,2,13,1,13,1,13,0,12,-1,13,-1,12,-2,13,-2,13,-2,13,-2,13,-2,13,-2,13,-2,13,-1,13,-1,13,0,13,0,12,1,12,1,12,1,11,2,0,0,0,0,0,0,0,0,0,0,0,0,0,0,0,0,0,0,0,0,0,0,9,1,10,1,10,2,10,3,10,3,11,4,10,4,10,4,10,5,10,5,10,5,10,5,11,5,11,5,11,4,11,4,11,4,11,3,12,3,12,3,12,2,13,3,13,2,14,2,14,2,14,2]
anchor,A2,24:ec:4a:04:39:15,ch=6
ftm_report,A2,11,11,1.650
ftm_feats,A2,rtt_ps_min=9375,k2=9375,median=9376,p10=9375,p25=9375,p75=10157,iqr=782,mad=1,mean_trim=10417.2,std=4559.5,valid_ratio=1.000,rssi_mean=-14.00,rssi_min=-14,[9376,9375,20313,9375,9376,9375,9375,10938,9375,9376,9376,9376,21875,9375,20313]
csi_data,A2,[0,0,11,10,11,9,11,9,11,9,11,9,11,8,11,8,10,7,11,7,11,6,11,6,11,5,11,5,12,5,12,5,12,5,12,6,12,6,12,6,11,6,11,7,10,7,10,7,9,7,8,7,8,8,0,0,0,0,0,0,0,0,0,0,0,0,0,0,0,0,0,0,0,0,0,0,7,6,7,6,7,7,7,8,7,8,7,8,7,9,7,9,7,10,6,10,6,10,6,10,6,10,6,10,7,9,7,9,7,9,8,9,8,9,9,8,9,8,10,9,10,9,11,9,11,9,11,9]
anchor,A2,24:ec:4a:04:39:15,ch=6
ftm_report,A2,9,9,1.350
ftm_feats,A2,rtt_ps_min=7813,k2=7813,median=8594,p10=7813,p25=7813,p75=9375,iqr=1562,mad=781,mean_trim=9961.4,std=3978.8,valid_ratio=0.533,rssi_mean=-14.00,rssi_min=-14,[9375,9375,20313,7813,7813,7813,7813,9376]
anchor,A2,24:ec:4a:04:39:15,ch=6
ftm_report,A2,12,12,1.800
ftm_feats,A2,rtt_ps_min=7813,k2=7813,median=9375,p10=7813,p25=8594,p75=9376,iqr=782,mad=1,mean_trim=9896.3,std=7266.3,valid_ratio=1.000,rssi_mean=-14.00,rssi_min=-14,[9375,20313,7813,7813,9376,7813,9376,9375,9375,9376,7813,9375,34375,21876,9376]
anchor,A2,24:ec:4a:04:39:15,ch=6
ftm_report,A2,11,11,1.650
ftm_feats,A2,rtt_ps_min=7813,k2=7813,median=9375,p10=7813,p25=7813,p75=9376,iqr=1562,mad=1562,mean_trim=9765.9,std=4903.6,valid_ratio=1.000,rssi_mean=-14.00,rssi_min=-14,[9376,9375,9375,20313,7813,7813,9375,9375,21875,9375,9375,7813,7813,20313,7813]
csi_data,A2,[0,0,-7,13,-7,13,-7,13,-7,13,-7,13,-6,12,-6,12,-5,12,-5,12,-4,12,-4,12,-3,12,-3,13,-3,13,-3,13,-2,13,-3,13,-3,13,-3,13,-4,13,-4,13,-5,12,-5,12,-5,11,-6,11,-6,10,0,0,0,0,0,0,0,0,0,0,0,0,0,0,0,0,0,0,0,0,0,0,-5,8,-5,9,-6,8,-7,8,-7,8,-7,9,-8,8,-8,8,-9,8,-9,8,-9,8,-9,8,-9,8,-9,8,-8,9,-8,9,-8,9,-7,10,-7,10,-7,11,-7,11,-7,12,-7,12,-7,13,-7,13,-7,13]
anchor,A2,24:ec:4a:04:39:15,ch=6
ftm_report,A2,12,12,1.800
ftm_feats,A2,rtt_ps_min=7813,k2=7813,median=9375,p10=7813,p25=7813,p75=16407,iqr=8594,mad=1562,mean_trim=10653.9,std=5553.7,valid_ratio=0.933,rssi_mean=-15.36,rssi_min=-33,[7813,9375,20313,7813,7813,7813,9375,7813,21876,18751,9375,21876,9376,9376]
csi_data,A2,[0,0,15,3,14,3,14,3,14,2,14,2,14,2,13,1,13,1,13,1,12,0,13,0,13,-1,13,-1,13,-1,13,-1,14,-1,14,-1,14,-1,13,0,13,0,13,0,13,1,12,1,12,2,11,2,11,3,0,0,0,0,0,0,0,0,0,0,0,0,0,0,0,0,0,0,0,0,0,0,9,1,10,1,10,2,10,3,10,3,10,3,10,4,10,4,10,5,10,5,10,5,10,5,10,5,10,5,11,4,11,4,11,4,11,3,12,3,12,3,12,2,13,2,13,2,14,2,14,3,14,2]
anchor,A2,24:ec:4a:04:39:15,ch=6
ftm_report,A2,10,10,1.500
ftm_feats,A2,rtt_ps_min=7813,k2=7813,median=9375,p10=7813,p25=7813,p75=9375,iqr=1562,mad=1562,mean_trim=8665.1,std=4164.0,valid_ratio=0.933,rssi_mean=-16.57,rssi_min=-22,[9375,20313,7813,7813,9375,9375,9375,7813,7813,9376,9375,7813,20313,7813]
anchor,A2,24:ec:4a:04:39:15,ch=6
ftm_report,A2,10,10,1.500
ftm_feats,A2,rtt_ps_min=6251,k2=7813,median=8594,p10=7813,p25=7813,p75=9375,iqr=1562,mad=781,mean_trim=8523.1,std=4287.8,valid_ratio=0.933,rssi_mean=-18.07,rssi_min=-33,[7813,7813,20313,9375,9375,7813,6251,9376,7813,7813,20313,9375,7813,9375]
anchor,A2,24:ec:4a:04:39:15,ch=6
ftm_report,A2,11,11,1.650
ftm_feats,A2,rtt_ps_min=7813,k2=7813,median=9375,p10=7813,p25=8594,p75=9376,iqr=782,mad=1,mean_trim=9896.3,std=5054.0,valid_ratio=1.000,rssi_mean=-16.40,rssi_min=-22,[7813,9375,21875,20313,9376,7813,9376,9375,9376,9375,7813,7813,9375,21876,9376]
csi_data,A2,[0,0,-10,-13,-9,-12,-9,-12,-9,-12,-9,-11,-9,-11,-9,-11,-9,-10,-10,-10,-10,-9,-11,-9,-11,-8,-11,-8,-11,-8,-11,-8,-11,-9,-11,-9,-11,-9,-11,-10,-10,-10,-10,-10,-9,-10,-9,-10,-9,-10,-8,-10,-7,-10,0,0,0,0,0,0,0,0,0,0,0,0,0,0,0,0,0,0,0,0,0,0,-7,-8,-7,-9,-6,-9,-6,-10,-6,-10,-6,-11,-5,-11,-5,-11,-5,-12,-5,-12,-5,-12,-5,-12,-5,-11,-5,-11,-5,-11,-5,-12,-6,-11,-7,-11,-7,-11,-7,-11,-8,-11,-8,-12,-9,-11,-10,-12,-10,-12,-9,-12]
anchor,A2,24:ec:4a:04:39:15,ch=6
ftm_report,A2,11,11,1.650
ftm_feats,A2,rtt_ps_min=7813,k2=7813,median=9376,p10=7813,p25=9375,p75=9376,iqr=1,mad=1,mean_trim=10156.9,std=5191.5,valid_ratio=1.000,rssi_mean=-14.00,rssi_min=-14,[9376,9376,21875,7813,9375,7813,9375,9376,9376,9376,9376,9376,7813,21876,21875]
csi_data,A2,[0,0,12,-9,12,-9,12,-9,12,-9,11,-9,11,-9,11,-9,10,-9,10,-9,9,-9,9,-10,8,-10,8,-10,8,-11,8,-11,8,-11,9,-11,9,-11,9,-10,9,-10,10,-9,10,-9,10,-8,10,-7,10,-7,10,-6,0,0,0,0,0,0,0,0,0,0,0,0,0,0,0,0,0,0,0,0,0,0,7,-7,8,-7,8,-6,9,-6,9,-6,10,-6,10,-5,10,-5,11,-5,11,-4,11,-4,11,-4,11,-4,11,-5,11,-5,11,-5,10,-6,10,-6,11,-7,11,-7,11,-8,11,-8,11,-9,11,-9,12,-9,12,-9]
anchor,A2,24:ec:4a:04:39:15,ch=6
ftm_report,A2,12,12,1.800
ftm_feats,A2,rtt_ps_min=7813,k2=7813,median=9376,p10=7813,p25=8594,p75=14844,iqr=6250,mad=1563,mean_trim=10807.8,std=5486.4,valid_ratio=1.000,rssi_mean=-14.47,rssi_min=-21,[21876,9376,9375,20313,7813,9376,9376,7813,9375,9376,9375,7813,7813,21876,20313]
csi_data,A2,[0,0,13,7,13,7,13,6,13,6,13,6,13,5,12,5,12,4,12,4,12,3,13,3,12,2,13,2,13,2,14,1,13,2,14,2,13,2,13,3,13,3,13,3,12,4,12,4,12,5,11,5,10,5,0,0,0,0,0,0,0,0,0,0,0,0,0,0,0,0,0,0,0,0,0,0,8,4,9,5,9,6,8,6,9,7,9,7,9,8,9,8,8,8,8,9,8,9,8,9,8,8,8,8,8,8,9,8,9,7,10,7,10,7,11,6,11,6,12,6,12,6,13,6,13,7,13,7]
