[0;32mI (107) esp_image: segment 1: paddr=00029fe8 vaddr=3fc99b00 sizeESP-ROM:esp32s3-20210327[0m
Build:Mar 27 2021
rst:0x15 (USB_UART_CHIP_RESET),boot:0x8 (SPI_FAST_FLASH_BOOT)
Saved PC:0x4037ac12
SPIWP:0xee
mode:DIO, clock div:1
load:0x3fce2810,len:0x15a0
load:0x403c8700,len:0x4
load:0x403c8704,len:0xd20
load:0x403cb700,len:0x2ee4
entry 0x403c8928
[0;32mI (26) boot: ESP-IDF v5.4-dirty 2nd stage bootloader[0m
[0;32mI (27) boot: compile time Sep 10 2025 06:38:52[0m
[0;32mI (27) boot: Multicore bootloader[0m
[0;32mI (27) boot: chip revision: v0.2[0m
[0;32mI (30) boot: efuse block revision: v1.3[0m
[0;32mI (34) boot.esp32s3: Boot SPI Speed : 80MHz[0m
[0;32mI (37) boot.esp32s3: SPI Mode       : DIO[0m
[0;32mI (41) boot.esp32s3: SPI Flash Size : 2MB[0m
[0;32mI (45) boot: Enabling RNG early entropy source...[0m
[0;32mI (49) boot: Partition Table:[0m
[0;32mI (52) boot: ## Label            Usage          Type ST Offset   Length[0m
[0;32mI (58) boot:  0 nvs              WiFi data        01 02 00009000 00006000[0m
[0;32mI (65) boot:  1 phy_init         RF data          01 01 0000f000 00001000[0m
[0;32mI (71) boot:  2 factory          factory app      00 00 00010000 00100000[0m
[0;32mI (78) boot: End of partition table[0m
[0;32mI (81) esp_image: segment 0: paddr=00010020 vaddr=3c090020 size=19fc0h (106432) map[0m
[0;32mI (107) esp_image: segment 1: paddr=00029fe8 vaddr=3fc99b00 size=04968h ( 18792) load[0m
[0;32mI (112) esp_image: segment 2: paddr=0002e958 vaddr=40374000 size=016c0h (  5824) load[0m
[0;32mI (113) esp_image: segment 3: paddr=00030020 vaddr=42000020 size=85a44h (547396) map[0m
[0;32mI (215) esp_image: segment 4: paddr=000b5a6c vaddr=403756c0 size=1436ch ( 82796) load[0m
[0;32mI (234) esp_image: segment 5: paddr=000c9de0 vaddr=600fe100 size=0001ch (    28) load[0m
[0;32mI (242) boot: Loaded app from partition at offset 0x10000[0m
[0;32mI (243) boot: Disabling RNG early entropy source...[0m
[0;32mI (253) cpu_start: Multicore app[0m
[0;32mI (262) cpu_start: Pro cpu start user code[0m
[0;32mI (262) cpu_start: cpu freq: 160000000 Hz[0m
[0;32mI (262) app_init: Application information:[0m
[0;32mI (263) app_init: Project name:     initiator[0m
[0;32mI (266) app_init: App version:      75e1e0a9-dirty[0m
[0;32mI (271) app_init: Compile time:     Sep 15 2025 19:24:39[0m
[0;32mI (276) app_init: ELF file SHA256:  ed405056b...[0m
[0;32mI (280) app_init: ESP-IDF:          v5.4-dirty[0m
[0;32mI (284) efuse_init: Min chip rev:     v0.0[0m
[0;32mI (288) efuse_init: Max chip rev:     v0.99 [0m
[0;32mI (292) efuse_init: Chip rev:         v0.2[0m
[0;32mI (296) heap_init: Initializing. RAM available for dynamic allocation:[0m
[0;32mI (302) heap_init: At 3FCA25D8 len 00047138 (284 KiB): RAM[0m
[0;32mI (307) heap_init: At 3FCE9710 len 00005724 (21 KiB): RAM[0m
[0;32mI (313) heap_init: At 3FCF0000 len 00008000 (32 KiB): DRAM[0m
[0;32mI (318) heap_init: At 600FE11C len 00001ECC (7 KiB): RTCRAM[0m
[0;32mI (324) spi_flash: detected chip: gd[0m
[0;32mI (326) spi_flash: flash io: dio[0m
[0;33mW (329) spi_flash: Detected size(8192k) larger than the size in the binary image header(2048k). Using the size in the binary image header.[0m
[0;32mI (342) sleep_gpio: Configure to isolate all GPIO pins in sleep state[0m
[0;32mI (348) sleep_gpio: Enable automatic switching of GPIO sleep configuration[0m
[0;32mI (355) main_task: Started on CPU0[0m
[0;32mI (365) main_task: Calling app_main()[0m
[0;32mI (385) pp: pp rom version: e7ae62f[0m
[0;32mI (385) net80211: net80211 rom version: e7ae62f[0m
[0;32mI (405) wifi_init: rx ba win: 6[0m
[0;32mI (405) wifi_init: accept mbox: 6[0m
[0;32mI (405) wifi_init: tcpip mbox: 32[0m
[0;32mI (405) wifi_init: udp mbox: 6[0m
[0;32mI (405) wifi_init: tcp mbox: 6[0m
[0;32mI (405) wifi_init: tcp tx win: 5760[0m
[0;32mI (405) wifi_init: tcp rx win: 5760[0m
[0;32mI (405) wifi_init: tcp mss: 1440[0m
[0;32mI (405) wifi_init: WiFi IRAM OP enabled[0m
[0;32mI (405) wifi_init: WiFi RX IRAM OP enabled[0m
[0;32mI (405) phy_init: phy_version 680,a6008b2,Jun  4 2024,16:41:10[0m
[0;32mI (1525) TAG: STA connected to 24:ec:4a:04:39:15, ch=6 (sec=0)[0m
[0;32mI (1525) esp_netif_handlers: sta ip: 192.168.4.2, mask: 255.255.255.0, gw: 192.168.4.1[0m
[0;32mI (1525) TAG: Ready (multi-anchor): FTM burst + CSI 1Hz, UART=921600.[0m
[0;32mI (1525) main_task: Returned from app_main()[0m
anchor,A2,24:ec:4a:04:39:15,ch=6
ftm_report,A2,5,5,0.750
[0;33mW (1675) TAG: esp_wifi_ftm_get_report() failed.[0m
anchor,A2,24:ec:4a:04:39:15,ch=6
ftm_report,A2,6,6,0.900
[0;33mW (2565) TAG: esp_wifi_ftm_get_report() failed.[0m
anchor,A2,24:ec:4a:04:39:15,ch=6
ftm_report,A2,5,5,0.750
[0;33mW (3475) TAG: esp_wifi_ftm_get_report() failed.[0m
anchor,A2,24:ec:4a:04:39:15,ch=6
ftm_report,A2,210,210,31.500
[0;33mW (4885) TAG: esp_wifi_ftm_get_report() failed.[0m
csi_data,A2,[0,0,13,3,14,3,13,3,13,2,13,2,13,2,13,1,12,1,12,0,12,0,12,-1,12,-1,12,-2,12,-2,13,-2,13,-2,13,-2,13,-2,13,-1,13,-1,13,0,12,0,12,1,12,2,11,2,10,3,0,0,0,0,0,0,0,0,0,0,0,0,0,0,0,0,0,0,0,0,0,0,11,2,11,3,11,4,11,4,11,5,11,6,11,6,11,7,11,7,10,7,10,7,10,7,10,7,10,7,10,6,10,6,11,5,11,5,11,4,12,4,12,4,13,3,13,4,13,3,13,3,14,3]
anchor,A2,24:ec:4a:04:39:15,ch=6
ftm_report,A2,5,5,0.750
[0;33mW (5775) TAG: esp_wifi_ftm_get_report() failed.[0m
anchor,A2,24:ec:4a:04:39:15,ch=6
ftm_report,A2,6,6,0.900
[0;33mW (6665) TAG: esp_wifi_ftm_get_report() failed.[0m
anchor,A2,24:ec:4a:04:39:15,ch=6
ftm_report,A2,7,7,1.050
[0;33mW (7575) TAG: esp_wifi_ftm_get_report() failed.[0m
anchor,A2,24:ec:4a:04:39:15,ch=6
ftm_report,A2,5,5,0.750
[0;33mW (8485) TAG: esp_wifi_ftm_get_report() failed.[0m
anchor,A2,24:ec:4a:04:39:15,ch=6
ftm_report,A2,5,5,0.750
[0;33mW (9395) TAG: esp_wifi_ftm_get_report() failed.[0m
anchor,A2,24:ec:4a:04:39:15,ch=6
ftm_report,A2,5,5,0.750
[0;33mW (10285) TAG: esp_wifi_ftm_get_report() failed.[0m
csi_data,A2,[0,0,10,-10,11,-10,10,-10,10,-10,9,-10,9,-10,9,-10,8,-10,7,-10,7,-11,7,-11,6,-11,6,-11,6,-12,6,-12,6,-12,6,-12,6,-12,7,-12,7,-12,7,-11,8,-11,8,-10,8,-9,8,-9,8,-8,0,0,0,0,0,0,0,0,0,0,0,0,0,0,0,0,0,0,0,0,0,0,8,-8,9,-8,10,-8,10,-7,11,-7,12,-7,12,-6,12,-6,12,-6,12,-5,12,-5,12,-5,12,-5,12,-5,11,-5,11,-6,11,-6,11,-7,11,-7,11,-8,10,-8,11,-9,10,-9,11,-10,11,-10,11,-10]
anchor,A2,24:ec:4a:04:39:15,ch=6
ftm_report,A2,8,8,1.200
[0;33mW (11195) TAG: esp_wifi_ftm_get_report() failed.[0m
csi_data,A2,[0,0,-15,-3,-15,-3,-15,-3,-14,-3,-14,-2,-14,-2,-14,-2,-13,-1,-13,-1,-13,0,-13,0,-13,1,-13,1,-13,1,-13,1,-14,1,-14,1,-14,1,-14,0,-14,0,-14,-1,-14,-2,-13,-2,-13,-2,-12,-3,-12,-4,0,0,0,0,0,0,0,0,0,0,0,0,0,0,0,0,0,0,0,0,0,0,-12,-2,-12,-3,-12,-3,-13,-4,-13,-5,-13,-6,-12,-6,-12,-7,-12,-7,-12,-7,-12,-7,-12,-7,-12,-7,-12,-7,-12,-6,-12,-6,-12,-6,-12,-5,-13,-5,-13,-4,-13,-4,-14,-4,-14,-3,-14,-3,-15,-3,-15,-3]
anchor,A2,24:ec:4a:04:39:15,ch=6
ftm_report,A2,5,5,0.750
[0;33mW (12105) TAG: esp_wifi_ftm_get_report() failed.[0m
csi_data,A2,[0,0,-15,2,-15,2,-15,2,-15,2,-14,2,-14,2,-14,3,-13,3,-13,3,-13,4,-12,5,-12,5,-12,5,-12,5,-12,6,-12,6,-13,6,-13,5,-13,5,-13,4,-13,4,-14,3,-13,2,-13,2,-12,1,-13,0,0,0,0,0,0,0,0,0,0,0,0,0,0,0,0,0,0,0,0,0,0,0,-12,2,-12,1,-13,1,-13,0,-13,-1,-14,-1,-14,-2,-14,-2,-14,-3,-14,-3,-14,-3,-13,-3,-13,-3,-13,-3,-13,-2,-13,-2,-13,-1,-13,-1,-14,-1,-14,0,-14,0,-14,1,-14,1,-15,2,-15,2,-15,1]
anchor,A2,24:ec:4a:04:39:15,ch=6
ftm_report,A2,5,5,0.750
[0;33mW (13515) TAG: esp_wifi_ftm_get_report() failed.[0m
anchor,A2,24:ec:4a:04:39:15,ch=6
ftm_report,A2,5,5,0.750
[0;33mW (14425) TAG: esp_wifi_ftm_get_report() failed.[0m
anchor,A2,24:ec:4a:04:39:15,ch=6
ftm_report,A2,7,7,1.050
[0;33mW (15315) TAG: esp_wifi_ftm_get_report() failed.[0m
csi_data,A2,[0,0,-14,-6,-14,-5,-14,-5,-14,-5,-14,-4,-13,-4,-13,-4,-13,-3,-13,-3,-13,-2,-13,-2,-13,-1,-13,-1,-13,-1,-14,0,-14,-1,-14,-1,-14,-1,-14,-1,-14,-2,-14,-2,-13,-3,-13,-3,-13,-4,-11,-4,-11,-5,0,0,0,0,0,0,0,0,0,0,0,0,0,0,0,0,0,0,0,0,0,0,-12,-5,-12,-6,-12,-6,-11,-7,-12,-8,-12,-8,-11,-9,-11,-9,-11,-10,-11,-10,-10,-10,-10,-10,-10,-9,-10,-9,-10,-9,-11,-8,-11,-8,-11,-8,-12,-7,-12,-7,-12,-7,-13,-6,-13,-6,-14,-6,-14,-6,-14,-6]
anchor,A2,24:ec:4a:04:39:15,ch=6
ftm_report,A2,5,5,0.750
[0;33mW (16205) TAG: esp_wifi_ftm_get_report() failed.[0m
csi_data,A2,[0,0,2,-14,2,-14,2,-14,2,-14,2,-14,1,-13,1,-13,0,-13,0,-13,-1,-13,-2,-13,-2,-13,-2,-13,-2,-13,-3,-13,-3,-13,-2,-13,-2,-14,-2,-14,-1,-13,-1,-13,0,-13,0,-13,1,-13,1,-12,2,-12,0,0,0,0,0,0,0,0,0,0,0,0,0,0,0,0,0,0,0,0,0,0,2,-12,2,-12,3,-12,4,-12,4,-12,5,-13,6,-12,6,-12,7,-12,7,-11,7,-12,7,-11,7,-11,6,-11,6,-11,5,-11,5,-12,4,-12,4,-12,4,-13,4,-13,3,-13,3,-14,3,-14,3,-14,3,-15]
anchor,A2,24:ec:4a:04:39:15,ch=6
ftm_report,A2,5,5,0.750
[0;33mW (17095) TAG: esp_wifi_ftm_get_report() failed.[0m
csi_data,A2,[0,0,-6,-14,-6,-13,-6,-13,-6,-13,-6,-13,-6,-12,-7,-12,-7,-11,-7,-11,-8,-10,-8,-10,-8,-10,-8,-10,-9,-10,-9,-10,-9,-10,-9,-10,-9,-11,-9,-11,-8,-11,-8,-11,-7,-11,-6,-11,-6,-11,-5,-11,-4,-11,0,0,0,0,0,0,0,0,0,0,0,0,0,0,0,0,0,0,0,0,0,0,-5,-11,-5,-12,-4,-12,-4,-12,-3,-13,-3,-13,-2,-14,-2,-14,-1,-14,-1,-13,-1,-13,-1,-13,-1,-13,-1,-13,-2,-13,-2,-12,-3,-13,-3,-12,-3,-13,-4,-13,-4,-13,-5,-13,-5,-13,-5,-13,-5,-13,-6,-14]
anchor,A2,24:ec:4a:04:39:15,ch=6
ftm_report,A2,5,5,0.750
[0;33mW (18005) TAG: esp_wifi_ftm_get_report() failed.[0m
csi_data,A2,[0,0,2,14,2,14,2,13,2,13,2,13,2,13,3,12,3,12,3,11,4,11,5,11,5,11,5,11,5,11,6,11,6,11,6,11,5,12,5,12,4,12,4,12,3,12,2,12,2,12,1,11,0,11,0,0,0,0,0,0,0,0,0,0,0,0,0,0,0,0,0,0,0,0,0,0,2,11,2,12,1,12,0,12,0,13,-1,13,-2,13,-2,13,-3,13,-3,13,-3,13,-3,12,-3,12,-2,12,-2,12,-2,12,-1,12,-1,12,-1,12,0,13,0,13,1,13,1,13,2,14,2,14,2,14]
anchor,A2,24:ec:4a:04:39:15,ch=6
ftm_report,A2,7,7,1.050
[0;33mW (18915) TAG: esp_wifi_ftm_get_report() failed.[0m
csi_data,A2,[0,0,3,-15,3,-15,3,-14,3,-15,2,-14,2,-14,2,-14,1,-13,1,-13,0,-13,0,-13,-1,-13,-1,-13,-1,-14,-2,-14,-2,-14,-1,-14,-1,-14,-1,-14,0,-14,0,-14,1,-14,2,-13,2,-13,3,-12,3,-11,0,0,0,0,0,0,0,0,0,0,0,0,0,0,0,0,0,0,0,0,0,0,2,-12,3,-12,4,-13,5,-12,5,-13,6,-13,6,-13,7,-12,7,-12,7,-12,7,-12,7,-12,7,-11,7,-11,6,-11,6,-12,6,-12,5,-12,5,-12,4,-13,4,-13,4,-14,3,-14,4,-14,4,-15,3,-15]
anchor,A2,24:ec:4a:04:39:15,ch=6
ftm_report,A2,256,256,38.400
[0;33mW (20325) TAG: esp_wifi_ftm_get_report() failed.[0m
anchor,A2,24:ec:4a:04:39:15,ch=6
ftm_report,A2,6,6,0.900
[0;33mW (21215) TAG: esp_wifi_ftm_get_report() failed.[0m
csi_data,A2,[0,0,-15,-2,-15,-2,-15,-1,-15,-1,-14,-1,-14,-1,-14,0,-13,0,-13,1,-13,1,-13,2,-13,2,-13,2,-13,3,-13,3,-13,3,-14,3,-13,2,-14,2,-14,2,-14,1,-13,0,-13,0,-13,-1,-12,-1,-12,-2,0,0,0,0,0,0,0,0,0,0,0,0,0,0,0,0,0,0,0,0,0,0,-12,-1,-12,-2,-13,-3,-13,-4,-13,-4,-13,-5,-13,-5,-13,-6,-13,-6,-13,-7,-12,-6,-12,-6,-12,-6,-12,-6,-12,-5,-12,-5,-12,-4,-13,-4,-13,-4,-13,-3,-14,-3,-14,-2,-14,-2,-14,-2,-15,-2,-15,-2]
anchor,A2,24:ec:4a:04:39:15,ch=6
ftm_report,A2,90,90,13.500
[0;33mW (22625) TAG: esp_wifi_ftm_get_report() failed.[0m
anchor,A2,24:ec:4a:04:39:15,ch=6
ftm_report,A2,526,526,78.900
[0;33mW (24535) TAG: esp_wifi_ftm_get_report() failed.[0m
anchor,A2,24:ec:4a:04:39:15,ch=6
ftm_report,A2,9,9,1.350
[0;33mW (25445) TAG: esp_wifi_ftm_get_report() failed.[0m
anchor,A2,24:ec:4a:04:39:15,ch=6
ftm_report,A2,4,4,0.600
[0;33mW (26855) TAG: esp_wifi_ftm_get_report() failed.[0m
csi_data,A2,[0,0,-14,5,-14,4,-14,4,-13,4,-13,5,-13,5,-13,5,-12,6,-12,6,-11,6,-11,6,-11,7,-11,7,-11,8,-11,8,-11,8,-11,8,-12,8,-12,7,-12,7,-12,6,-12,6,-12,5,-12,4,-12,3,-12,3,0,0,0,0,0,0,0,0,0,0,0,0,0,0,0,0,0,0,0,0,0,0,-11,3,-11,3,-12,2,-12,1,-13,1,-13,1,-13,0,-13,0,-13,0,-13,-1,-13,-1,-13,-1,-13,-1,-13,0,-13,0,-13,0,-13,1,-12,1,-13,2,-13,2,-13,3,-14,3,-14,4,-14,4,-14,4,-14,4]
anchor,A2,24:ec:4a:04:39:15,ch=6
ftm_report,A2,4,4,0.600
[0;33mW (27765) TAG: esp_wifi_ftm_get_report() failed.[0m
anchor,A2,24:ec:4a:04:39:15,ch=6
ftm_report,A2,5,5,0.750
[0;33mW (28655) TAG: esp_wifi_ftm_get_report() failed.[0m
anchor,A2,24:ec:4a:04:39:15,ch=6
ftm_report,A2,179,179,26.850
[0;33mW (30065) TAG: esp_wifi_ftm_get_report() failed.[0m
csi_data,A2,[0,0,14,2,14,2,14,2,14,2,14,1,13,1,13,1,13,0,12,0,12,-1,13,-1,12,-2,13,-2,13,-2,13,-2,13,-2,14,-2,13,-2,14,-1,13,-1,13,0,13,1,13,1,12,2,12,2,11,3,0,0,0,0,0,0,0,0,0,0,0,0,0,0,0,0,0,0,0,0,0,0,11,1,11,2,11,2,11,3,12,4,12,4,12,5,11,5,11,6,11,6,11,6,11,6,11,6,11,5,11,5,11,5,11,4,11,4,12,3,12,3,12,3,13,2,13,2,14,2,14,2,14,2]
anchor,A2,24:ec:4a:04:39:15,ch=6
ftm_report,A2,8,8,1.200
[0;33mW (30975) TAG: esp_wifi_ftm_get_report() failed.[0m
csi_data,A2,[0,0,-13,8,-13,8,-12,7,-12,8,-12,8,-11,8,-11,8,-11,8,-10,8,-10,9,-9,9,-9,9,-9,9,-9,10,-9,10,-9,10,-10,10,-10,10,-10,10,-10,9,-10,9,-11,8,-11,7,-11,7,-11,6,-11,5,0,0,0,0,0,0,0,0,0,0,0,0,0,0,0,0,0,0,0,0,0,0,-10,6,-10,6,-11,5,-11,5,-12,5,-12,4,-13,4,-13,4,-13,3,-13,3,-13,3,-13,3,-13,3,-13,3,-12,3,-12,4,-12,4,-12,5,-12,5,-12,6,-12,6,-12,7,-12,7,-13,7,-13,7,-13,8]
anchor,A2,24:ec:4a:04:39:15,ch=6
ftm_report,A2,4,4,0.600
[0;33mW (31885) TAG: esp_wifi_ftm_get_report() failed.[0m
csi_data,A2,[0,0,15,-2,14,-3,14,-3,14,-3,13,-3,13,-3,13,-4,12,-4,12,-4,11,-5,11,-5,11,-6,11,-6,12,-6,12,-6,12,-7,12,-6,12,-6,12,-6,13,-5,13,-4,13,-4,12,-3,12,-2,12,-2,12,-1,0,0,0,0,0,0,0,0,0,0,0,0,0,0,0,0,0,0,0,0,0,0,11,-3,11,-2,11,-1,12,-1,12,0,12,0,13,1,12,1,13,1,12,2,12,2,12,2,12,2,12,2,12,1,12,1,12,0,12,0,12,0,13,-1,13,-1,13,-2,13,-2,14,-2,14,-2,14,-2]
anchor,A2,24:ec:4a:04:39:15,ch=6
ftm_report,A2,5,5,0.750
[0;33mW (32795) TAG: esp_wifi_ftm_get_report() failed.[0m
csi_data,A2,[0,0,-8,-13,-9,-13,-8,-13,-8,-13,-9,-12,-9,-12,-9,-11,-9,-10,-9,-10,-10,-10,-10,-10,-10,-9,-10,-9,-11,-9,-11,-9,-11,-9,-11,-9,-11,-9,-11,-10,-11,-10,-10,-10,-9,-10,-9,-11,-8,-11,-7,-11,-6,-11,0,0,0,0,0,0,0,0,0,0,0,0,0,0,0,0,0,0,0,0,0,0,-6,-10,-6,-11,-5,-11,-5,-12,-5,-12,-4,-13,-4,-13,-3,-13,-3,-14,-3,-14,-3,-13,-3,-13,-3,-13,-3,-13,-3,-12,-4,-13,-4,-12,-5,-12,-5,-12,-6,-12,-7,-12,-7,-13,-7,-13,-8,-13,-8,-13,-8,-13]
anchor,A2,24:ec:4a:04:39:15,ch=6
ftm_report,A2,5,5,0.750
[0;33mW (33685) TAG: esp_wifi_ftm_get_report() failed.[0m
anchor,A2,24:ec:4a:04:39:15,ch=6
ftm_report,A2,6,6,0.900
[0;33mW (34595) TAG: esp_wifi_ftm_get_report() failed.[0m
anchor,A2,24:ec:4a:04:39:15,ch=6
ftm_report,A2,273,273,40.950
[0;33mW (36005) TAG: esp_wifi_ftm_get_report() failed.[0m
csi_data,A2,[0,0,13,5,13,5,13,5,13,4,12,4,12,3,12,3,12,2,12,2,12,2,12,1,12,1,12,0,13,0,13,0,13,0,13,0,13,1,13,1,13,2,13,2,12,3,12,3,11,4,11,4,10,5,0,0,0,0,0,0,0,0,0,0,0,0,0,0,0,0,0,0,0,0,0,0,10,4,10,4,10,5,10,5,10,6,10,7,10,7,10,7,10,8,9,8,9,8,9,8,9,8,9,7,9,7,9,7,10,6,10,6,11,6,11,5,11,5,12,5,12,5,13,5,13,5,13,5]
anchor,A2,24:ec:4a:04:39:15,ch=6
ftm_report,A2,5,5,0.750
[0;33mW (36915) TAG: esp_wifi_ftm_get_report() failed.[0m
csi_data,A2,[0,0,11,9,11,8,11,8,11,8,11,7,11,7,11,6,11,5,11,5,11,5,11,4,11,4,12,4,12,3,12,3,12,4,12,4,12,4,12,5,12,5,12,6,11,6,10,6,10,7,9,7,8,7,0,0,0,0,0,0,0,0,0,0,0,0,0,0,0,0,0,0,0,0,0,0,10,6,10,7,9,8,9,8,9,9,9,10,8,10,8,10,8,11,7,11,7,11,7,11,7,10,7,10,7,10,7,10,8,9,8,9,9,9,9,8,10,8,10,8,11,8,11,8,11,8,11,8]
anchor,A2,24:ec:4a:04:39:15,ch=6
ftm_report,A2,7,7,1.050
[0;33mW (37825) TAG: esp_wifi_ftm_get_report() failed.[0m
csi_data,A2,[0,0,-7,13,-7,12,-7,12,-6,12,-6,12,-6,12,-5,12,-5,12,-4,12,-4,12,-3,12,-3,12,-2,12,-2,12,-2,12,-2,13,-2,13,-3,13,-3,13,-4,13,-4,12,-5,12,-5,11,-5,11,-6,10,-6,9,0,0,0,0,0,0,0,0,0,0,0,0,0,0,0,0,0,0,0,0,0,0,-5,11,-6,11,-7,11,-8,10,-8,11,-9,10,-10,10,-10,10,-10,10,-11,9,-11,9,-10,9,-10,9,-10,9,-9,9,-9,9,-8,9,-8,10,-8,10,-8,11,-8,11,-7,11,-7,12,-7,12,-7,12,-7,13]
anchor,A2,24:ec:4a:04:39:15,ch=6
ftm_report,A2,6,6,0.900
[0;33mW (38735) TAG: esp_wifi_ftm_get_report() failed.[0m
anchor,A2,24:ec:4a:04:39:15,ch=6
ftm_report,A2,5,5,0.750
[0;33mW (39645) TAG: esp_wifi_ftm_get_report() failed.[0m
anchor,A2,24:ec:4a:04:39:15,ch=6
ftm_report,A2,184,184,27.600
[0;33mW (41055) TAG: esp_wifi_ftm_get_report() failed.[0m
csi_data,A2,[0,0,13,6,13,6,13,5,12,5,12,5,12,4,12,4,12,3,12,3,12,2,12,2,12,1,12,1,13,1,13,1,13,1,13,1,13,2,13,2,13,3,13,3,12,4,12,4,11,4,11,5,10,6,0,0,0,0,0,0,0,0,0,0,0,0,0,0,0,0,0,0,0,0,0,0,10,4,10,5,10,6,10,6,10,7,10,8,9,8,9,8,9,9,9,9,9,9,8,9,8,8,9,8,9,8,9,8,9,7,10,7,10,7,11,6,11,6,12,6,12,6,12,6,13,6,13,6]
anchor,A2,24:ec:4a:04:39:15,ch=6
ftm_report,A2,335,335,50.250
[0;33mW (42965) TAG: esp_wifi_ftm_get_report() failed.[0m
csi_data,A2,[0,0,12,8,12,7,12,7,12,7,12,7,12,6,12,6,12,5,11,5,12,4,12,4,12,3,12,3,13,3,13,2,13,3,13,3,13,3,13,4,13,4,12,5,12,5,11,6,11,6,10,6,9,7,0,0,0,0,0,0,0,0,0,0,0,0,0,0,0,0,0,0,0,0,0,0,9,6,9,6,9,7,9,8,9,8,9,9,8,10,8,10,8,10,7,10,7,10,7,10,7,10,7,10,8,9,8,9,8,9,9,8,9,8,10,8,10,8,11,8,11,8,12,8,12,8,12,8]
