ESP-ROM:esp32s3-20210327
Build:Mar 27 2021
rst:0x15 (USB_UART_CHIP_RESET),boot:0x8 (SPI_FAST_FLASH_BOOT)
Saved PC:0x40048d06
SPIWP:0xee
mode:DIO, clock div:1
load:0x3fce2810,len:0x15a0
load:0x403c8700,len:0x4
load:0x403c8704,len:0xd20
load:0x403cb700,len:0x2ee4
entry 0x403c8928
[0;32mI (26) boot: ESP-IDF v5.4-dirty 2nd stage bootloader[0m
[0;32mI (27) boot: compile time Aug 31 2025 02:08:46[0m
[0;32mI (27) boot: Multicore bootloader[0m
[0;32mI (27) boot: chip revision: v0.2[0m
[0;32mI (30) boot: efuse block revision: v1.3[0m
[0;32mI (34) boot.esp32s3: Boot SPI Speed : 80MHz[0m
[0;32mI (37) boot.esp32s3: SPI Mode       : DIO[0m
[0;32mI (41) boot.esp32s3: SPI Flash Size : 2MB[0m
[0;32mI (45) boot: Enabling RNG early entropy source...[0m
[0;32mI (49) boot: Partition Table:[0m
[0;32mI (52) boot: ## Label            Usage          Type ST Offset   Length[0m
[0;32mI (58) boot:  0 nvs              WiFi data        01 02 00009000 00006000[0m
[0;32mI (65) boot:  1 phy_init         RF data          01 01 0000f000 00001000[0m
[0;32mI (71) boot:  2 factory          factory app      00 00 00010000 00100000[0m
[0;32mI (78) boot: End of partition table[0m
[0;32mI (81) esp_image: segment 0: paddr=00010020 vaddr=3c090020 size=19a40h (105024) map[0m
[0;32mI (107) esp_image: segment 1: paddr=00029a68 vaddr=3fc99b00 size=04948h ( 18760) load[0m
[0;32mI (111) esp_image: segment 2: paddr=0002e3b8 vaddr=40374000 size=01c60h (  7264) load[0m
[0;32mI (113) esp_image: segment 3: paddr=00030020 vaddr=42000020 size=83f1ch (540444) map[0m
[0;32mI (214) esp_image: segment 4: paddr=000b3f44 vaddr=40375c60 size=13dcch ( 81356) load[0m
[0;32mI (232) esp_image: segment 5: paddr=000c7d18 vaddr=600fe100 size=0001ch (    28) load[0m
[0;32mI (241) boot: Loaded app from partition at offset 0x10000[0m
[0;32mI (241) boot: Disabling RNG early entropy source...[0m
[0;32mI (251) cpu_start: Multicore app[0m
[0;32mI (260) cpu_start: Pro cpu start user code[0m
[0;32mI (260) cpu_start: cpu freq: 160000000 Hz[0m
[0;32mI (261) app_init: Application information:[0m
[0;32mI (261) app_init: Project name:     initiator[0m
[0;32mI (264) app_init: App version:      207a5d4-dirty[0m
[0;32mI (269) app_init: Compile time:     Aug 30 2025 22:35:46[0m
[0;32mI (274) app_init: ELF file SHA256:  3b02704e0...[0m
[0;32mI (278) app_init: ESP-IDF:          v5.4-dirty[0m
[0;32mI (282) efuse_init: Min chip rev:     v0.0[0m
[0;32mI (286) efuse_init: Max chip rev:     v0.99 [0m
[0;32mI (290) efuse_init: Chip rev:         v0.2[0m
[0;32mI (294) heap_init: Initializing. RAM available for dynamic allocation:[0m
[0;32mI (300) heap_init: At 3FCA2098 len 00047678 (285 KiB): RAM[0m
[0;32mI (306) heap_init: At 3FCE9710 len 00005724 (21 KiB): RAM[0m
[0;32mI (311) heap_init: At 3FCF0000 len 00008000 (32 KiB): DRAM[0m
[0;32mI (316) heap_init: At 600FE11C len 00001ECC (7 KiB): RTCRAM[0m
[0;32mI (322) spi_flash: detected chip: gd[0m
[0;32mI (324) spi_flash: flash io: dio[0m
[0;33mW (327) spi_flash: Detected size(8192k) larger than the size in the binary image header(2048k). Using the size in the binary image header.[0m
[0;32mI (340) sleep_gpio: Configure to isolate all GPIO pins in sleep state[0m
[0;32mI (346) sleep_gpio: Enable automatic switching of GPIO sleep configuration[0m
[0;32mI (353) main_task: Started on CPU0[0m
[0;32mI (363) main_task: Calling app_main()[0m
[0;32mI (383) pp: pp rom version: e7ae62f[0m
[0;32mI (383) net80211: net80211 rom version: e7ae62f[0m
[0;32mI (393) wifi:wifi driver task: 3fcae264, prio:23, stack:6656, core=0[0m
[0;32mI (403) wifi:wifi firmware version: 48ea317a7[0m
[0;32mI (403) wifi:wifi certification version: v7.0[0m
[0;32mI (403) wifi:config NVS flash: enabled[0m
[0;32mI (403) wifi:config nano formatting: disabled[0m
[0;32mI (403) wifi:Init data frame dynamic rx buffer num: 32[0m
[0;32mI (403) wifi:Init static rx mgmt buffer num: 5[0m
[0;32mI (403) wifi:Init management short buffer num: 32[0m
[0;32mI (403) wifi:Init dynamic tx buffer num: 32[0m
[0;32mI (403) wifi:Init static tx FG buffer num: 2[0m
[0;32mI (403) wifi:Init static rx buffer size: 2212[0m
[0;32mI (403) wifi:Init static rx buffer num: 10[0m
[0;32mI (403) wifi:Init dynamic rx buffer num: 32[0m
[0;32mI (403) wifi_init: rx ba win: 6[0m
[0;32mI (403) wifi_init: accept mbox: 6[0m
[0;32mI (403) wifi_init: tcpip mbox: 32[0m
[0;32mI (403) wifi_init: udp mbox: 6[0m
[0;32mI (403) wifi_init: tcp mbox: 6[0m
[0;32mI (403) wifi_init: tcp tx win: 5760[0m
[0;32mI (403) wifi_init: tcp rx win: 5760[0m
[0;32mI (403) wifi_init: tcp mss: 1440[0m
[0;32mI (403) wifi_init: WiFi IRAM OP enabled[0m
[0;32mI (403) wifi_init: WiFi RX IRAM OP enabled[0m
[0;32mI (413) wifi:Set ps type: 0, coexist: 0[0m

[0;32mI (413) phy_init: phy_version 680,a6008b2,Jun  4 2024,16:41:10[0m
[0;32mI (443) wifi:mode : sta (24:ec:4a:04:74:58)[0m
[0;32mI (443) wifi:enable tsf[0m
[0;33mW (443) wifi:Password length matches WPA2 standards, authmode threshold changes from OPEN to WPA2[0m
[0;32mI (453) wifi:ic_enable_sniffer[0m
[0;32mI (453) TAG: Ready: FTM 1Hz (6 frames), CSI ~1Hz print, UART=921600.[0m
[0;32mI (453) main_task: Returned from app_main()[0m
csi_data,[0,0,15,4,15,4,15,5,14,6,15,6,14,7,14,6,14,6,14,6,13,5,12,4,12,3,12,2,11,1,10,1,10,0,9,-1,10,-1,11,-1,12,-1,13,-2,14,-2,15,-1,17,-2,18,-1,19,-1,0,0,0,0,0,0,0,0,0,0,0,0,0,0,0,0,0,0,0,0,0,0,4,2,4,2,4,3,4,4,5,5,5,6,5,5,5,5,4,5,4,5,4,5,4,4,4,3,4,3,4,2,5,2,5,2,6,2,7,2,8,1,9,1,10,0,12,0,13,0,14,0,14,-1]
csi_data,[0,0,-12,14,-12,14,-13,14,-13,13,-13,13,-12,12,-13,12,-12,12,-12,11,-11,11,-11,10,-10,10,-9,10,-8,10,-8,10,-7,9,-6,9,-5,10,-4,10,-3,11,-3,12,-3,13,-3,14,-3,14,-3,15,-3,16,0,0,0,0,0,0,0,0,0,0,0,0,0,0,0,0,0,0,0,0,0,0,-4,1,-5,0,-5,0,-6,0,-6,0,-7,-1,-7,0,-7,0,-7,-2,-7,-2,-7,-1,-6,-1,-5,-1,-5,0,-5,1,-5,1,-4,2,-4,4,-4,5,-4,7,-5,8,-5,10,-5,11,-5,12,-6,13,-6,13]
csi_data,[0,0,-16,14,-16,13,-16,11,-15,11,-15,11,-15,11,-14,11,-13,12,-11,12,-9,12,-8,13,-7,13,-6,11,-4,12,0,14,1,16,1,17,2,16,2,15,3,15,3,15,2,16,4,18,8,21,3,22,-5,23,0,0,0,0,0,0,0,0,0,0,0,0,0,0,0,0,0,0,0,0,0,0,-6,-1,-5,-2,-5,-4,-6,-4,-7,-6,-9,-8,-10,-9,-7,-9,-5,-8,-5,-7,-5,-8,-5,-8,-4,-6,-3,-5,-3,-5,-5,-5,-6,-3,-8,0,-8,1,-9,1,-10,2,-11,5,-12,9,-12,11,-13,12,-15,14]
csi_data,[0,0,-18,0,-19,0,-18,-1,-18,-2,-18,-3,-18,-3,-18,-4,-18,-4,-17,-3,-16,-2,-15,-2,-14,-1,-15,0,-15,1,-14,1,-15,-1,-15,-1,-14,1,-16,3,-19,3,-18,3,-16,4,-14,3,-14,2,-14,2,-18,2,0,0,0,0,0,0,0,0,0,0,0,0,0,0,0,0,0,0,0,0,0,0,-6,0,-8,-3,-9,-5,-9,-6,-9,-6,-8,-6,-8,-6,-7,-7,-6,-8,-5,-8,-4,-6,-4,-5,-5,-6,-6,-6,-7,-4,-6,-3,-6,-3,-7,-3,-8,-1,-10,1,-12,1,-14,0,-15,0,-15,0,-16,1,-17,1]
csi_data,[0,0,19,-5,19,-2,19,0,19,1,18,0,18,0,19,1,18,0,17,-1,15,-2,13,-3,13,-2,14,-2,15,-3,13,-4,11,-5,11,-6,11,-7,12,-7,14,-7,15,-7,14,-7,13,-7,14,-6,15,-6,16,-6,0,0,0,0,0,0,0,0,0,0,0,0,0,0,0,0,0,0,0,0,0,0,5,2,6,2,7,2,7,4,8,7,8,8,8,8,8,9,7,9,6,8,5,8,5,7,5,4,7,4,8,5,7,3,6,1,8,2,9,1,9,-1,11,-2,12,-3,14,-4,15,-4,15,-3,16,-4]
csi_data,[0,0,-18,-6,-17,-7,-17,-7,-18,-7,-18,-6,-18,-6,-17,-6,-15,-6,-15,-5,-16,-5,-16,-4,-14,-3,-12,-3,-12,-2,-13,0,-14,1,-14,2,-14,1,-15,0,-16,0,-16,0,-16,0,-16,1,-16,0,-18,-1,-19,-2,0,0,0,0,0,0,0,0,0,0,0,0,0,0,0,0,0,0,0,0,0,0,-5,-3,-5,-4,-6,-5,-5,-7,-5,-7,-5,-7,-5,-8,-4,-8,-4,-7,-4,-7,-4,-7,-4,-7,-5,-6,-6,-6,-5,-6,-5,-5,-7,-4,-7,-4,-8,-4,-9,-4,-11,-2,-12,-2,-14,-2,-16,-3,-17,-4,-18,-4]
csi_data,[0,0,-3,-20,-2,-20,-1,-19,0,-18,0,-16,-1,-16,-1,-16,0,-15,0,-14,-1,-13,-2,-12,-3,-12,-3,-12,-4,-11,-6,-11,-6,-11,-6,-10,-6,-10,-6,-11,-7,-12,-7,-12,-8,-12,-8,-12,-7,-14,-6,-14,-5,-13,0,0,0,0,0,0,0,0,0,0,0,0,0,0,0,0,0,0,0,0,0,0,2,-8,1,-8,1,-9,2,-9,4,-9,5,-10,5,-9,5,-8,5,-8,5,-8,4,-8,3,-8,2,-7,1,-7,1,-7,1,-8,1,-9,0,-10,-2,-10,-3,-10,-3,-11,-3,-13,-4,-14,-4,-15,-2,-16,-2,-17]
csi_data,[0,0,-18,4,-18,3,-17,2,-18,1,-17,1,-17,2,-16,3,-15,3,-15,2,-15,1,-14,1,-12,2,-12,4,-12,4,-11,4,-11,4,-11,4,-11,5,-10,6,-10,7,-11,7,-11,7,-12,6,-12,5,-11,6,-11,5,0,0,0,0,0,0,0,0,0,0,0,0,0,0,0,0,0,0,0,0,0,0,-9,4,-7,3,-8,1,-10,-1,-12,-1,-12,-1,-11,-1,-11,-1,-10,-2,-10,-3,-10,-3,-11,-2,-12,-2,-11,-2,-11,-1,-10,0,-10,2,-11,4,-11,3,-10,3,-11,4,-13,4,-14,5,-15,5,-17,5,-19,5]
csi_data,[0,0,-9,19,-9,18,-10,17,-10,15,-10,14,-9,13,-10,13,-9,13,-8,12,-7,11,-6,11,-4,11,-4,11,-2,11,-1,11,0,11,1,10,2,9,3,10,4,9,4,9,5,10,5,11,5,12,5,13,5,14,0,0,0,0,0,0,0,0,0,0,0,0,0,0,0,0,0,0,0,0,0,0,-8,-5,-9,-5,-9,-5,-8,-5,-8,-5,-9,-5,-9,-6,-9,-7,-9,-8,-9,-8,-8,-8,-8,-7,-7,-7,-7,-6,-5,-6,-5,-4,-4,-3,-4,-1,-4,0,-3,3,-4,5,-4,7,-4,8,-5,10,-5,11,-6,12]
csi_data,[0,0,-9,15,-10,14,-10,14,-10,14,-11,13,-10,12,-10,12,-10,11,-10,10,-9,9,-8,8,-7,8,-6,8,-5,8,-4,9,-2,8,-1,8,0,9,1,10,1,10,1,10,0,9,0,9,-2,8,-3,9,-4,9,0,0,0,0,0,0,0,0,0,0,0,0,0,0,0,0,0,0,0,0,0,0,-10,4,-11,4,-11,4,-12,4,-12,3,-12,2,-13,1,-14,0,-14,-1,-13,-2,-12,-3,-11,-3,-11,-3,-9,-3,-9,-2,-8,-1,-7,0,-6,2,-6,3,-6,5,-6,7,-5,9,-5,11,-5,12,-5,14,-5,15]
csi_data,[0,0,4,-21,1,-19,3,-22,3,-14,2,-18,8,-18,4,-14,1,-12,-2,-11,-3,-13,-6,-14,-4,-7,-5,-4,-4,-8,-1,-1,-8,-3,-5,-3,-6,-5,-18,-2,-17,1,-15,-2,-11,-8,-15,-4,-16,-8,-16,-9,-16,-10,0,0,0,0,0,0,0,0,0,0,0,0,0,0,0,0,0,0,0,0,0,0,15,3,14,7,21,6,15,7,13,3,24,-2,19,9,17,8,17,6,16,14,16,11,11,8,12,7,13,3,11,2,9,0,16,0,9,-5,6,-9,3,-3,4,-6,8,-12,4,-10,-2,-11,2,-17,10,-18]
csi_data,[0,0,-22,-1,-21,-2,-20,-2,-19,-3,-18,-3,-17,-3,-17,-3,-16,-3,-15,-2,-14,-1,-14,-1,-13,0,-12,1,-12,1,-11,2,-11,3,-11,3,-11,4,-11,4,-12,4,-12,5,-14,5,-15,6,-16,5,-17,5,-18,6,0,0,0,0,0,0,0,0,0,0,0,0,0,0,0,0,0,0,0,0,0,0,-6,-6,-6,-7,-6,-7,-7,-7,-7,-8,-7,-9,-7,-9,-6,-10,-5,-9,-5,-9,-5,-9,-4,-8,-4,-7,-4,-7,-5,-6,-5,-6,-6,-5,-7,-5,-8,-4,-9,-4,-11,-4,-12,-3,-13,-3,-14,-2,-15,-1,-15,0]
csi_data,[0,0,16,9,16,8,15,8,16,7,15,7,14,7,14,7,14,6,13,6,13,5,12,4,12,4,11,3,11,1,10,1,10,0,9,0,9,-1,9,-1,10,-2,11,-2,11,-3,12,-2,12,-2,12,-3,13,-3,0,0,0,0,0,0,0,0,0,0,0,0,0,0,0,0,0,0,0,0,0,0,12,4,12,6,12,7,11,9,10,10,10,12,9,13,8,14,8,15,7,15,7,14,6,13,6,13,6,12,6,11,6,10,6,9,8,8,8,7,9,7,10,6,11,6,13,6,14,6,14,6,15,6]
csi_data,[0,0,4,14,4,14,4,14,4,14,3,14,3,14,3,13,3,13,3,12,3,11,2,11,2,10,3,9,3,9,4,8,3,8,4,8,4,8,4,8,5,8,6,8,6,8,7,8,7,8,8,8,8,8,0,0,0,0,0,0,0,0,0,0,0,0,0,0,0,0,0,0,0,0,0,0,1,12,0,12,0,13,-1,13,-2,14,-3,14,-5,14,-5,14,-6,13,-6,13,-6,12,-6,12,-6,11,-6,10,-5,10,-4,9,-3,9,-2,10,-1,10,0,10,1,11,2,11,2,11,3,12,3,12,3,12]
csi_data,[0,0,11,4,12,3,13,3,12,4,12,3,12,1,12,1,12,2,10,1,9,0,9,1,9,-1,8,-2,7,-2,8,-2,9,-2,10,-3,8,-6,7,-8,8,-7,8,-6,9,-6,9,-5,9,-4,10,-4,11,-4,0,0,0,0,0,0,0,0,0,0,0,0,0,0,0,0,0,0,0,0,0,0,12,4,13,6,13,6,11,6,11,9,12,12,10,15,8,15,5,14,4,13,4,13,4,12,4,11,5,9,4,8,3,10,3,10,4,8,5,6,6,5,8,6,9,6,10,5,13,5,15,6,15,4]
csi_data,[0,0,15,-3,15,-4,14,-6,14,-7,14,-6,14,-5,13,-6,12,-5,10,-5,9,-7,8,-8,7,-8,6,-8,6,-7,4,-8,3,-9,3,-9,4,-9,2,-9,2,-9,2,-9,2,-10,3,-11,3,-10,2,-10,2,-10,0,0,0,0,0,0,0,0,0,0,0,0,0,0,0,0,0,0,0,0,0,0,14,-4,14,-2,14,1,15,2,16,4,17,7,16,9,15,10,14,9,13,9,12,8,10,9,10,8,11,7,10,7,8,6,9,5,10,4,10,3,10,1,10,0,11,-1,10,-4,11,-5,11,-5,10,-4]
csi_data,[0,0,-3,-9,-3,-11,-3,-11,-3,-12,-3,-13,-4,-13,-4,-13,-4,-13,-5,-14,-6,-14,-7,-13,-7,-13,-7,-13,-7,-12,-6,-13,-6,-12,-6,-11,-6,-9,-6,-8,-6,-8,-5,-7,-5,-6,-4,-6,-4,-6,-4,-7,-4,-8,0,0,0,0,0,0,0,0,0,0,0,0,0,0,0,0,0,0,0,0,0,0,1,-2,0,-3,0,-3,-2,-3,-2,-4,-2,-4,-3,-4,-3,-5,-3,-6,-3,-7,-3,-8,-3,-8,-2,-9,-2,-9,-2,-9,-1,-10,-1,-10,-1,-10,-2,-11,-2,-12,-3,-12,-3,-12,-3,-12,-3,-13,-4,-13,-4,-13]
csi_data,[0,0,-5,-14,-5,-14,-5,-14,-5,-14,-5,-14,-5,-13,-5,-13,-6,-13,-7,-12,-7,-11,-8,-10,-8,-9,-9,-8,-9,-7,-9,-6,-9,-5,-9,-4,-10,-3,-10,-3,-11,-2,-11,-2,-12,-2,-12,-1,-12,-1,-13,-1,-13,-1,0,0,0,0,0,0,0,0,0,0,0,0,0,0,0,0,0,0,0,0,0,0,-1,-16,0,-16,1,-16,3,-16,5,-16,6,-16,7,-16,9,-16,9,-15,9,-14,9,-13,8,-13,8,-12,7,-11,6,-10,5,-10,4,-10,3,-10,2,-10,1,-11,0,-11,0,-12,-1,-12,-2,-12,-2,-13,-2,-14]
csi_data,[0,0,5,-15,5,-14,5,-14,5,-13,4,-13,4,-13,4,-12,3,-12,2,-11,2,-11,1,-10,0,-10,-1,-10,-2,-10,-2,-9,-4,-9,-5,-9,-6,-9,-7,-9,-8,-9,-9,-8,-9,-8,-10,-8,-10,-8,-10,-7,-10,-7,0,0,0,0,0,0,0,0,0,0,0,0,0,0,0,0,0,0,0,0,0,0,12,-8,13,-8,14,-7,15,-6,16,-5,16,-4,16,-3,16,-2,16,-1,15,0,14,1,13,1,12,0,11,0,10,-1,10,-2,9,-3,8,-5,7,-6,7,-7,7,-9,6,-9,6,-10,6,-11,6,-12,5,-13]
csi_data,[0,0,-10,11,-10,10,-10,11,-9,11,-9,11,-8,10,-7,10,-6,11,-6,10,-5,9,-4,9,-3,9,-2,8,-2,8,0,8,0,7,1,7,2,7,3,7,4,6,4,6,5,6,5,6,6,6,6,6,6,7,0,0,0,0,0,0,0,0,0,0,0,0,0,0,0,0,0,0,0,0,0,0,-17,2,-17,2,-17,1,-18,0,-17,-1,-17,-2,-17,-3,-17,-5,-17,-6,-16,-6,-15,-7,-15,-7,-13,-7,-13,-6,-12,-5,-11,-4,-10,-3,-10,-1,-9,0,-9,1,-8,2,-9,4,-9,5,-9,6,-10,7,-10,8]
csi_data,[0,0,17,4,17,4,16,3,15,3,14,2,13,2,13,2,12,2,11,1,11,0,10,0,10,-1,9,-2,9,-2,8,-2,8,-3,7,-3,7,-4,7,-4,6,-5,6,-5,6,-6,6,-7,6,-8,6,-8,6,-9,0,0,0,0,0,0,0,0,0,0,0,0,0,0,0,0,0,0,0,0,0,0,14,2,15,3,15,4,15,6,14,8,14,10,13,11,12,12,11,13,10,13,9,13,9,13,8,12,7,11,7,10,7,9,7,8,8,8,9,8,10,7,10,6,11,6,12,5,13,5,13,5,14,4]
csi_data,[0,0,3,14,2,14,2,14,3,13,4,13,4,12,3,11,3,11,3,10,3,10,4,9,5,9,4,8,4,7,4,7,5,6,6,6,6,5,7,5,7,4,7,5,7,4,8,5,8,5,8,5,9,5,0,0,0,0,0,0,0,0,0,0,0,0,0,0,0,0,0,0,0,0,0,0,4,13,3,14,2,15,2,15,0,16,-1,16,-2,16,-4,16,-5,16,-6,15,-7,14,-7,14,-7,13,-6,12,-6,11,-5,10,-5,9,-4,9,-3,9,-2,10,-1,10,0,10,2,10,3,10,4,10,5,10]
csi_data,[0,0,3,-14,2,-14,2,-14,1,-13,1,-13,0,-13,0,-13,0,-13,-1,-12,-1,-12,-2,-11,-3,-11,-3,-10,-4,-9,-5,-8,-6,-8,-7,-8,-8,-8,-8,-7,-9,-7,-10,-7,-10,-7,-9,-7,-10,-6,-10,-6,-9,-5,0,0,0,0,0,0,0,0,0,0,0,0,0,0,0,0,0,0,0,0,0,0,8,-14,9,-13,10,-13,11,-12,12,-11,13,-10,14,-10,15,-9,15,-8,15,-7,14,-6,13,-6,13,-5,12,-5,11,-5,10,-5,9,-6,8,-6,7,-7,6,-9,6,-10,5,-11,5,-13,4,-14,4,-15,4,-16]
csi_data,[0,0,2,-14,2,-14,2,-13,1,-12,1,-12,0,-12,-1,-12,-1,-12,-1,-11,-2,-11,-3,-10,-3,-10,-4,-9,-4,-8,-4,-8,-5,-7,-6,-6,-7,-6,-7,-5,-8,-5,-8,-5,-9,-5,-10,-5,-11,-5,-11,-6,-11,-6,0,0,0,0,0,0,0,0,0,0,0,0,0,0,0,0,0,0,0,0,0,0,10,-12,11,-12,11,-12,12,-11,13,-10,13,-9,13,-8,14,-8,14,-7,14,-6,13,-5,13,-5,12,-5,11,-5,10,-6,9,-6,8,-6,7,-7,6,-8,5,-9,4,-9,3,-10,2,-10,2,-10,2,-11,2,-11]
csi_data,[0,0,-17,-7,-14,-7,-15,-7,-17,-8,-16,-8,-16,-8,-16,-7,-14,-6,-12,-5,-11,-4,-12,-4,-13,-3,-13,-1,-12,0,-12,0,-12,-2,-11,-1,-11,-1,-13,-3,-13,-3,-12,-1,-13,0,-14,0,-13,1,-14,-1,-14,-2,0,0,0,0,0,0,0,0,0,0,0,0,0,0,0,0,0,0,0,0,0,0,-7,1,-7,0,-9,0,-9,-2,-9,-5,-8,-7,-9,-8,-9,-9,-9,-8,-6,-7,-5,-6,-6,-7,-7,-7,-6,-6,-6,-6,-8,-6,-10,-7,-11,-6,-12,-4,-14,-2,-16,-2,-16,-3,-15,-4,-16,-5,-19,-6,-21,-5]
csi_data,[0,0,17,-11,17,-11,17,-10,16,-9,16,-9,16,-8,15,-7,14,-7,13,-7,12,-7,11,-7,10,-7,9,-7,8,-7,7,-7,6,-8,5,-8,4,-9,2,-9,2,-10,2,-11,1,-11,1,-12,1,-13,1,-14,1,-14,0,0,0,0,0,0,0,0,0,0,0,0,0,0,0,0,0,0,0,0,0,0,8,-2,8,-1,8,0,8,1,8,1,7,3,8,4,7,4,7,4,7,4,7,4,7,4,7,3,7,3,7,2,7,0,8,-1,8,-2,9,-3,9,-4,10,-5,12,-7,13,-8,13,-10,15,-11,16,-12]
csi_data,[0,0,20,4,20,5,20,7,19,7,17,7,15,7,16,7,16,6,16,4,14,2,13,1,12,1,11,0,11,0,12,-1,13,-2,12,-3,10,-4,11,-6,12,-8,13,-8,13,-8,12,-9,11,-8,12,-7,12,-6,0,0,0,0,0,0,0,0,0,0,0,0,0,0,0,0,0,0,0,0,0,0,4,-2,2,-1,2,-1,3,0,2,1,0,0,1,0,2,2,2,1,4,0,5,1,4,1,4,1,5,2,6,2,7,0,8,0,10,1,11,0,12,0,13,0,14,0,16,1,16,2,17,3,18,4]
csi_data,[0,0,-1,-20,-1,-20,0,-20,0,-20,1,-19,1,-19,1,-17,1,-16,0,-15,-1,-14,-2,-13,-3,-12,-4,-12,-5,-10,-6,-10,-7,-11,-8,-11,-9,-11,-9,-11,-9,-11,-10,-12,-10,-13,-10,-14,-11,-14,-11,-14,-11,-14,0,0,0,0,0,0,0,0,0,0,0,0,0,0,0,0,0,0,0,0,0,0,-1,-4,0,-4,0,-4,0,-4,1,-3,1,-3,1,-3,1,-3,1,-4,1,-5,0,-5,0,-5,-1,-6,-2,-7,-3,-7,-3,-8,-4,-9,-5,-10,-5,-10,-5,-11,-4,-12,-4,-14,-4,-14,-4,-15,-3,-16,-3,-17]
csi_data,[0,0,16,8,16,8,15,6,14,6,13,6,12,5,11,5,10,4,11,4,11,4,10,3,10,3,10,3,10,2,10,2,10,2,10,2,9,2,9,2,9,2,8,2,8,3,8,3,7,3,7,3,7,3,0,0,0,0,0,0,0,0,0,0,0,0,0,0,0,0,0,0,0,0,0,0,1,1,2,0,2,0,3,-1,4,-2,5,-2,4,-2,5,-2,6,-1,6,0,7,0,8,0,9,1,9,1,9,2,10,2,11,3,11,3,11,3,12,3,12,4,12,4,12,4,13,4,13,5,13,4]
csi_data,[0,0,-19,-1,-18,-1,-18,-2,-17,-3,-16,-3,-16,-3,-16,-3,-15,-4,-15,-3,-15,-3,-15,-3,-14,-2,-14,-1,-14,-1,-13,0,-13,1,-13,2,-13,2,-13,3,-14,3,-14,3,-15,3,-15,3,-17,3,-17,3,-17,3,0,0,0,0,0,0,0,0,0,0,0,0,0,0,0,0,0,0,0,0,0,0,-4,0,-4,0,-4,-1,-4,-1,-5,-1,-5,-1,-5,-2,-5,-2,-5,-2,-5,-2,-5,-2,-5,-1,-6,-1,-6,-1,-6,-1,-7,1,-7,2,-8,2,-9,3,-10,4,-11,4,-12,4,-14,4,-15,5,-16,4,-17,4]
csi_data,[0,0,-14,8,-13,9,-12,10,-11,10,-11,10,-12,10,-11,11,-10,11,-8,12,-8,13,-7,12,-6,11,-6,11,-4,14,-3,18,-2,18,-1,18,0,17,-1,18,0,19,2,19,0,19,-4,21,-7,22,-8,21,-10,19,0,0,0,0,0,0,0,0,0,0,0,0,0,0,0,0,0,0,0,0,0,0,-1,0,-3,-1,-5,-3,-6,-3,-7,-2,-6,-3,-4,-5,-4,-6,-3,-6,-2,-6,-2,-6,-2,-3,-2,-1,-2,-1,-2,0,-3,1,-5,1,-5,1,-3,1,-4,3,-7,5,-8,7,-8,8,-8,8,-9,10,-11,13]
csi_data,[0,0,-2,9,-2,10,-1,11,-1,12,0,12,1,13,2,13,2,12,2,12,3,11,4,11,5,11,6,11,7,10,8,10,9,9,11,9,13,9,13,9,13,10,13,10,13,10,13,11,13,11,13,12,12,12,0,0,0,0,0,0,0,0,0,0,0,0,0,0,0,0,0,0,0,0,0,0,-9,-11,-9,-12,-10,-12,-9,-14,-9,-14,-8,-15,-7,-15,-7,-16,-5,-15,-5,-15,-4,-14,-3,-13,-2,-12,-2,-10,-1,-8,-1,-7,-1,-5,-1,-3,0,-2,-1,0,-1,2,-1,4,-1,5,-1,7,-1,8,-1,9]
csi_data,[0,0,-9,-14,-9,-14,-9,-13,-9,-13,-10,-12,-10,-11,-10,-11,-10,-11,-9,-11,-9,-11,-10,-10,-10,-9,-11,-8,-11,-7,-12,-6,-13,-6,-14,-5,-15,-4,-16,-4,-16,-5,-17,-6,-17,-7,-17,-7,-17,-7,-17,-8,-16,-8,0,0,0,0,0,0,0,0,0,0,0,0,0,0,0,0,0,0,0,0,0,0,12,-5,11,-5,12,-6,12,-5,13,-4,13,-3,13,-3,13,-1,13,0,12,1,12,2,11,3,10,3,8,4,7,3,5,3,3,1,1,1,-1,-1,-3,-1,-5,-2,-5,-3,-6,-4,-7,-5,-7,-5,-7,-5]
csi_data,[0,0,9,-7,8,-10,7,-15,5,-10,11,-10,9,-14,9,-12,10,-12,8,-9,6,-10,7,-10,4,-10,8,-12,5,-7,0,-12,2,-11,6,-11,-1,-11,1,-11,5,-13,3,-18,5,-11,4,-13,7,-14,0,-13,4,-16,0,0,0,0,0,0,0,0,0,0,0,0,0,0,0,0,0,0,0,0,0,0,6,3,11,6,8,7,9,13,10,11,9,8,9,10,3,11,7,11,6,16,3,10,1,9,4,8,4,10,-1,8,-1,8,-1,2,1,2,-2,1,1,0,4,-4,0,-7,3,-2,6,-8,1,-11,2,-10]
csi_data,[0,0,-9,9,-9,9,-9,9,-8,9,-8,9,-7,9,-5,9,-5,10,-4,9,-3,9,-2,9,1,9,2,10,4,10,5,11,6,10,7,10,9,11,9,11,10,11,10,11,11,11,12,12,13,12,14,12,14,13,0,0,0,0,0,0,0,0,0,0,0,0,0,0,0,0,0,0,0,0,0,0,8,-3,8,-3,9,-4,10,-4,10,-5,11,-5,12,-5,12,-5,12,-4,11,-3,11,-3,10,-3,9,-3,8,-2,7,-2,6,-2,5,-2,4,-2,2,-1,1,-1,-1,1,-3,2,-5,2,-6,3,-9,3,-11,3]
csi_data,[0,0,-14,-5,-14,-5,-13,-4,-13,-4,-13,-3,-13,-1,-13,-1,-13,0,-13,1,-12,2,-12,2,-12,3,-12,3,-11,2,-10,2,-9,1,-9,1,-8,1,-8,1,-6,1,-6,1,-5,1,-5,1,-5,1,-5,1,-4,0,0,0,0,0,0,0,0,0,0,0,0,0,0,0,0,0,0,0,0,0,0,0,-2,-3,-3,-4,-3,-5,-3,-4,-4,-4,-4,-5,-5,-5,-5,-5,-6,-5,-7,-6,-7,-7,-8,-7,-10,-7,-11,-8,-11,-8,-12,-8,-13,-7,-12,-7,-13,-7,-14,-6,-14,-6,-15,-6,-16,-6,-17,-6,-17,-6,-18,-6]
csi_data,[0,0,-7,10,-7,10,-7,10,-7,10,-6,10,-5,10,-5,10,-5,10,-4,10,-3,10,-3,10,-2,10,-1,10,0,10,1,11,2,11,3,11,3,11,5,12,6,13,6,13,7,13,7,13,7,13,8,13,8,12,0,0,0,0,0,0,0,0,0,0,0,0,0,0,0,0,0,0,0,0,0,0,-3,-9,-2,-10,-2,-11,-2,-11,-2,-12,-1,-13,0,-13,1,-13,2,-13,3,-13,3,-12,4,-10,5,-9,5,-7,5,-6,4,-5,3,-3,3,-1,2,-1,2,1,1,3,1,4,0,5,0,7,0,8,-1,9]
csi_data,[0,0,4,-13,4,-14,3,-14,3,-14,2,-15,2,-15,1,-15,1,-14,0,-14,-1,-13,-3,-12,-4,-12,-5,-11,-7,-11,-9,-11,-10,-10,-12,-10,-12,-9,-13,-10,-15,-11,-16,-11,-17,-12,-17,-12,-17,-13,-16,-14,-16,-15,0,0,0,0,0,0,0,0,0,0,0,0,0,0,0,0,0,0,0,0,0,0,-4,10,-4,11,-4,12,-4,12,-4,13,-4,14,-5,14,-5,15,-6,15,-6,14,-7,14,-7,12,-8,10,-7,9,-7,7,-6,5,-7,3,-7,1,-6,-2,-5,-4,-4,-5,-3,-7,-3,-9,-2,-10,-2,-12,-1,-12]
csi_data,[0,0,1,6,1,6,2,6,2,7,3,7,4,7,5,6,5,5,6,5,6,5,7,3,7,2,8,1,8,0,9,-2,9,-2,9,-4,9,-5,10,-6,10,-5,9,-6,10,-7,10,-8,10,-8,9,-9,10,-9,0,0,0,0,0,0,0,0,0,0,0,0,0,0,0,0,0,0,0,0,0,0,3,-12,3,-13,4,-13,4,-13,5,-14,5,-15,6,-15,6,-14,6,-14,6,-13,6,-12,5,-11,5,-10,4,-9,3,-8,2,-7,1,-6,1,-5,0,-4,0,-3,-1,-2,-1,-1,-1,0,-1,1,0,2,1,2]
csi_data,[0,0,-7,-13,-7,-12,-8,-12,-8,-11,-9,-10,-10,-10,-9,-9,-9,-8,-10,-7,-11,-6,-11,-4,-12,-3,-13,-2,-13,-1,-13,1,-14,2,-15,4,-14,5,-14,7,-15,7,-15,8,-14,9,-15,10,-15,10,-16,10,-16,10,0,0,0,0,0,0,0,0,0,0,0,0,0,0,0,0,0,0,0,0,0,0,5,13,6,15,5,15,4,17,4,18,3,19,1,18,-1,18,-1,18,-2,17,-3,16,-3,14,-3,12,-4,11,-4,9,-3,8,-3,6,-3,5,-3,3,-3,2,-4,1,-4,-1,-4,-2,-4,-3,-4,-4,-4,-5]
csi_data,[0,0,-13,11,-14,11,-14,11,-14,10,-15,10,-15,9,-15,9,-14,8,-14,8,-14,9,-13,9,-12,9,-11,10,-11,10,-10,11,-9,11,-8,12,-8,13,-8,13,-8,14,-8,14,-9,14,-9,15,-10,15,-10,15,-11,15,0,0,0,0,0,0,0,0,0,0,0,0,0,0,0,0,0,0,0,0,0,0,-7,-6,-7,-7,-7,-8,-7,-9,-7,-9,-7,-10,-5,-11,-5,-11,-5,-11,-3,-10,-3,-10,-2,-8,-3,-7,-2,-5,-3,-3,-3,-2,-3,0,-3,2,-5,4,-5,6,-6,7,-6,9,-6,11,-7,11,-7,13,-7,14]
csi_data,[0,0,-12,2,-11,2,-11,2,-11,1,-11,2,-10,1,-10,2,-9,1,-8,1,-7,1,-6,0,-5,1,-4,1,-2,1,-1,1,1,1,3,1,4,1,5,2,7,3,9,4,11,4,12,6,13,7,13,7,14,8,0,0,0,0,0,0,0,0,0,0,0,0,0,0,0,0,0,0,0,0,0,0,-1,-19,0,-19,0,-19,0,-20,1,-20,1,-20,2,-20,3,-20,4,-20,4,-19,4,-18,4,-17,4,-16,4,-15,3,-14,2,-13,1,-12,0,-11,-2,-9,-2,-8,-4,-7,-6,-6,-8,-4,-10,-3,-12,-2,-14,0]
csi_data,[0,0,8,5,8,5,7,5,7,5,6,5,6,4,6,4,6,4,5,3,5,3,4,2,2,2,2,3,1,2,-2,1,-3,0,-5,0,-7,-1,-9,-3,-10,-4,-11,-5,-13,-7,-13,-8,-14,-9,-15,-9,-15,-10,0,0,0,0,0,0,0,0,0,0,0,0,0,0,0,0,0,0,0,0,0,0,-14,-8,-15,-8,-16,-8,-17,-7,-18,-7,-19,-7,-18,-7,-17,-7,-16,-7,-16,-6,-15,-6,-14,-6,-13,-5,-12,-4,-10,-3,-9,-3,-8,-2,-6,-1,-4,0,-2,2,-1,3,1,3,2,4,4,4,5,5,6,5]
csi_data,[0,0,-2,10,-2,10,-2,10,-2,10,-2,10,-2,10,-2,9,-3,7,-2,6,-1,5,-1,4,-2,3,-2,2,-2,1,-2,-2,-2,-3,-1,-5,-1,-7,-1,-8,1,-10,2,-11,4,-13,4,-13,4,-13,5,-13,5,-13,0,0,0,0,0,0,0,0,0,0,0,0,0,0,0,0,0,0,0,0,0,0,-17,-10,-17,-10,-17,-11,-17,-11,-17,-11,-16,-11,-17,-12,-16,-12,-16,-12,-15,-12,-14,-11,-13,-10,-12,-9,-12,-9,-11,-8,-9,-7,-9,-5,-8,-4,-7,-2,-7,0,-6,2,-5,3,-4,5,-3,6,-3,7,-2,8]
csi_data,[0,0,4,10,4,10,4,10,4,10,4,10,3,9,3,9,3,8,3,7,2,7,3,6,2,5,0,3,0,2,0,1,-2,-1,-2,-3,-3,-4,-3,-6,-4,-7,-3,-9,-3,-11,-3,-12,-3,-13,-3,-14,-2,-15,0,0,0,0,0,0,0,0,0,0,0,0,0,0,0,0,0,0,0,0,0,0,-14,-10,-14,-10,-14,-10,-14,-10,-14,-10,-14,-10,-14,-10,-14,-11,-13,-10,-13,-10,-12,-11,-11,-9,-11,-8,-10,-7,-8,-6,-7,-5,-7,-3,-5,-2,-4,0,-3,2,-2,3,-1,5,0,7,1,8,2,9,2,10]
csi_data,[0,0,-8,-4,-8,-3,-8,-3,-8,-3,-8,-3,-9,-2,-8,-2,-8,-2,-7,-2,-6,-2,-5,-2,-4,-2,-3,-1,-1,0,1,0,2,1,4,2,5,2,5,4,7,5,8,6,8,7,7,8,8,9,8,10,7,10,0,0,0,0,0,0,0,0,0,0,0,0,0,0,0,0,0,0,0,0,0,0,12,-15,12,-15,12,-14,13,-14,13,-13,14,-13,14,-13,14,-13,14,-13,14,-12,13,-12,13,-12,13,-11,12,-10,10,-9,9,-8,8,-7,7,-7,6,-6,5,-6,3,-6,1,-5,-1,-5,-3,-5,-5,-5,-6,-5]
csi_data,[0,0,-3,-6,-3,-5,-4,-6,-3,-5,-3,-5,-3,-5,-3,-5,-3,-5,-2,-4,-2,-4,-1,-4,1,-3,2,-2,3,-2,4,-1,6,1,7,1,8,3,9,3,11,4,11,5,12,6,12,6,13,7,13,7,14,7,0,0,0,0,0,0,0,0,0,0,0,0,0,0,0,0,0,0,0,0,0,0,-4,15,-5,15,-5,16,-4,16,-4,16,-4,17,-3,17,-3,17,-2,17,-1,18,-1,18,0,17,0,17,0,16,1,14,2,13,2,11,2,10,2,7,2,6,2,4,2,3,2,2,2,1,2,-1,1,-1]
csi_data,[0,0,5,9,5,8,6,8,6,8,6,7,6,6,6,6,5,6,4,4,3,4,3,3,2,2,0,1,-1,0,-2,-1,-3,-1,-4,-2,-5,-3,-7,-5,-8,-6,-9,-8,-9,-8,-9,-10,-10,-11,-10,-11,-10,-12,0,0,0,0,0,0,0,0,0,0,0,0,0,0,0,0,0,0,0,0,0,0,-18,-5,-18,-5,-19,-4,-19,-4,-19,-4,-19,-4,-20,-4,-19,-5,-19,-4,-18,-5,-17,-5,-16,-5,-16,-4,-15,-4,-13,-4,-12,-4,-10,-3,-9,-2,-7,-2,-5,-1,-3,0,-2,1,-1,2,0,3,1,4,1,4]
csi_data,[0,0,6,13,6,13,6,13,6,13,6,13,7,13,7,11,7,11,8,9,8,8,9,7,10,6,10,4,11,3,11,2,12,2,13,0,14,-1,15,-1,16,-1,17,-1,18,-1,19,-1,20,-1,21,-1,21,0,0,0,0,0,0,0,0,0,0,0,0,0,0,0,0,0,0,0,0,0,0,0,1,2,1,1,1,0,1,0,1,-1,1,-2,2,-2,2,-2,3,-2,4,-3,4,-2,5,-1,6,-1,6,0,7,1,8,2,8,3,9,4,9,5,9,6,9,7,9,8,10,10,10,11,10,11,9,12]
csi_data,[0,0,-15,2,-16,4,-12,2,-12,-1,-17,3,-17,-2,-14,3,-14,5,-11,6,-6,6,-7,8,-8,8,-4,9,-2,5,-6,9,-4,6,-7,14,4,17,-3,16,-4,13,2,13,2,13,0,19,0,15,3,18,1,21,0,0,0,0,0,0,0,0,0,0,0,0,0,0,0,0,0,0,0,0,0,0,-3,-2,-3,0,-1,-2,1,2,2,2,-1,2,-2,1,1,3,0,5,0,4,1,5,-5,8,-5,4,-5,5,-5,3,-7,7,-10,8,-8,4,-11,5,-8,8,-10,9,-12,5,-14,7,-11,8,-14,4,-16,-1]
csi_data,[0,0,6,-10,6,-16,7,-12,11,-15,7,-11,11,-13,6,-11,5,-13,2,-10,3,-9,5,-13,2,-13,2,-10,-4,-11,-5,-11,1,-12,-7,-11,-3,-10,-6,-13,-8,-17,-8,-17,-6,-17,-10,-13,-8,-14,-5,-16,-8,-17,0,0,0,0,0,0,0,0,0,0,0,0,0,0,0,0,0,0,0,0,0,0,-2,0,-2,1,0,0,1,3,-3,5,-4,1,-2,2,-8,6,-8,2,-5,3,-5,2,-5,2,-4,-2,-7,-1,-2,-5,-4,-4,-3,-3,-2,-9,-3,-7,2,-10,-3,-9,-2,-13,3,-8,2,-14,3,-18,3,-11]
csi_data,[0,0,2,14,2,14,2,13,2,13,2,13,2,13,3,12,4,11,4,10,5,10,5,9,6,8,8,7,9,5,10,5,11,4,12,3,14,3,15,2,16,2,18,2,18,2,19,2,19,2,20,2,20,2,0,0,0,0,0,0,0,0,0,0,0,0,0,0,0,0,0,0,0,0,0,0,-1,-3,0,-3,0,-5,1,-5,2,-5,3,-5,4,-5,5,-4,7,-4,7,-3,8,-3,8,-1,9,0,8,0,9,1,8,2,7,2,6,4,6,5,6,6,5,8,5,9,5,11,4,12,4,13,4,14]
csi_data,[0,0,-15,15,-15,14,-14,13,-14,12,-13,11,-12,10,-12,10,-11,10,-9,10,-8,9,-7,9,-6,9,-4,10,-3,10,-1,11,0,12,1,12,2,12,4,13,4,14,5,15,6,15,6,17,6,18,6,18,7,19,0,0,0,0,0,0,0,0,0,0,0,0,0,0,0,0,0,0,0,0,0,0,0,0,0,0,2,0,2,0,2,0,2,0,2,-1,3,-1,2,0,2,0,2,1,1,2,0,3,-1,4,-1,5,-2,5,-3,6,-3,6,-4,8,-5,8,-7,9,-8,9,-8,9,-10,9,-10,9,-10,10]
csi_data,[0,0,9,-14,9,-14,8,-14,8,-14,7,-14,6,-14,5,-13,5,-13,4,-12,2,-12,1,-11,0,-11,-2,-11,-3,-10,-5,-9,-6,-10,-8,-10,-9,-10,-10,-9,-12,-9,-13,-9,-14,-9,-15,-9,-15,-10,-16,-9,-16,-9,0,0,0,0,0,0,0,0,0,0,0,0,0,0,0,0,0,0,0,0,0,0,-5,2,-4,1,-4,1,-4,0,-5,0,-5,0,-5,0,-5,-1,-5,-1,-6,-1,-6,-1,-6,-3,-5,-4,-5,-5,-5,-6,-4,-7,-3,-8,-2,-10,-1,-11,1,-12,2,-13,3,-14,4,-16,5,-16,6,-17,7,-17]
csi_data,[0,0,14,3,14,3,14,3,15,2,14,2,14,2,14,1,14,0,13,-1,12,-3,10,-4,10,-5,8,-6,8,-9,7,-10,6,-12,5,-13,4,-15,4,-16,4,-18,4,-19,5,-20,6,-20,6,-20,6,-20,7,-20,0,0,0,0,0,0,0,0,0,0,0,0,0,0,0,0,0,0,0,0,0,0,-5,-1,-5,-2,-6,-3,-6,-3,-5,-4,-5,-4,-6,-5,-5,-5,-4,-5,-3,-5,-2,-5,-1,-5,0,-6,1,-5,2,-5,4,-5,5,-4,6,-3,7,-2,9,-2,11,-1,12,-1,13,0,14,0,14,0,15,1]
csi_data,[0,0,9,14,9,13,9,13,8,12,8,11,8,10,8,9,7,8,8,8,8,6,8,5,9,3,9,3,9,2,9,1,10,0,10,-1,11,-2,12,-2,13,-3,14,-4,15,-4,17,-4,18,-5,19,-5,21,-5,0,0,0,0,0,0,0,0,0,0,0,0,0,0,0,0,0,0,0,0,0,0,0,1,0,1,0,1,0,0,0,0,0,-1,1,-1,1,-1,1,-1,2,-1,3,-1,3,-1,4,0,4,1,5,1,5,2,7,2,7,3,8,4,8,5,9,7,9,7,9,8,9,9,9,10,8,10]
csi_data,[0,0,-4,-15,-4,-15,-4,-15,-4,-15,-4,-14,-5,-14,-5,-13,-5,-13,-6,-12,-7,-12,-7,-11,-8,-11,-9,-10,-10,-9,-10,-8,-12,-7,-13,-6,-14,-5,-15,-6,-16,-6,-16,-6,-17,-6,-17,-7,-17,-7,-17,-7,-17,-8,0,0,0,0,0,0,0,0,0,0,0,0,0,0,0,0,0,0,0,0,0,0,-3,0,-3,0,-4,0,-3,1,-4,1,-4,2,-4,2,-4,2,-4,2,-5,2,-6,2,-6,1,-7,1,-7,-1,-7,-2,-7,-3,-7,-4,-7,-6,-7,-7,-7,-8,-6,-10,-6,-11,-7,-13,-7,-14,-7,-15,-7,-16]
csi_data,[0,0,14,5,14,5,14,5,13,4,13,3,12,2,12,2,11,1,11,-1,11,-2,10,-3,9,-4,9,-5,9,-6,9,-8,8,-9,9,-9,8,-9,8,-10,8,-11,8,-11,9,-12,10,-12,11,-13,12,-13,13,-14,0,0,0,0,0,0,0,0,0,0,0,0,0,0,0,0,0,0,0,0,0,0,-2,0,-2,-1,-3,-1,-2,-1,-2,-2,-2,-2,-2,-2,-2,-2,-2,-3,-1,-3,-1,-3,0,-3,1,-3,1,-3,2,-2,3,-2,5,-2,6,-2,6,-1,8,-1,9,0,10,1,10,1,10,2,10,3,10,3]
csi_data,[0,0,-15,3,-15,4,-15,3,-14,3,-14,4,-13,4,-12,4,-11,5,-10,5,-9,5,-8,6,-7,6,-6,7,-4,8,-3,9,-1,9,0,10,0,11,1,12,1,13,2,14,2,15,2,16,1,16,1,17,0,17,0,0,0,0,0,0,0,0,0,0,0,0,0,0,0,0,0,0,0,0,0,0,1,-1,1,0,2,0,2,1,2,1,3,2,3,2,3,2,2,2,2,3,2,3,1,3,0,3,-1,3,-2,4,-3,4,-4,4,-5,4,-6,4,-8,4,-9,5,-10,5,-11,4,-12,4,-13,4,-14,4]
csi_data,[0,0,1,-10,1,-10,1,-9,1,-9,1,-9,1,-8,2,-7,3,-6,4,-6,5,-6,5,-5,7,-4,8,-4,9,-3,10,-2,11,-1,12,-1,13,0,14,1,14,2,16,4,16,5,17,6,17,7,17,8,16,8,0,0,0,0,0,0,0,0,0,0,0,0,0,0,0,0,0,0,0,0,0,0,-4,14,-4,14,-4,15,-4,16,-4,15,-4,16,-4,16,-4,17,-3,16,-2,16,-2,15,-1,14,-1,13,0,14,0,12,1,12,1,10,0,9,0,7,0,5,-1,2,-1,1,-1,-1,-2,-2,-2,-3,-3,-4]
csi_data,[0,0,-5,-12,-5,-12,-6,-12,-6,-12,-5,-12,-6,-12,-6,-12,-6,-12,-5,-12,-4,-12,-4,-12,-3,-12,-2,-11,-2,-10,-1,-10,1,-9,2,-9,2,-8,3,-6,5,-5,6,-3,7,-2,8,-1,10,1,11,2,12,4,0,0,0,0,0,0,0,0,0,0,0,0,0,0,0,0,0,0,0,0,0,0,10,0,10,-1,11,-2,11,-2,12,-3,13,-4,13,-4,15,-4,15,-4,15,-4,15,-4,15,-3,15,-3,14,-3,14,-3,13,-4,12,-4,10,-4,9,-5,8,-5,5,-6,3,-6,2,-6,1,-6,0,-6,-2,-6]
csi_data,[0,0,10,7,10,7,10,7,10,7,9,8,8,8,7,7,7,6,8,6,7,5,6,5,5,5,5,5,5,5,4,6,4,6,3,7,2,7,1,7,0,7,-1,7,-3,7,-4,6,-5,5,-6,5,-7,5,0,0,0,0,0,0,0,0,0,0,0,0,0,0,0,0,0,0,0,0,0,0,-10,11,-10,11,-11,11,-11,11,-11,11,-11,12,-12,12,-13,12,-13,11,-13,12,-13,12,-12,12,-12,12,-11,12,-10,11,-9,10,-7,10,-6,10,-5,9,-4,9,-1,9,0,8,1,8,2,7,3,7,3,7]
csi_data,[0,0,-6,0,-6,1,-6,1,-6,1,-6,1,-7,1,-7,1,-7,0,-6,0,-7,0,-7,-1,-7,-1,-7,-2,-7,-3,-8,-3,-9,-4,-8,-6,-9,-7,-9,-8,-8,-10,-8,-11,-9,-12,-9,-14,-9,-15,-10,-16,-10,-17,0,0,0,0,0,0,0,0,0,0,0,0,0,0,0,0,0,0,0,0,0,0,9,3,10,3,10,3,11,3,11,2,13,2,14,2,15,1,15,1,16,0,15,-1,15,-1,14,-3,13,-3,11,-4,9,-4,7,-5,5,-6,4,-7,2,-6,2,-6,0,-7,-1,-7,-3,-8,-3,-8,-4,-8]
csi_data,[0,0,3,-12,2,-12,1,-12,0,-11,-1,-11,-1,-10,-2,-9,-2,-7,-2,-5,-2,-3,-2,-2,-2,1,-1,2,0,5,1,6,2,9,3,11,4,12,4,14,5,17,6,18,6,19,6,20,6,21,7,21,6,21,0,0,0,0,0,0,0,0,0,0,0,0,0,0,0,0,0,0,0,0,0,0,0,0,-1,0,-2,0,-2,0,-2,0,-3,-1,-3,-1,-3,-2,-3,-2,-4,-3,-3,-2,-4,-2,-4,-3,-4,-4,-3,-4,-3,-5,-3,-5,-3,-5,-2,-7,-2,-8,-1,-9,0,-10,0,-10,0,-10,0,-11,1,-11]
csi_data,[0,0,-3,-18,-3,-16,-3,-16,-3,-17,-3,-17,-3,-16,-2,-15,-2,-14,-3,-14,-5,-15,-5,-15,-6,-13,-7,-12,-7,-13,-8,-13,-8,-11,-7,-11,-6,-12,-7,-12,-8,-12,-8,-12,-8,-13,-7,-14,-7,-14,-8,-14,-7,-14,0,0,0,0,0,0,0,0,0,0,0,0,0,0,0,0,0,0,0,0,0,0,-2,-12,-2,-12,-3,-10,-2,-10,-1,-11,-1,-12,-1,-12,-1,-12,-1,-11,-1,-10,-2,-10,-1,-10,-1,-11,-2,-11,-2,-11,-3,-11,-3,-11,-5,-12,-6,-13,-5,-13,-5,-14,-5,-15,-6,-15,-7,-15,-6,-17,-3,-17]
csi_data,[0,0,8,-10,8,-10,8,-10,8,-10,8,-11,8,-11,7,-11,7,-12,5,-11,4,-12,4,-12,3,-13,2,-13,1,-13,1,-14,0,-15,0,-16,0,-17,1,-18,2,-18,2,-19,2,-20,3,-21,4,-22,5,-22,5,-23,0,0,0,0,0,0,0,0,0,0,0,0,0,0,0,0,0,0,0,0,0,0,5,-10,5,-9,5,-9,5,-8,5,-7,5,-7,5,-6,5,-5,4,-5,5,-5,5,-5,5,-5,5,-6,5,-6,4,-6,4,-7,5,-8,5,-8,6,-8,6,-9,6,-9,7,-9,7,-9,8,-9,8,-9,8,-9]
csi_data,[0,0,-4,14,-4,13,-3,13,-2,12,-2,11,-1,10,0,11,1,10,1,10,3,9,4,9,5,8,6,8,7,7,8,8,9,8,10,8,12,8,12,9,13,10,14,11,14,12,14,13,15,14,15,14,15,15,0,0,0,0,0,0,0,0,0,0,0,0,0,0,0,0,0,0,0,0,0,0,-7,8,-8,8,-8,7,-8,6,-7,4,-7,3,-7,2,-6,1,-6,1,-5,1,-4,1,-3,1,-3,2,-2,3,-2,3,-2,4,-1,5,-1,6,-1,7,-1,9,-1,10,-1,11,-1,12,-1,13,-1,14,-2,15]
csi_data,[0,0,13,2,13,2,13,1,13,0,12,-1,12,-2,11,-3,11,-4,10,-5,10,-7,9,-9,8,-10,8,-11,7,-12,7,-13,7,-14,7,-15,8,-16,8,-17,8,-17,9,-18,10,-18,11,-19,12,-19,13,-19,13,-19,0,0,0,0,0,0,0,0,0,0,0,0,0,0,0,0,0,0,0,0,0,0,7,11,6,12,5,12,4,11,2,10,1,9,0,8,-1,7,0,6,0,5,1,4,1,3,2,2,3,2,4,2,5,1,6,1,8,0,8,0,9,0,11,-1,11,0,12,1,13,2,13,3,13,3]
csi_data,[0,0,-17,4,-18,3,-16,2,-14,2,-13,2,-13,3,-13,3,-14,4,-14,6,-13,7,-10,7,-10,6,-9,8,-8,11,-9,12,-9,13,-9,14,-8,16,-9,16,-10,16,-12,16,-13,17,-13,17,-13,17,-14,17,-14,17,0,0,0,0,0,0,0,0,0,0,0,0,0,0,0,0,0,0,0,0,0,0,-8,6,-9,4,-10,2,-11,2,-11,1,-9,-1,-9,-2,-9,-2,-9,-1,-8,-1,-7,0,-9,0,-10,0,-10,0,-11,1,-11,2,-10,5,-10,4,-13,2,-14,4,-14,5,-15,4,-17,4,-18,5,-18,6,-18,6]
csi_data,[0,0,-3,-13,-3,-13,-3,-13,-3,-13,-2,-13,-3,-13,-3,-12,-4,-12,-4,-12,-5,-11,-6,-11,-7,-10,-8,-10,-10,-9,-11,-10,-12,-10,-13,-11,-15,-11,-15,-12,-17,-12,-17,-14,-18,-15,-18,-16,-19,-17,-19,-18,-19,-18,0,0,0,0,0,0,0,0,0,0,0,0,0,0,0,0,0,0,0,0,0,0,-3,-3,-2,-3,-2,-3,-1,-3,-1,-3,0,-3,1,-2,1,-2,1,-2,1,-1,0,0,1,0,0,0,0,0,0,-1,0,-2,-1,-3,-1,-3,-2,-5,-2,-7,-2,-9,-3,-9,-3,-10,-3,-10,-3,-11,-2,-10]
csi_data,[0,0,11,4,7,2,10,7,1,4,8,-1,2,2,7,-6,7,0,3,0,3,-1,6,-4,4,0,5,-11,3,-16,6,-13,8,-11,2,-17,8,-14,6,-16,12,-11,11,-21,13,-13,10,-14,16,-17,13,-19,12,-18,0,0,0,0,0,0,0,0,0,0,0,0,0,0,0,0,0,0,0,0,0,0,-6,9,-6,9,-10,4,-15,4,-8,10,-6,5,-9,5,-11,2,-10,4,-10,4,-7,2,-2,0,-5,-1,-6,3,-4,2,-3,2,-1,2,4,0,8,1,2,1,3,3,8,2,4,3,4,-1,6,10,6,4]
csi_data,[0,0,3,15,4,14,4,14,4,13,5,13,6,12,7,13,7,12,8,11,9,10,9,10,11,10,12,9,13,9,14,9,14,8,15,8,15,8,16,9,16,9,16,9,17,9,17,9,17,9,18,9,19,8,0,0,0,0,0,0,0,0,0,0,0,0,0,0,0,0,0,0,0,0,0,0,8,7,6,8,4,8,2,8,-1,7,-3,7,-5,7,-7,6,-9,5,-9,4,-8,2,-8,2,-8,2,-7,3,-6,2,-5,3,-4,3,-2,4,-2,4,-1,5,0,6,1,7,2,8,3,9,3,9,4,10]
csi_data,[0,0,-11,-6,-11,-5,-11,-5,-10,-5,-11,-5,-12,-4,-11,-3,-11,-3,-11,-3,-12,-2,-13,-2,-14,-2,-15,-1,-15,0,-15,0,-17,-1,-17,-1,-19,-2,-20,-2,-20,-2,-20,-3,-20,-4,-22,-5,-22,-7,-22,-8,-23,-9,0,0,0,0,0,0,0,0,0,0,0,0,0,0,0,0,0,0,0,0,0,0,-3,5,-2,5,-3,5,-3,5,-3,4,-2,5,-2,3,-2,3,-2,3,-2,3,-3,3,-3,3,-2,3,-3,3,-3,3,-3,3,-4,3,-5,2,-5,2,-5,2,-7,1,-8,0,-8,0,-9,0,-10,0,-10,0]
csi_data,[0,0,-16,-1,-16,-1,-14,3,-19,-3,-18,5,-13,-2,-13,6,-19,-4,-22,6,-15,2,-18,0,-14,1,-15,3,-17,5,-14,2,-15,-1,-15,-1,-14,2,-18,-1,-17,5,-13,2,-14,-1,-12,0,-12,1,-17,-6,-12,1,0,0,0,0,0,0,0,0,0,0,0,0,0,0,0,0,0,0,0,0,0,0,-4,-3,-6,0,-4,-2,-10,-4,1,-2,-2,-3,-3,-2,-7,-5,2,-4,2,-4,1,-3,0,-2,1,2,0,-4,-6,1,-5,1,-4,6,-7,2,-6,4,-11,6,-7,8,-6,6,-18,2,-15,7,-17,3,-10,-2]
csi_data,[0,0,5,-15,5,-14,5,-14,5,-14,5,-13,4,-12,2,-13,2,-13,1,-13,1,-13,0,-13,-1,-13,-2,-13,-3,-14,-3,-14,-4,-14,-4,-14,-4,-14,-4,-14,-5,-14,-5,-14,-5,-15,-5,-15,-6,-16,-5,-17,-5,-18,0,0,0,0,0,0,0,0,0,0,0,0,0,0,0,0,0,0,0,0,0,0,8,-1,7,-1,6,-1,6,-2,4,-1,3,-2,3,-1,3,0,2,0,3,1,3,0,3,0,3,0,3,-1,3,-2,3,-4,2,-4,3,-6,2,-7,2,-8,1,-9,2,-9,3,-9,3,-10,4,-9,5,-10]
csi_data,[0,0,9,9,9,8,9,8,9,7,9,7,9,6,10,6,10,5,10,4,10,4,10,3,11,3,10,2,11,2,11,2,11,2,11,2,11,2,12,2,12,1,12,1,12,1,12,0,12,-1,13,-1,13,-2,0,0,0,0,0,0,0,0,0,0,0,0,0,0,0,0,0,0,0,0,0,0,-6,2,-6,2,-7,1,-7,0,-7,0,-7,-1,-7,-1,-5,-1,-5,-1,-4,0,-4,0,-3,0,-2,1,-2,2,-1,2,-1,3,0,2,1,3,2,3,2,2,3,2,4,2,5,2,6,3,7,4,7,4]
csi_data,[0,0,-15,-3,-15,-4,-15,-4,-14,-4,-14,-4,-14,-5,-13,-4,-13,-5,-13,-5,-13,-5,-13,-5,-13,-6,-13,-7,-14,-8,-13,-8,-13,-8,-13,-9,-12,-9,-11,-10,-11,-10,-11,-11,-10,-10,-9,-11,-10,-11,-10,-11,-9,-11,0,0,0,0,0,0,0,0,0,0,0,0,0,0,0,0,0,0,0,0,0,0,-11,0,-10,0,-10,-1,-9,-2,-8,-3,-7,-4,-7,-5,-6,-5,-6,-5,-6,-6,-5,-6,-4,-7,-5,-6,-4,-5,-4,-4,-5,-4,-5,-4,-5,-3,-5,-2,-7,-1,-8,-1,-8,0,-8,1,-8,2,-8,2,-7,3]
csi_data,[0,0,-3,-11,-3,-12,-3,-12,-2,-12,-2,-13,-2,-13,-1,-12,-1,-12,-1,-12,0,-12,0,-12,0,-13,0,-14,1,-13,1,-14,2,-15,4,-15,4,-16,5,-16,5,-16,6,-15,6,-14,6,-14,6,-13,6,-12,5,-12,0,0,0,0,0,0,0,0,0,0,0,0,0,0,0,0,0,0,0,0,0,0,-1,-3,-1,-3,-1,-3,-1,-3,-1,-4,-2,-3,-2,-3,-2,-2,-3,-2,-4,-2,-4,-2,-6,-2,-5,-2,-6,-1,-6,-1,-7,-3,-7,-3,-7,-4,-6,-5,-5,-6,-5,-8,-6,-9,-5,-10,-4,-11,-4,-11,-4,-12]
csi_data,[0,0,-11,3,-12,3,-12,3,-13,3,-13,4,-13,4,-12,4,-12,5,-11,5,-11,6,-11,6,-10,7,-9,8,-9,9,-9,9,-9,9,-9,10,-8,11,-8,11,-8,12,-9,12,-9,11,-10,10,-10,9,-10,8,-11,8,0,0,0,0,0,0,0,0,0,0,0,0,0,0,0,0,0,0,0,0,0,0,-7,-4,-8,-4,-9,-4,-9,-4,-9,-4,-10,-5,-10,-5,-9,-6,-9,-6,-9,-6,-8,-6,-7,-5,-7,-4,-8,-4,-8,-3,-7,-2,-8,-1,-8,0,-7,0,-8,1,-9,2,-10,2,-10,3,-11,3,-12,3,-12,3]
csi_data,[0,0,-12,-9,-12,-9,-12,-9,-14,-9,-14,-8,-13,-7,-12,-6,-13,-6,-14,-6,-15,-4,-15,-3,-14,-2,-15,-1,-18,0,-18,0,-17,1,-18,2,-18,2,-18,2,-19,3,-20,3,-19,3,-19,3,-20,2,-19,0,-18,-1,0,0,0,0,0,0,0,0,0,0,0,0,0,0,0,0,0,0,0,0,0,0,11,-5,11,-4,10,-4,10,-5,10,-4,11,-3,12,-2,10,-1,8,0,6,1,5,3,3,2,2,1,2,1,1,0,0,-1,-1,-3,-2,-5,-4,-4,-6,-4,-7,-5,-8,-6,-9,-5,-10,-6,-10,-8,-9,-10]
csi_data,[0,0,-13,6,-13,6,-12,6,-12,6,-12,6,-12,5,-13,6,-13,8,-13,10,-13,11,-12,12,-12,12,-12,12,-11,12,-9,13,-9,15,-9,16,-9,16,-11,14,-11,15,-11,16,-11,16,-12,14,-12,13,-13,13,-14,12,0,0,0,0,0,0,0,0,0,0,0,0,0,0,0,0,0,0,0,0,0,0,-5,-12,-5,-12,-5,-13,-4,-13,-1,-13,0,-13,0,-13,0,-13,0,-13,2,-11,1,-9,0,-8,0,-6,0,-4,-1,-3,-2,-3,-2,-2,-2,-1,-3,0,-4,1,-6,1,-8,1,-10,2,-11,4,-12,5,-11,6]
csi_data,[0,0,7,-10,8,-11,8,-11,7,-10,6,-10,7,-11,8,-13,8,-13,7,-13,5,-13,4,-14,3,-12,1,-11,-1,-12,-2,-12,-1,-13,-1,-14,-3,-14,-4,-15,-4,-14,-4,-15,-3,-17,-3,-18,-3,-17,-3,-16,-2,-17,0,0,0,0,0,0,0,0,0,0,0,0,0,0,0,0,0,0,0,0,0,0,11,5,10,8,10,11,10,12,10,12,9,13,8,14,7,12,5,12,5,13,4,12,3,10,4,9,3,8,3,7,4,6,6,4,6,3,4,3,5,1,6,-1,6,-3,5,-4,7,-5,7,-6,8,-8]
csi_data,[0,0,12,-6,12,-8,12,-10,11,-10,11,-10,10,-9,9,-10,9,-10,9,-10,9,-8,10,-8,10,-11,9,-14,8,-15,8,-14,8,-14,7,-14,8,-14,7,-14,7,-16,7,-17,7,-16,8,-16,8,-15,8,-14,9,-14,0,0,0,0,0,0,0,0,0,0,0,0,0,0,0,0,0,0,0,0,0,0,8,13,7,13,6,14,6,14,5,14,3,15,1,16,-1,16,-2,15,-2,14,-1,13,-2,12,-2,10,-2,8,-1,6,-1,4,0,4,1,2,3,0,4,0,5,-1,4,-3,5,-3,7,-4,7,-4,5,-4]
csi_data,[0,0,6,10,5,10,5,11,4,11,3,11,3,11,4,11,6,11,6,10,7,11,8,10,9,10,10,10,11,10,11,10,11,11,11,11,11,11,11,12,11,13,11,12,11,12,11,12,12,11,11,11,11,10,0,0,0,0,0,0,0,0,0,0,0,0,0,0,0,0,0,0,0,0,0,0,-8,7,-9,5,-10,4,-11,3,-12,1,-12,0,-12,-2,-11,-3,-12,-4,-11,-4,-9,-4,-9,-5,-7,-5,-6,-4,-6,-4,-5,-3,-4,-2,-3,-1,-2,-1,-2,1,-1,3,0,3,1,4,2,5,4,5,5,6]
csi_data,[0,0,-6,5,-7,6,-7,6,-8,7,-8,8,-8,8,-8,8,-8,8,-7,9,-7,9,-6,9,-6,9,-4,10,-4,10,-3,11,-3,12,-2,13,-2,13,-1,14,-1,14,-1,14,0,14,0,14,0,14,1,14,1,13,0,0,0,0,0,0,0,0,0,0,0,0,0,0,0,0,0,0,0,0,0,0,0,-7,2,-7,3,-7,4,-7,5,-7,7,-6,6,-5,7,-5,8,-4,7,-3,7,-3,6,-2,6,0,6,-1,5,-1,4,-1,3,0,1,0,0,0,-2,1,-3,1,-5,1,-6,1,-7,1,-8,1,-8,1]
csi_data,[0,0,-2,12,-2,12,-1,13,-2,14,-2,15,-2,15,-2,15,-2,16,-2,15,-3,15,-3,15,-3,15,-4,14,-4,15,-4,15,-4,14,-4,14,-4,14,-3,13,-3,12,-4,12,-4,11,-5,10,-5,9,-6,9,-7,9,0,0,0,0,0,0,0,0,0,0,0,0,0,0,0,0,0,0,0,0,0,0,0,11,-1,12,-1,13,-2,13,-4,13,-4,13,-5,13,-7,11,-9,10,-10,9,-10,9,-10,8,-10,7,-9,7,-9,6,-8,6,-7,6,-5,6,-4,6,-5,6,-4,6,-3,5,-3,5,-3,5,-2,5,-2,5]
csi_data,[0,0,12,4,12,4,12,3,12,2,11,2,11,2,11,1,12,1,12,1,12,1,11,1,11,0,11,0,12,0,12,-2,13,-2,13,-3,13,-3,13,-3,14,-3,13,-4,13,-4,12,-4,11,-4,11,-4,10,-4,0,0,0,0,0,0,0,0,0,0,0,0,0,0,0,0,0,0,0,0,0,0,-1,13,-2,13,-2,13,-2,13,-3,13,-4,13,-5,13,-5,12,-6,11,-6,10,-6,9,-6,9,-6,8,-5,7,-4,6,-3,5,-2,5,0,4,0,5,2,4,3,4,5,4,6,4,7,5,8,5,9,6]
csi_data,[0,0,-16,-5,-16,-6,-16,-6,-17,-6,-17,-6,-18,-6,-19,-5,-20,-4,-21,-4,-21,-3,-21,-1,-22,-1,-21,0,-22,0,-22,0,-21,0,-21,1,-21,1,-20,2,-21,1,-21,1,-21,1,-21,1,-21,1,-21,1,-21,1,0,0,0,0,0,0,0,0,0,0,0,0,0,0,0,0,0,0,0,0,0,0,-7,-4,-7,-5,-7,-6,-6,-6,-5,-7,-5,-7,-3,-7,-3,-7,-3,-7,-2,-5,-2,-4,-2,-4,-4,-4,-5,-3,-5,-3,-7,-2,-7,-2,-8,-2,-9,-2,-9,-2,-10,-2,-10,-2,-10,-4,-10,-5,-10,-6,-11,-6]
csi_data,[0,0,12,9,12,10,12,9,11,8,10,7,11,8,12,9,12,7,12,7,13,7,15,7,15,8,14,6,16,2,16,1,15,3,15,3,16,4,16,4,17,2,19,1,18,1,16,1,15,2,17,3,18,2,0,0,0,0,0,0,0,0,0,0,0,0,0,0,0,0,0,0,0,0,0,0,-3,4,-4,5,-6,5,-6,5,-7,4,-8,4,-8,3,-9,2,-9,2,-9,1,-8,0,-7,0,-6,0,-6,-1,-4,-2,-1,-1,0,-1,2,-1,3,1,4,3,4,2,5,2,5,2,6,3,8,7,9,9]
[0;32mI (733403) wifi:new:<1,0>, old:<1,0>, ap:<255,255>, sta:<1,0>, prof:1, snd_ch_cfg:0x0[0m
[0;32mI (733403) wifi:state: init -> auth (0xb0)[0m
[0;32mI (733413) wifi:state: auth -> assoc (0x0)[0m
[0;32mI (733413) wifi:state: assoc -> run (0x10)[0m
[0;32mI (733433) wifi:connected with FTM, aid = 1, channel 1, BW20, bssid = 24:ec:4a:03:58:5d[0m
[0;32mI (733433) wifi:security: WPA2-PSK, phy: bgn, rssi: -46[0m
[0;32mI (733443) wifi:pm start, type: 0[0m

[0;32mI (733443) wifi:dp: 1, bi: 102400, li: 3, scale listen interval from 307200 us to 307200 us[0m
[0;32mI (733443) wifi:set rx beacon pti, rx_bcn_pti: 0, bcn_timeout: 25000, mt_pti: 0, mt_time: 10000[0m
csi_data,[0,0,-4,-13,-5,-13,-5,-12,-5,-11,-5,-11,-5,-10,-5,-10,-6,-10,-6,-9,-6,-9,-7,-8,-7,-8,-8,-8,-8,-8,-8,-8,-8,-8,-8,-8,-8,-E (733453) wifi:Invalid value(6) for Frm Count, Valid options - 0/8/16/24/32/64
8,-7,-8,-7,-8,-6,-9,-6,-9,-5,-9,-5,-9,-4,-8,-3,-8,0,0,0,0,0,0,0,0,0,0,0,0,0,0,0,0,0,0,0,0,0,0,-5,-14,-4,-15,-3,-15,-3,-16,-2,-16,-1,-16,0,-17,0,-16,1,-16,1,-16,1,-16,1,-16,1,-15,1,-15,1,-15,0,-15,0,-14,-1,-14,-1,-14,-2,-14,-2,-14,-2,-14,-3,-14,-3,-14,-3,-14,-3,-13]
[0;32mI (733493) wifi:AP's beacon interval = 102400 us, DTIM period = 1[0m
[1;31mE (734453) wifi:Invalid value(6) for Frm Count, Valid options - 0/8/16/24/32/64[0m
[1;31mE (735453) wifi:Invalid value(6) for Frm Count, Valid options - 0/8/16/24/32/64[0m
[1;31mE (736453) wifi:Invalid value(6) for Frm Count, Valid options - 0/8/16/24/32/64[0m
[1;31mE (737453) wifi:Invalid value(6) for Frm Count, Valid options - 0/8/16/24/32/64[0m
[1;31mE (738453) wifi:Invalid value(6) for Frm Count, Valid options - 0/8/16/24/32/64[0m
[1;31mE (739453) wifi:Invalid value(6) for Frm Count, Valid options - 0/8/16/24/32/64[0m
[1;31mE (740453) wifi:Invalid value(6) for Frm Count, Valid options - 0/8/16/24/32/64[0m
[1;31mE (741453) wifi:Invalid value(6) for Frm Count, Valid options - 0/8/16/24/32/64[0m
[1;31mE (742453) wifi:Invalid value(6) for Frm Count, Valid options - 0/8/16/24/32/64[0m
[1;31mE (743453) wifi:Invalid value(6) for Frm Count, Valid options - 0/8/16/24/32/64[0m
[1;31mE (744453) wifi:Invalid value(6) for Frm Count, Valid options - 0/8/16/24/32/64[0m
[1;31mE (745453) wifi:Invalid value(6) for Frm Count, Valid options - 0/8/16/24/32/64[0m
[1;31mE (746453) wifi:Invalid value(6) for Frm Count, Valid options - 0/8/16/24/32/64[0m
[1;31mE (747453) wifi:Invalid value(6) for Frm Count, Valid options - 0/8/16/24/32/64[0m
[1;31mE (748453) wifi:Invalid value(6) for Frm Count, Valid options - 0/8/16/24/32/64[0m
[1;31mE (749453) wifi:Invalid value(6) for Frm Count, Valid options - 0/8/16/24/32/64[0m
[1;31mE (750453) wifi:Invalid value(6) for Frm Count, Valid options - 0/8/16/24/32/64[0m
[1;31mE (751453) wifi:Invalid value(6) for Frm Count, Valid options - 0/8/16/24/32/64[0m
[1;31mE (752453) wifi:Invalid value(6) for Frm Count, Valid options - 0/8/16/24/32/64[0m
[1;31mE (753453) wifi:Invalid value(6) for Frm Count, Valid options - 0/8/16/24/32/64[0m
[1;31mE (754453) wifi:Invalid value(6) for Frm Count, Valid options - 0/8/16/24/32/64[0m
[1;31mE (755453) wifi:Invalid value(6) for Frm Count, Valid options - 0/8/16/24/32/64[0m
[1;31mE (756453) wifi:Invalid value(6) for Frm Count, Valid options - 0/8/16/24/32/64[0m
[1;31mE (757453) wifi:Invalid value(6) for Frm Count, Valid options - 0/8/16/24/32/64[0m
[1;31mE (758453) wifi:Invalid value(6) for Frm Count, Valid options - 0/8/16/24/32/64[0m
[1;31mE (759453) wifi:Invalid value(6) for Frm Count, Valid options - 0/8/16/24/32/64[0m
[1;31mE (760453) wifi:Invalid value(6) for Frm Count, Valid options - 0/8/16/24/32/64[0m
[1;31mE (761453) wifi:Invalid value(6) for Frm Count, Valid options - 0/8/16/24/32/64[0m
[1;31mE (762453) wifi:Invalid value(6) for Frm Count, Valid options - 0/8/16/24/32/64[0m
[1;31mE (763453) wifi:Invalid value(6) for Frm Count, Valid options - 0/8/16/24/32/64[0m
[1;31mE (764453) wifi:Invalid value(6) for Frm Count, Valid options - 0/8/16/24/32/64[0m
[1;31mE (765453) wifi:Invalid value(6) for Frm Count, Valid options - 0/8/16/24/32/64[0m
[1;31mE (766453) wifi:Invalid value(6) for Frm Count, Valid options - 0/8/16/24/32/64[0m
[1;31mE (767453) wifi:Invalid value(6) for Frm Count, Valid options - 0/8/16/24/32/64[0m
[1;31mE (768453) wifi:Invalid value(6) for Frm Count, Valid options - 0/8/16/24/32/64[0m
[1;31mE (769453) wifi:Invalid value(6) for Frm Count, Valid options - 0/8/16/24/32/64[0m
[1;31mE (770453) wifi:Invalid value(6) for Frm Count, Valid options - 0/8/16/24/32/64[0m
[1;31mE (771453) wifi:Invalid value(6) for Frm Count, Valid options - 0/8/16/24/32/64[0m
[1;31mE (772453) wifi:Invalid value(6) for Frm Count, Valid options - 0/8/16/24/32/64[0m
[1;31mE (773453) wifi:Invalid value(6) for Frm Count, Valid options - 0/8/16/24/32/64[0m
[1;31mE (774453) wifi:Invalid value(6) for Frm Count, Valid options - 0/8/16/24/32/64[0m
[1;31mE (775453) wifi:Invalid value(6) for Frm Count, Valid options - 0/8/16/24/32/64[0m
[1;31mE (776453) wifi:Invalid value(6) for Frm Count, Valid options - 0/8/16/24/32/64[0m
[1;31mE (777453) wifi:Invalid value(6) for Frm Count, Valid options - 0/8/16/24/32/64[0m
[1;31mE (778453) wifi:Invalid value(6) for Frm Count, Valid options - 0/8/16/24/32/64[0m
[1;31mE (779453) wifi:Invalid value(6) for Frm Count, Valid options - 0/8/16/24/32/64[0m
[1;31mE (780453) wifi:Invalid value(6) for Frm Count, Valid options - 0/8/16/24/32/64[0m
[1;31mE (781453) wifi:Invalid value(6) for Frm Count, Valid options - 0/8/16/24/32/64[0m
[1;31mE (782453) wifi:Invalid value(6) for Frm Count, Valid options - 0/8/16/24/32/64[0m
[1;31mE (783453) wifi:Invalid value(6) for Frm Count, Valid options - 0/8/16/24/32/64[0m
[1;31mE (784453) wifi:Invalid value(6) for Frm Count, Valid options - 0/8/16/24/32/64[0m
[1;31mE (785453) wifi:Invalid value(6) for Frm Count, Valid options - 0/8/16/24/32/64[0m
[1;31mE (786453) wifi:Invalid value(6) for Frm Count, Valid options - 0/8/16/24/32/64[0m
[1;31mE (787453) wifi:Invalid value(6) for Frm Count, Valid options - 0/8/16/24/32/64[0m
[1;31mE (788453) wifi:Invalid value(6) for Frm Count, Valid options - 0/8/16/24/32/64[0m
[1;31mE (789453) wifi:Invalid value(6) for Frm Count, Valid options - 0/8/16/24/32/64[0m
[1;31mE (790453) wifi:Invalid value(6) for Frm Count, Valid options - 0/8/16/24/32/64[0m
[1;31mE (791453) wifi:Invalid value(6) for Frm Count, Valid options - 0/8/16/24/32/64[0m
[1;31mE (792453) wifi:Invalid value(6) for Frm Count, Valid options - 0/8/16/24/32/64[0m
[1;31mE (793453) wifi:Invalid value(6) for Frm Count, Valid options - 0/8/16/24/32/64[0m
