[0;32mI (107) esp_image: segment 1: paddr=0002a068 vaddr=3fc99b00 sizeESP-ROM:esp32s3-20210327[0m
Build:Mar 27 2021
rst:0x15 (USB_UART_CHIP_RESET),boot:0x8 (SPI_FAST_FLASH_BOOT)
Saved PC:0x4037ac12
SPIWP:0xee
mode:DIO, clock div:1
load:0x3fce2810,len:0x15a0
load:0x403c8700,len:0x4
load:0x403c8704,len:0xd20
load:0x403cb700,len:0x2ee4
entry 0x403c8928
[0;32mI (26) boot: ESP-IDF v5.4-dirty 2nd stage bootloader[0m
[0;32mI (27) boot: compile time Sep 10 2025 06:38:52[0m
[0;32mI (27) boot: Multicore bootloader[0m
[0;32mI (27) boot: chip revision: v0.2[0m
[0;32mI (30) boot: efuse block revision: v1.3[0m
[0;32mI (34) boot.esp32s3: Boot SPI Speed : 80MHz[0m
[0;32mI (37) boot.esp32s3: SPI Mode       : DIO[0m
[0;32mI (41) boot.esp32s3: SPI Flash Size : 2MB[0m
[0;32mI (45) boot: Enabling RNG early entropy source...[0m
[0;32mI (49) boot: Partition Table:[0m
[0;32mI (52) boot: ## Label            Usage          Type ST Offset   Length[0m
[0;32mI (58) boot:  0 nvs              WiFi data        01 02 00009000 00006000[0m
[0;32mI (65) boot:  1 phy_init         RF data          01 01 0000f000 00001000[0m
[0;32mI (71) boot:  2 factory          factory app      00 00 00010000 00100000[0m
[0;32mI (78) boot: End of partition table[0m
[0;32mI (81) esp_image: segment 0: paddr=00010020 vaddr=3c090020 size=1a040h (106560) map[0m
[0;32mI (107) esp_image: segment 1: paddr=0002a068 vaddr=3fc99b00 size=04968h ( 18792) load[0m
[0;32mI (112) esp_image: segment 2: paddr=0002e9d8 vaddr=40374000 size=01640h (  5696) load[0m
[0;32mI (113) esp_image: segment 3: paddr=00030020 vaddr=42000020 size=86660h (550496) map[0m
[0;32mI (216) esp_image: segment 4: paddr=000b6688 vaddr=40375640 size=143ech ( 82924) load[0m
[0;32mI (234) esp_image: segment 5: paddr=000caa7c vaddr=600fe100 size=0001ch (    28) load[0m
[0;32mI (243) boot: Loaded app from partition at offset 0x10000[0m
[0;32mI (243) boot: Disabling RNG early entropy source...[0m
[0;32mI (253) cpu_start: Multicore app[0m
[0;32mI (263) cpu_start: Pro cpu start user code[0m
[0;32mI (263) cpu_start: cpu freq: 160000000 Hz[0m
[0;32mI (263) app_init: Application information:[0m
[0;32mI (263) app_init: Project name:     initiator[0m
[0;32mI (267) app_init: App version:      75e1e0a9-dirty[0m
[0;32mI (271) app_init: Compile time:     Sep 15 2025 19:24:39[0m
[0;32mI (276) app_init: ELF file SHA256:  86847f955...[0m
[0;32mI (281) app_init: ESP-IDF:          v5.4-dirty[0m
[0;32mI (285) efuse_init: Min chip rev:     v0.0[0m
[0;32mI (289) efuse_init: Max chip rev:     v0.99 [0m
[0;32mI (293) efuse_init: Chip rev:         v0.2[0m
[0;32mI (297) heap_init: Initializing. RAM available for dynamic allocation:[0m
[0;32mI (303) heap_init: At 3FCA20E0 len 00047630 (285 KiB): RAM[0m
[0;32mI (308) heap_init: At 3FCE9710 len 00005724 (21 KiB): RAM[0m
[0;32mI (313) heap_init: At 3FCF0000 len 00008000 (32 KiB): DRAM[0m
[0;32mI (318) heap_init: At 600FE11C len 00001ECC (7 KiB): RTCRAM[0m
[0;32mI (325) spi_flash: detected chip: gd[0m
[0;32mI (327) spi_flash: flash io: dio[0m
[0;33mW (330) spi_flash: Detected size(8192k) larger than the size in the binary image header(2048k). Using the size in the binary image header.[0m
[0;32mI (342) sleep_gpio: Configure to isolate all GPIO pins in sleep state[0m
[0;32mI (349) sleep_gpio: Enable automatic switching of GPIO sleep configuration[0m
[0;32mI (355) main_task: Started on CPU0[0m
[0;32mI (365) main_task: Calling app_main()[0m
[0;32mI (385) pp: pp rom version: e7ae62f[0m
[0;32mI (385) net80211: net80211 rom version: e7ae62f[0m
[0;32mI (405) wifi_init: rx ba win: 6[0m
[0;32mI (405) wifi_init: accept mbox: 6[0m
[0;32mI (405) wifi_init: tcpip mbox: 32[0m
[0;32mI (405) wifi_init: udp mbox: 6[0m
[0;32mI (405) wifi_init: tcp mbox: 6[0m
[0;32mI (405) wifi_init: tcp tx win: 5760[0m
[0;32mI (405) wifi_init: tcp rx win: 5760[0m
[0;32mI (405) wifi_init: tcp mss: 1440[0m
[0;32mI (405) wifi_init: WiFi IRAM OP enabled[0m
[0;32mI (405) wifi_init: WiFi RX IRAM OP enabled[0m
[0;32mI (405) phy_init: phy_version 680,a6008b2,Jun  4 2024,16:41:10[0m
[0;32mI (2125) TAG: STA connected to 24:ec:4a:04:39:15, ch=6 (sec=0)[0m
[0;32mI (2125) esp_netif_handlers: sta ip: 192.168.4.2, mask: 255.255.255.0, gw: 192.168.4.1[0m
[0;32mI (2125) TAG: Ready (multi-anchor): FTM burst + CSI 1Hz, UART=921600.[0m
[0;32mI (2125) main_task: Returned from app_main()[0m
anchor,A2,24:ec:4a:04:39:15,ch=6
ftm_report,A2,4,4,0.600
ftm_feats,A2,rtt_ns_min=3,k2=3,median=3,p10=3,p25=3,p75=4,iqr=1,mad=0,mean_trim=3.2,std=3.0,valid_ratio=0.938,rssi_mean=-56.00,rssi_min=-56,[3,3,3,4,4,4,15,3,3,3,3,3,3,3,4]
csi_data,A2,[0,0,10,9,10,8,11,8,10,7,11,8,11,8,10,7,10,6,10,5,10,5,11,4,11,4,12,3,12,4,12,3,13,3,13,3,12,4,12,5,12,5,11,6,11,6,10,6,11,7,9,6,9,7,0,0,0,0,0,0,0,0,0,0,0,0,0,0,0,0,0,0,0,0,0,0,8,7,8,8,8,8,7,9,7,9,7,10,6,11,5,11,5,11,5,11,6,11,5,10,5,11,5,10,6,10,6,9,6,9,7,8,7,9,8,9,8,9,8,9,9,8,10,9,10,8,10,9]
anchor,A2,24:ec:4a:04:39:15,ch=6
ftm_report,A2,6,6,0.900
ftm_feats,A2,rtt_ns_min=1,k2=3,median=3,p10=3,p25=3,p75=5,iqr=2,mad=1,mean_trim=4.5,std=4.8,valid_ratio=0.938,rssi_mean=-56.00,rssi_min=-56,[3,1,4,15,4,3,15,3,6,4,15,3,3,3,3]
csi_data,A2,[0,0,12,-8,11,-8,11,-8,12,-8,11,-8,10,-9,10,-9,9,-9,9,-9,9,-9,8,-10,8,-10,8,-10,8,-11,8,-12,8,-11,8,-11,9,-11,9,-11,9,-11,10,-10,10,-9,10,-9,10,-8,10,-8,10,-7,0,0,0,0,0,0,0,0,0,0,0,0,0,0,0,0,0,0,0,0,0,0,9,-6,10,-6,11,-6,11,-5,11,-5,12,-4,13,-4,13,-4,13,-3,12,-2,12,-2,12,-2,12,-3,12,-3,11,-3,11,-4,11,-4,11,-5,11,-5,11,-6,11,-6,11,-6,12,-7,11,-7,12,-8,12,-8]
csi_data,A2,[0,0,10,-10,9,-11,9,-11,9,-11,9,-11,8,-11,8,-11,7,-11,6,-11,7,-11,6,-12,6,-12,5,-12,5,-13,5,-13,5,-14,5,-13,6,-13,7,-13,7,-13,7,-12,7,-11,8,-11,8,-11,9,-10,9,-9,0,0,0,0,0,0,0,0,0,0,0,0,0,0,0,0,0,0,0,0,0,0,8,-9,9,-9,9,-8,9,-8,10,-8,11,-7,12,-7,12,-6,12,-6,12,-5,12,-5,11,-5,11,-5,11,-5,11,-5,10,-7,10,-6,10,-7,10,-8,10,-8,10,-8,9,-9,10,-9,10,-10,9,-10,11,-11]
anchor,A2,24:ec:4a:04:39:15,ch=6
ftm_report,A2,4,4,0.600
ftm_feats,A2,rtt_ns_min=1,k2=3,median=3,p10=3,p25=3,p75=4,iqr=1,mad=0,mean_trim=3.3,std=2.8,valid_ratio=0.938,rssi_mean=-56.00,rssi_min=-56,[3,4,3,3,1,3,14,3,3,4,3,3,4,4,4]
csi_data,A2,[0,0,10,-10,10,-10,10,-11,9,-10,10,-10,9,-10,8,-10,8,-10,7,-10,7,-11,7,-12,6,-12,6,-12,6,-13,6,-12,6,-14,6,-13,7,-13,8,-13,8,-12,8,-12,8,-11,8,-10,8,-11,8,-9,9,-9,0,0,0,0,0,0,0,0,0,0,0,0,0,0,0,0,0,0,0,0,0,0,8,-8,9,-8,10,-7,10,-7,10,-7,12,-6,12,-5,13,-5,12,-4,11,-4,12,-5,11,-5,11,-5,11,-5,11,-5,11,-6,11,-6,10,-6,11,-7,11,-7,10,-7,10,-8,10,-8,10,-10,10,-10,11,-10]
anchor,A2,24:ec:4a:04:39:15,ch=6
ftm_report,A2,6,6,0.900
ftm_feats,A2,rtt_ns_min=3,k2=3,median=3,p10=3,p25=3,p75=4,iqr=1,mad=0,mean_trim=4.2,std=5.3,valid_ratio=0.938,rssi_mean=-56.00,rssi_min=-56,[4,3,3,3,4,3,15,3,17,3,3,3,4,17,3]
csi_data,A2,[0,0,5,-13,4,-14,4,-14,4,-14,4,-14,4,-14,3,-13,3,-13,2,-13,2,-13,0,-14,0,-13,-1,-13,0,-14,-1,-14,-1,-15,-1,-15,0,-15,1,-15,2,-14,2,-14,2,-13,3,-13,2,-13,3,-13,4,-12,0,0,0,0,0,0,0,0,0,0,0,0,0,0,0,0,0,0,0,0,0,0,4,-11,5,-11,6,-11,6,-11,7,-11,8,-11,9,-10,9,-10,9,-9,9,-9,9,-10,9,-9,8,-10,8,-9,7,-9,7,-10,7,-10,6,-10,6,-11,6,-11,6,-11,6,-12,6,-12,5,-14,4,-13,6,-14]
anchor,A2,24:ec:4a:04:39:15,ch=6
ftm_report,A2,4,4,0.600
ftm_feats,A2,rtt_ns_min=1,k2=1,median=3,p10=2,p25=3,p75=4,iqr=0,mad=0,mean_trim=3.0,std=4.2,valid_ratio=0.938,rssi_mean=-56.00,rssi_min=-56,[4,4,3,3,1,3,15,3,15,3,3,3,3,3,1]
csi_data,A2,[0,0,-11,9,-11,9,-10,9,-10,9,-10,9,-10,9,-9,9,-9,10,-8,10,-8,10,-7,11,-7,11,-6,11,-7,11,-7,12,-7,12,-7,12,-7,13,-8,12,-8,11,-9,11,-8,10,-9,10,-9,10,-9,9,-10,8,0,0,0,0,0,0,0,0,0,0,0,0,0,0,0,0,0,0,0,0,0,0,-9,7,-10,7,-11,6,-11,6,-12,5,-13,5,-13,4,-13,4,-13,3,-12,3,-13,4,-12,3,-12,3,-12,4,-12,4,-12,5,-12,5,-11,5,-11,6,-11,6,-11,6,-11,7,-11,7,-11,9,-11,9,-12,9]
anchor,A2,24:ec:4a:04:39:15,ch=6
ftm_report,A2,4,4,0.600
ftm_feats,A2,rtt_ns_min=3,k2=3,median=3,p10=3,p25=3,p75=4,iqr=0,mad=0,mean_trim=3.2,std=3.0,valid_ratio=0.938,rssi_mean=-56.00,rssi_min=-56,[3,3,3,15,4,3,4,4,3,3,3,3,3,3,3]
csi_data,A2,[0,0,10,10,10,9,10,9,10,8,10,9,10,9,10,8,10,7,10,6,10,6,11,5,11,5,11,5,12,5,12,5,13,4,13,5,12,6,12,6,11,7,11,7,11,7,10,8,10,8,9,8,8,8,0,0,0,0,0,0,0,0,0,0,0,0,0,0,0,0,0,0,0,0,0,0,8,7,8,8,7,9,7,10,7,10,6,11,5,12,5,12,4,12,4,12,5,12,4,11,4,12,4,11,5,11,5,10,5,10,6,9,7,10,7,10,7,10,8,10,8,10,10,10,10,10,10,10]
csi_data,A2,[0,0,-11,9,-11,9,-11,9,-10,9,-10,9,-10,9,-9,9,-9,9,-8,10,-8,10,-8,11,-7,10,-7,11,-7,11,-7,12,-7,13,-7,12,-8,12,-8,12,-9,11,-9,11,-9,10,-9,9,-9,9,-10,8,-10,7,0,0,0,0,0,0,0,0,0,0,0,0,0,0,0,0,0,0,0,0,0,0,-9,7,-10,7,-10,6,-11,6,-11,6,-13,5,-13,4,-13,4,-13,4,-13,3,-13,4,-13,3,-12,3,-12,4,-12,4,-12,5,-12,5,-11,5,-11,6,-11,6,-11,6,-11,7,-11,8,-11,9,-11,9,-12,9]
anchor,A2,24:ec:4a:04:39:15,ch=6
ftm_report,A2,8,8,1.200
ftm_feats,A2,rtt_ns_min=3,k2=3,median=4,p10=3,p25=3,p75=12,iqr=9,mad=1,mean_trim=5.5,std=7.6,valid_ratio=0.875,rssi_mean=-56.00,rssi_min=-56,[3,4,3,4,3,3,15,15,3,4,3,4,15,29]
csi_data,A2,[0,0,13,-5,12,-6,13,-6,12,-6,13,-6,12,-6,11,-6,11,-6,10,-7,10,-7,10,-9,10,-8,9,-9,10,-9,10,-10,10,-11,9,-10,11,-10,12,-9,11,-8,12,-8,11,-7,11,-6,11,-7,11,-6,11,-5,0,0,0,0,0,0,0,0,0,0,0,0,0,0,0,0,0,0,0,0,0,0,10,-5,12,-4,11,-3,12,-3,12,-2,14,-1,13,0,13,0,13,1,12,1,13,0,12,0,12,0,12,0,12,0,12,-1,12,-1,11,-2,12,-2,12,-2,12,-3,12,-4,12,-4,13,-5,13,-5,14,-5]
anchor,A2,24:ec:4a:04:39:15,ch=6
ftm_report,A2,6,6,0.900
ftm_feats,A2,rtt_ns_min=3,k2=3,median=4,p10=3,p25=3,p75=4,iqr=1,mad=1,mean_trim=4.4,std=5.2,valid_ratio=0.938,rssi_mean=-56.00,rssi_min=-56,[4,3,3,4,3,15,17,17,3,4,3,4,4,3,3]
csi_data,A2,[0,0,-4,13,-3,14,-3,13,-2,13,-3,13,-2,13,-2,13,-1,12,-1,12,-1,12,0,13,0,12,1,12,1,13,2,13,2,14,2,13,1,14,1,14,0,13,-1,13,-1,13,-2,13,-2,13,-3,12,-4,12,0,0,0,0,0,0,0,0,0,0,0,0,0,0,0,0,0,0,0,0,0,0,-3,11,-4,11,-5,11,-5,11,-6,11,-7,11,-8,11,-9,10,-8,10,-8,9,-9,10,-8,9,-8,10,-7,10,-7,10,-7,10,-6,10,-6,10,-6,11,-5,11,-5,12,-4,12,-5,12,-4,13,-3,13,-4,14]
anchor,A2,24:ec:4a:04:39:15,ch=6
ftm_report,A2,7,7,1.050
ftm_feats,A2,rtt_ns_min=3,k2=3,median=4,p10=3,p25=3,p75=15,iqr=12,mad=1,mean_trim=6.2,std=5.7,valid_ratio=0.938,rssi_mean=-56.00,rssi_min=-56,[3,3,4,15,3,4,17,4,15,3,15,15,3,3,3]
csi_data,A2,[0,0,13,-4,14,-5,13,-5,13,-5,13,-5,13,-5,12,-5,12,-5,11,-6,11,-6,11,-8,11,-7,10,-8,11,-7,11,-9,11,-9,11,-9,11,-8,12,-8,12,-7,12,-6,12,-6,12,-5,12,-5,12,-4,12,-3,0,0,0,0,0,0,0,0,0,0,0,0,0,0,0,0,0,0,0,0,0,0,11,-4,11,-3,12,-2,12,-2,12,-1,13,0,13,1,13,1,13,1,12,2,13,2,12,1,12,2,12,1,12,1,12,0,12,-1,12,-1,12,-1,13,-1,12,-1,13,-3,13,-3,13,-3,13,-3,14,-4]
anchor,A2,24:ec:4a:04:39:15,ch=6
ftm_report,A2,5,5,0.750
ftm_feats,A2,rtt_ns_min=1,k2=1,median=3,p10=2,p25=3,p75=4,iqr=1,mad=0,mean_trim=4.0,std=4.9,valid_ratio=0.938,rssi_mean=-56.00,rssi_min=-56,[4,3,3,1,3,3,15,15,4,15,3,1,3,3,3]
csi_data,A2,[0,0,-4,-14,-5,-14,-5,-15,-4,-13,-5,-14,-5,-14,-5,-13,-6,-13,-6,-12,-6,-12,-7,-12,-7,-11,-8,-11,-8,-12,-9,-11,-9,-12,-9,-12,-9,-12,-8,-13,-7,-13,-7,-13,-7,-13,-6,-12,-6,-13,-4,-12,-3,-12,0,0,0,0,0,0,0,0,0,0,0,0,0,0,0,0,0,0,0,0,0,0,-2,-12,-2,-13,-1,-13,-1,-13,0,-13,1,-14,2,-14,2,-14,2,-13,2,-13,2,-14,2,-13,2,-13,1,-13,1,-13,0,-13,0,-13,-1,-12,-1,-14,-1,-14,-2,-14,-2,-14,-3,-13,-4,-15,-4,-14,-3,-15]
csi_data,A2,[0,0,-6,13,-5,13,-5,13,-4,12,-5,13,-4,13,-4,12,-4,12,-3,12,-2,12,-1,13,-1,13,0,13,0,13,0,13,0,14,0,13,-1,14,-2,14,-2,13,-3,13,-3,13,-3,12,-3,13,-4,12,-5,11,0,0,0,0,0,0,0,0,0,0,0,0,0,0,0,0,0,0,0,0,0,0,-5,10,-6,11,-6,10,-7,10,-7,10,-9,10,-10,10,-10,9,-10,9,-9,8,-10,9,-9,9,-9,9,-8,9,-8,9,-8,9,-8,9,-7,9,-7,10,-7,11,-7,11,-6,11,-6,11,-5,13,-5,13,-6,14]
anchor,A2,24:ec:4a:04:39:15,ch=6
ftm_report,A2,3,3,0.450
ftm_feats,A2,rtt_ns_min=1,k2=1,median=3,p10=2,p25=3,p75=3,iqr=0,mad=0,mean_trim=2.9,std=3.1,valid_ratio=0.938,rssi_mean=-56.00,rssi_min=-56,[3,3,3,3,3,3,15,1,1,3,4,4,3,3,3]
csi_data,A2,[0,0,-8,12,-7,12,-7,13,-6,12,-6,12,-6,12,-5,11,-5,12,-5,11,-4,11,-3,13,-3,12,-2,12,-2,13,-2,13,-2,14,-2,13,-3,13,-4,14,-5,13,-5,13,-5,12,-5,11,-6,12,-6,11,-7,10,0,0,0,0,0,0,0,0,0,0,0,0,0,0,0,0,0,0,0,0,0,0,-5,10,-6,10,-7,9,-7,10,-8,10,-10,10,-10,9,-11,8,-11,8,-10,8,-11,9,-10,8,-10,8,-9,8,-9,8,-9,8,-9,9,-8,9,-8,10,-8,10,-8,10,-8,10,-8,11,-7,12,-6,12,-7,12]
anchor,A2,24:ec:4a:04:39:15,ch=6
ftm_report,A2,4,4,0.600
ftm_feats,A2,rtt_ns_min=1,k2=3,median=3,p10=3,p25=3,p75=3,iqr=0,mad=0,mean_trim=3.1,std=3.1,valid_ratio=0.938,rssi_mean=-56.00,rssi_min=-56,[3,3,3,3,3,15,3,3,3,4,4,3,1,3,3]
csi_data,A2,[0,0,13,-6,12,-6,12,-6,12,-7,12,-6,12,-6,11,-6,11,-7,10,-8,10,-8,10,-9,10,-9,9,-9,10,-9,10,-10,10,-11,10,-10,10,-10,11,-9,11,-9,11,-8,11,-7,11,-7,11,-7,11,-6,11,-5,0,0,0,0,0,0,0,0,0,0,0,0,0,0,0,0,0,0,0,0,0,0,10,-5,11,-5,11,-4,11,-3,12,-3,13,-2,13,-1,13,-1,13,0,12,0,13,-1,12,-1,12,0,12,-1,12,-1,12,-2,12,-2,11,-3,12,-3,12,-3,12,-3,12,-4,12,-4,13,-6,12,-6,13,-6]
anchor,A2,24:ec:4a:04:39:15,ch=6
ftm_report,A2,5,5,0.750
ftm_feats,A2,rtt_ns_min=1,k2=3,median=3,p10=3,p25=3,p75=4,iqr=1,mad=0,mean_trim=4.2,std=4.8,valid_ratio=0.938,rssi_mean=-56.00,rssi_min=-56,[4,3,15,3,3,3,1,4,3,3,3,3,3,15,15]
csi_data,A2,[0,0,4,-14,3,-14,3,-15,3,-14,2,-14,2,-14,2,-13,2,-13,1,-13,0,-13,-1,-14,-1,-13,-2,-14,-2,-14,-2,-14,-2,-15,-2,-14,-1,-15,0,-15,0,-14,1,-14,1,-14,1,-13,1,-14,2,-13,3,-13,0,0,0,0,0,0,0,0,0,0,0,0,0,0,0,0,0,0,0,0,0,0,3,-11,4,-12,4,-11,5,-12,6,-11,7,-12,8,-11,8,-11,8,-10,8,-10,8,-11,7,-10,8,-11,7,-11,7,-11,6,-11,6,-11,5,-11,5,-12,5,-12,5,-12,5,-13,4,-13,3,-14,3,-14,4,-14]
anchor,A2,24:ec:4a:04:39:15,ch=6
ftm_report,A2,4,4,0.600
ftm_feats,A2,rtt_ns_min=3,k2=3,median=3,p10=3,p25=3,p75=4,iqr=0,mad=0,mean_trim=3.2,std=3.0,valid_ratio=0.938,rssi_mean=-56.00,rssi_min=-56,[4,3,3,3,4,3,15,4,3,3,3,3,3,3,3]
csi_data,A2,[0,0,7,-13,5,-13,5,-13,5,-13,5,-13,5,-13,4,-13,4,-13,3,-12,3,-13,2,-14,2,-13,1,-13,1,-14,1,-14,0,-15,1,-15,1,-15,3,-15,3,-14,4,-14,3,-13,4,-13,4,-13,5,-12,5,-11,0,0,0,0,0,0,0,0,0,0,0,0,0,0,0,0,0,0,0,0,0,0,5,-11,6,-10,7,-10,7,-10,8,-10,9,-10,10,-9,10,-9,10,-9,9,-8,10,-9,10,-8,9,-8,9,-8,9,-8,8,-9,8,-9,7,-10,7,-10,8,-11,7,-11,7,-11,7,-12,7,-13,6,-13,7,-13]
anchor,A2,24:ec:4a:04:39:15,ch=6
ftm_report,A2,5,5,0.750
ftm_feats,A2,rtt_ns_min=3,k2=3,median=3,p10=3,p25=3,p75=4,iqr=1,mad=0,mean_trim=3.3,std=4.4,valid_ratio=0.938,rssi_mean=-56.00,rssi_min=-56,[3,3,3,4,4,3,15,4,17,3,4,3,3,3,3]
csi_data,A2,[0,0,-11,9,-11,9,-10,9,-10,10,-10,9,-10,9,-9,9,-9,9,-8,9,-8,10,-7,11,-7,10,-6,11,-7,11,-6,12,-6,13,-7,12,-7,12,-8,12,-8,11,-9,10,-9,10,-9,9,-9,10,-9,8,-10,7,0,0,0,0,0,0,0,0,0,0,0,0,0,0,0,0,0,0,0,0,0,0,-10,7,-10,7,-11,6,-11,6,-12,6,-13,5,-13,4,-13,3,-13,3,-13,3,-14,4,-13,3,-13,3,-12,4,-12,4,-12,5,-11,5,-11,6,-11,6,-12,6,-11,6,-11,7,-12,7,-11,9,-11,9,-12,9]
csi_data,A2,[0,0,-13,-7,-13,-7,-13,-7,-13,-6,-13,-7,-13,-6,-13,-5,-13,-5,-13,-4,-13,-4,-13,-3,-13,-4,-13,-2,-14,-3,-14,-2,-15,-2,-14,-2,-15,-3,-15,-3,-14,-4,-14,-4,-13,-5,-13,-5,-13,-6,-12,-6,-11,-7,0,0,0,0,0,0,0,0,0,0,0,0,0,0,0,0,0,0,0,0,0,0,-10,-6,-11,-7,-10,-8,-10,-9,-10,-9,-10,-10,-10,-10,-9,-11,-9,-11,-8,-11,-9,-11,-8,-10,-8,-11,-8,-10,-9,-10,-9,-9,-9,-9,-9,-8,-10,-9,-11,-8,-11,-8,-12,-8,-12,-8,-13,-8,-13,-8,-13,-8]
anchor,A2,24:ec:4a:04:39:15,ch=6
ftm_report,A2,5,5,0.750
ftm_feats,A2,rtt_ns_min=1,k2=1,median=3,p10=1,p25=3,p75=4,iqr=1,mad=1,mean_trim=4.0,std=5.3,valid_ratio=0.938,rssi_mean=-56.00,rssi_min=-56,[1,4,15,3,1,3,15,4,17,4,4,3,1,3,3]
csi_data,A2,[0,0,-13,7,-12,8,-12,8,-12,8,-12,8,-11,8,-10,8,-10,8,-9,9,-9,9,-9,10,-9,9,-9,10,-8,10,-8,11,-8,12,-8,11,-9,11,-10,11,-10,10,-10,10,-10,9,-11,8,-11,8,-11,7,-11,6,0,0,0,0,0,0,0,0,0,0,0,0,0,0,0,0,0,0,0,0,0,0,-11,5,-12,5,-12,4,-12,3,-13,3,-14,3,-14,2,-14,1,-14,1,-13,0,-14,1,-13,1,-13,1,-12,1,-12,1,-13,3,-12,3,-12,3,-12,4,-12,4,-12,4,-12,5,-13,6,-13,6,-12,7,-13,7]
anchor,A2,24:ec:4a:04:39:15,ch=6
ftm_report,A2,4,4,0.600
ftm_feats,A2,rtt_ns_min=1,k2=3,median=3,p10=3,p25=3,p75=4,iqr=1,mad=0,mean_trim=3.3,std=3.0,valid_ratio=0.938,rssi_mean=-56.00,rssi_min=-56,[3,3,4,3,3,4,15,4,4,3,3,1,3,3,4]
csi_data,A2,[0,0,4,-14,2,-14,2,-15,2,-14,2,-14,2,-14,1,-13,1,-13,0,-13,0,-13,-1,-14,-1,-13,-2,-13,-2,-14,-2,-14,-3,-15,-2,-14,-2,-15,-1,-15,0,-15,1,-14,0,-14,1,-13,1,-14,2,-13,3,-12,0,0,0,0,0,0,0,0,0,0,0,0,0,0,0,0,0,0,0,0,0,0,2,-12,3,-12,4,-12,4,-12,5,-12,7,-12,7,-12,8,-11,7,-11,7,-10,8,-11,7,-11,7,-11,6,-10,6,-11,5,-11,6,-11,5,-11,5,-12,5,-12,5,-12,4,-13,4,-13,3,-14,3,-14,4,-15]
anchor,A2,24:ec:4a:04:39:15,ch=6
ftm_report,A2,4,4,0.600
ftm_feats,A2,rtt_ns_min=1,k2=1,median=3,p10=2,p25=3,p75=4,iqr=1,mad=0,mean_trim=3.1,std=4.2,valid_ratio=0.938,rssi_mean=-56.00,rssi_min=-56,[4,3,3,1,1,3,15,15,3,3,4,3,3,3,4]
csi_data,A2,[0,0,13,-6,12,-6,12,-7,12,-6,12,-6,12,-6,11,-6,11,-7,10,-7,10,-8,10,-9,10,-8,9,-9,10,-9,9,-10,10,-11,9,-10,11,-10,11,-9,11,-9,11,-8,11,-7,11,-6,11,-7,11,-6,11,-5,0,0,0,0,0,0,0,0,0,0,0,0,0,0,0,0,0,0,0,0,0,0,10,-5,11,-5,11,-4,12,-3,12,-3,13,-2,13,-1,13,0,13,0,12,0,13,0,12,0,12,0,12,-1,12,-1,11,-2,12,-2,11,-3,12,-3,12,-3,12,-3,12,-4,12,-4,13,-6,13,-6,14,-6]
anchor,A2,24:ec:4a:04:39:15,ch=6
ftm_report,A2,5,5,0.750
ftm_feats,A2,rtt_ns_min=1,k2=1,median=3,p10=2,p25=3,p75=4,iqr=1,mad=0,mean_trim=3.9,std=4.8,valid_ratio=0.938,rssi_mean=-56.00,rssi_min=-56,[3,3,4,3,1,3,14,15,3,1,3,3,3,4,15]
csi_data,A2,[0,0,5,13,6,12,6,12,6,11,7,12,6,12,6,11,7,10,7,10,7,9,8,9,8,9,9,9,9,9,9,9,10,9,10,9,10,10,9,10,8,10,7,10,7,11,7,10,7,11,5,10,5,11,0,0,0,0,0,0,0,0,0,0,0,0,0,0,0,0,0,0,0,0,0,0,4,10,4,11,3,11,3,12,2,12,2,13,1,13,0,13,0,13,0,12,0,13,0,12,0,12,0,12,1,12,1,11,1,11,2,11,2,12,3,12,3,12,4,12,4,12,6,13,6,12,5,13]
csi_data,A2,[0,0,-12,8,-11,9,-11,9,-10,9,-11,9,-10,9,-10,9,-9,9,-9,9,-8,10,-8,11,-8,10,-7,10,-7,11,-7,11,-7,12,-7,12,-8,12,-9,12,-9,11,-9,10,-9,10,-10,9,-10,9,-10,8,-10,7,0,0,0,0,0,0,0,0,0,0,0,0,0,0,0,0,0,0,0,0,0,0,-10,7,-11,7,-11,6,-11,6,-12,5,-13,5,-13,4,-14,4,-13,3,-13,2,-14,3,-13,3,-13,3,-12,3,-12,4,-12,4,-12,4,-11,5,-12,5,-12,6,-12,6,-11,7,-12,7,-12,8,-11,8,-12,8]
anchor,A2,24:ec:4a:04:39:15,ch=6
ftm_report,A2,4,4,0.600
ftm_feats,A2,rtt_ns_min=1,k2=3,median=3,p10=3,p25=3,p75=3,iqr=0,mad=0,mean_trim=3.1,std=4.1,valid_ratio=0.938,rssi_mean=-56.00,rssi_min=-56,[4,1,3,3,3,3,15,3,3,3,3,15,3,3,3]
csi_data,A2,[0,0,-14,5,-13,5,-13,6,-12,6,-13,5,-13,6,-12,6,-12,6,-11,7,-11,7,-11,8,-10,8,-10,8,-10,8,-10,9,-10,10,-10,9,-11,10,-12,9,-12,8,-12,7,-11,7,-12,6,-12,6,-12,5,-12,4,0,0,0,0,0,0,0,0,0,0,0,0,0,0,0,0,0,0,0,0,0,0,-11,4,-12,3,-12,2,-13,2,-13,1,-14,0,-14,0,-14,-1,-14,-1,-13,-2,-14,-1,-13,-1,-13,-1,-12,-1,-13,0,-13,1,-13,1,-12,2,-13,1,-13,2,-13,2,-13,3,-13,3,-13,4,-13,5,-14,4]
anchor,A2,24:ec:4a:04:39:15,ch=6
ftm_report,A2,3,3,0.450
ftm_feats,A2,rtt_ns_min=1,k2=1,median=3,p10=2,p25=3,p75=3,iqr=0,mad=0,mean_trim=2.8,std=2.9,valid_ratio=0.938,rssi_mean=-56.00,rssi_min=-56,[3,3,3,3,3,3,14,3,3,3,3,1,1,3,3]
csi_data,A2,[0,0,-13,-5,-14,-5,-14,-5,-13,-4,-13,-5,-13,-4,-13,-4,-13,-4,-13,-3,-13,-2,-13,-1,-13,-2,-13,-1,-14,-1,-14,-1,-14,0,-14,-1,-14,-1,-15,-2,-14,-3,-14,-3,-13,-4,-13,-4,-13,-4,-12,-5,-12,-6,0,0,0,0,0,0,0,0,0,0,0,0,0,0,0,0,0,0,0,0,0,0,-11,-4,-11,-5,-11,-6,-11,-6,-11,-7,-11,-8,-11,-8,-11,-9,-10,-9,-9,-9,-10,-9,-10,-8,-10,-9,-10,-8,-10,-8,-11,-7,-10,-7,-10,-7,-11,-7,-11,-7,-11,-7,-12,-6,-12,-6,-13,-5,-13,-5,-14,-5]
anchor,A2,24:ec:4a:04:39:15,ch=6
ftm_report,A2,4,4,0.600
ftm_feats,A2,rtt_ns_min=1,k2=1,median=3,p10=1,p25=1,p75=3,iqr=2,mad=0,mean_trim=2.3,std=4.3,valid_ratio=0.938,rssi_mean=-56.00,rssi_min=-56,[1,1,3,1,3,3,15,14,3,1,3,3,3,3,1]
csi_data,A2,[0,0,-7,-13,-9,-13,-8,-12,-8,-12,-8,-12,-8,-12,-8,-11,-8,-11,-9,-10,-9,-10,-10,-10,-10,-10,-10,-9,-10,-9,-11,-9,-12,-9,-12,-10,-11,-10,-11,-11,-10,-11,-9,-11,-9,-11,-8,-12,-8,-12,-7,-12,-6,-12,0,0,0,0,0,0,0,0,0,0,0,0,0,0,0,0,0,0,0,0,0,0,-6,-11,-6,-11,-5,-12,-5,-12,-5,-13,-4,-13,-3,-14,-2,-14,-2,-13,-1,-13,-2,-13,-2,-13,-2,-13,-2,-13,-2,-13,-4,-12,-4,-12,-4,-12,-4,-13,-5,-13,-5,-12,-6,-12,-6,-12,-7,-13,-7,-13,-7,-13]
anchor,A2,24:ec:4a:04:39:15,ch=6
ftm_report,A2,5,5,0.750
ftm_feats,A2,rtt_ns_min=1,k2=1,median=3,p10=1,p25=2,p75=4,iqr=2,mad=1,mean_trim=3.5,std=5.0,valid_ratio=0.938,rssi_mean=-56.00,rssi_min=-56,[3,15,3,3,3,4,15,3,14,1,3,3,1,1,1]
csi_data,A2,[0,0,9,10,9,9,10,9,9,8,10,9,10,9,10,8,10,7,10,7,10,6,11,5,11,5,11,5,12,5,11,5,13,5,12,5,12,6,12,7,11,7,11,7,10,8,10,7,10,8,9,8,8,8,0,0,0,0,0,0,0,0,0,0,0,0,0,0,0,0,0,0,0,0,0,0,7,8,7,9,6,9,7,10,6,10,6,11,5,11,5,12,4,11,4,11,4,11,4,11,4,11,4,11,5,11,5,10,5,10,5,9,7,10,7,10,7,10,7,10,8,9,9,10,10,9,10,10]
