[0;32mI (107) esp_image: segment 1: paddr=00029ae8 vaddr=3fc99b00 sizeESP-ROM:esp32s3-20210327[0m
Build:Mar 27 2021
rst:0x15 (USB_UART_CHIP_RESET),boot:0x8 (SPI_FAST_FLASH_BOOT)
Saved PC:0x4037ac12
SPIWP:0xee
mode:DIO, clock div:1
load:0x3fce2810,len:0x15a0
load:0x403c8700,len:0x4
load:0x403c8704,len:0xd20
load:0x403cb700,len:0x2ee4
entry 0x403c8928
[0;32mI (26) boot: ESP-IDF v5.4-dirty 2nd stage bootloader[0m
[0;32mI (27) boot: compile time Aug 31 2025 02:08:46[0m
[0;32mI (27) boot: Multicore bootloader[0m
[0;32mI (27) boot: chip revision: v0.2[0m
[0;32mI (30) boot: efuse block revision: v1.3[0m
[0;32mI (34) boot.esp32s3: Boot SPI Speed : 80MHz[0m
[0;32mI (37) boot.esp32s3: SPI Mode       : DIO[0m
[0;32mI (41) boot.esp32s3: SPI Flash Size : 2MB[0m
[0;32mI (45) boot: Enabling RNG early entropy source...[0m
[0;32mI (49) boot: Partition Table:[0m
[0;32mI (52) boot: ## Label            Usage          Type ST Offset   Length[0m
[0;32mI (58) boot:  0 nvs              WiFi data        01 02 00009000 00006000[0m
[0;32mI (65) boot:  1 phy_init         RF data          01 01 0000f000 00001000[0m
[0;32mI (71) boot:  2 factory          factory app      00 00 00010000 00100000[0m
[0;32mI (78) boot: End of partition table[0m
[0;32mI (81) esp_image: segment 0: paddr=00010020 vaddr=3c090020 size=19ac0h (105152) map[0m
[0;32mI (107) esp_image: segment 1: paddr=00029ae8 vaddr=3fc99b00 size=04948h ( 18760) load[0m
[0;32mI (111) esp_image: segment 2: paddr=0002e438 vaddr=40374000 size=01be0h (  7136) load[0m
[0;32mI (113) esp_image: segment 3: paddr=00030020 vaddr=42000020 size=83fbch (540604) map[0m
[0;32mI (214) esp_image: segment 4: paddr=000b3fe4 vaddr=40375be0 size=13e4ch ( 81484) load[0m
[0;32mI (232) esp_image: segment 5: paddr=000c7e38 vaddr=600fe100 size=0001ch (    28) load[0m
[0;32mI (241) boot: Loaded app from partition at offset 0x10000[0m
[0;32mI (241) boot: Disabling RNG early entropy source...[0m
[0;32mI (251) cpu_start: Multicore app[0m
[0;32mI (260) cpu_start: Pro cpu start user code[0m
[0;32mI (260) cpu_start: cpu freq: 160000000 Hz[0m
[0;32mI (261) app_init: Application information:[0m
[0;32mI (261) app_init: Project name:     initiator[0m
[0;32mI (265) app_init: App version:      207a5d4-dirty[0m
[0;32mI (269) app_init: Compile time:     Aug 30 2025 22:35:46[0m
[0;32mI (274) app_init: ELF file SHA256:  a81576ca5...[0m
[0;32mI (278) app_init: ESP-IDF:          v5.4-dirty[0m
[0;32mI (283) efuse_init: Min chip rev:     v0.0[0m
[0;32mI (286) efuse_init: Max chip rev:     v0.99 [0m
[0;32mI (290) efuse_init: Chip rev:         v0.2[0m
[0;32mI (294) heap_init: Initializing. RAM available for dynamic allocation:[0m
[0;32mI (301) heap_init: At 3FCA20A0 len 00047670 (285 KiB): RAM[0m
[0;32mI (306) heap_init: At 3FCE9710 len 00005724 (21 KiB): RAM[0m
[0;32mI (311) heap_init: At 3FCF0000 len 00008000 (32 KiB): DRAM[0m
[0;32mI (316) heap_init: At 600FE11C len 00001ECC (7 KiB): RTCRAM[0m
[0;32mI (322) spi_flash: detected chip: gd[0m
[0;32mI (325) spi_flash: flash io: dio[0m
[0;33mW (328) spi_flash: Detected size(8192k) larger than the size in the binary image header(2048k). Using the size in the binary image header.[0m
[0;32mI (340) sleep_gpio: Configure to isolate all GPIO pins in sleep state[0m
[0;32mI (346) sleep_gpio: Enable automatic switching of GPIO sleep configuration[0m
[0;32mI (353) main_task: Started on CPU0[0m
[0;32mI (363) main_task: Calling app_main()[0m
[0;32mI (383) pp: pp rom version: e7ae62f[0m
[0;32mI (383) net80211: net80211 rom version: e7ae62f[0m
[0;32mI (393) wifi:wifi driver task: 3fcae374, prio:23, stack:6656, core=0[0m
[0;32mI (403) wifi:wifi firmware version: 48ea317a7[0m
[0;32mI (403) wifi:wifi certification version: v7.0[0m
[0;32mI (403) wifi:config NVS flash: enabled[0m
[0;32mI (403) wifi:config nano formatting: disabled[0m
[0;32mI (403) wifi:Init data frame dynamic rx buffer num: 32[0m
[0;32mI (403) wifi:Init static rx mgmt buffer num: 5[0m
[0;32mI (403) wifi:Init management short buffer num: 32[0m
[0;32mI (403) wifi:Init dynamic tx buffer num: 32[0m
[0;32mI (403) wifi:Init static tx FG buffer num: 2[0m
[0;32mI (403) wifi:Init static rx buffer size: 2212[0m
[0;32mI (403) wifi:Init static rx buffer num: 10[0m
[0;32mI (403) wifi:Init dynamic rx buffer num: 32[0m
[0;32mI (403) wifi_init: rx ba win: 6[0m
[0;32mI (403) wifi_init: accept mbox: 6[0m
[0;32mI (403) wifi_init: tcpip mbox: 32[0m
[0;32mI (403) wifi_init: udp mbox: 6[0m
[0;32mI (403) wifi_init: tcp mbox: 6[0m
[0;32mI (403) wifi_init: tcp tx win: 5760[0m
[0;32mI (403) wifi_init: tcp rx win: 5760[0m
[0;32mI (403) wifi_init: tcp mss: 1440[0m
[0;32mI (403) wifi_init: WiFi IRAM OP enabled[0m
[0;32mI (403) wifi_init: WiFi RX IRAM OP enabled[0m
[0;32mI (413) wifi:Set ps type: 0, coexist: 0[0m

[0;32mI (413) phy_init: phy_version 680,a6008b2,Jun  4 2024,16:41:10[0m
[0;32mI (443) wifi:mode : sta (24:ec:4a:04:74:58)[0m
[0;32mI (443) wifi:enable tsf[0m
[0;33mW (443) wifi:Password length matches WPA2 standards, authmode threshold changes from OPEN to WPA2[0m
[0;32mI (453) wifi:ic_enable_sniffer[0m
[0;32mI (453) TAG: Ready: FTM 8 frames/session, CSI ~1Hz, UART=921600.[0m
[0;32mI (453) main_task: Returned from app_main()[0m
[0;32mI (453) wifi:new:<1,0>, old:<1,0>, ap:<255,255>, sta:<1,0>, prof:1, snd_ch_cfg:0x0[0m
[0;32mI (453) wifi:state: init -> auth (0xb0)[0m
[0;32mI (463) wifi:state: auth -> assoc (0x0)[0m
[0;32mI (463) wifi:Association refused temporarily time 1500, comeback time 1600 (TUs)[0m
csi_data,[0,0,8,10,8,10,8,10,8,10,8,9,8,9,9,8,9,8,9,7,10,7,9,7,9,6,10,6,10,6,11,6,11,6,11,6,11,6,11,6,11,6,10,7,10,7,9,8,8,8,8,8,7,8,0,0,0,0,0,0,0,0,0,0,0,0,0,0,0,0,0,0,0,0,0,0,7,9,7,10,7,10,6,11,6,12,5,12,5,13,4,13,4,13,3,13,3,13,3,13,3,12,3,12,4,12,4,12,4,11,5,11,5,11,6,11,7,11,7,11,7,11,8,11,8,11,8,11]
[0;32mI (2103) wifi:state: assoc -> assoc (0x0)[0m
[0;32mI (2113) wifi:state: assoc -> run (0x10)[0m
[0;32mI (2133) wifi:connected with FTM, aid = 1, channel 1, BW20, bssid = 24:ec:4a:03:58:5d[0m
[0;32mI (2133) wifi:security: WPA2-PSK, phy: bgn, rssi: -63[0m
[0;32mI (2133) wifi:pm start, type: 0[0m

[0;32mI (2133) wifi:dp: 1, bi: 102400, li: 3, scale listen interval from 307200 us to 307200 us[0m
[0;32mI (2133) wifi:set rx beacon pti, rx_bcn_pti: 0, bcn_timeout: 25000, mt_pti: 0, mt_time: 10000[0m
[0;32mI (2143) TAG: STA connected. BSSID=24:EC:4A:03:58:5D CH=1[0m
[0;33mW (2143) wifi:Starting FTM session with 24:ec:4a:03:58:5d in 47 mSec[0m
[0;33mW (2143) wifi:Mode: non-ASAP, Bursts: 8, FTM's per burst: 4, Burst Period: 200mSec, Burst Duration: 32000uSec[0m
[0;32mI (2183) wifi:AP's beacon interval = 102400 us, DTIM period = 1[0m
csi_data,[0,0,2,-14,1,-14,2,-14,1,-14,1,-14,1,-13,0,-13,-1,-13,-1,-12,-2,-13,-1,-12,-2,-13,-3,-13,-3,-12,-3,-13,-3,-13,-3,-13,-3,-13,-3,-13,-3,-13,-2,-13,-1,-13,0,-13,0,-12,0,-12,1,-12,0,0,0,0,0,0,0,0,0,0,0,0,0,0,0,0,0,0,0,0,0,0,1,-12,2,-13,3,-13,3,-13,4,-14,5,-13,6,-13,6,-13,6,-13,7,-12,7,-12,7,-12,6,-12,6,-11,6,-12,5,-12,5,-12,4,-12,4,-13,3,-13,3,-13,3,-13,2,-14,3,-14,3,-14,2,-14]
[0;32mI (3153) esp_netif_handlers: sta ip: 192.168.4.2, mask: 255.255.255.0, gw: 192.168.4.1[0m
csi_data,[0,0,-4,-14,-5,-14,-4,-14,-4,-13,-5,-13,-5,-13,-6,-12,-6,-12,-6,-11,-7,-11,-7,-11,-7,-11,-8,-11,-8,-10,-8,-11,-8,-11,-8,-11,-8,-11,-8,-11,-8,-11,-8,-11,-7,-12,-6,-11,-6,-12,-5,-11,-4,-11,0,0,0,0,0,0,0,0,0,0,0,0,0,0,0,0,0,0,0,0,0,0,-4,-12,-4,-13,-3,-14,-2,-14,-2,-14,-1,-14,0,-14,0,-15,1,-14,1,-14,1,-14,2,-13,1,-13,1,-14,0,-13,0,-13,0,-13,-1,-13,-2,-13,-2,-13,-3,-13,-3,-14,-4,-14,-3,-14,-3,-14,-4,-14]
[0;33mW (3633) wifi:FTM session ends with 30 valid readings out of 30 readings received, Avg raw RTT: 0.0 nSec, Avg RSSI: -64[0m
ftm_frame,0,0,0.000
ftm_frame,1,0,0.000
ftm_frame,2,0,0.000
ftm_frame,3,0,0.000
ftm_frame,4,0,0.000
ftm_frame,5,0,0.000
ftm_frame,6,0,0.000
ftm_frame,7,0,0.000
ftm_frame,8,0,0.000
ftm_frame,9,0,0.000
ftm_frame,10,0,0.000
ftm_frame,11,0,0.000
ftm_frame,12,0,0.000
ftm_frame,13,0,0.000
ftm_frame,14,7813,1171.139
ftm_frame,15,0,0.000
ftm_data,0,-1.000
csi_data,[0,0,14,0,13,0,14,0,13,0,14,-1,13,-1,12,-2,12,-2,12,-2,11,-3,12,-4,11,-4,11,-4,12,-5,11,-5,12,-5,12,-5,12,-5,12,-5,12,-4,13,-3,12,-2,12,-2,12,-2,11,-1,11,-1,0,0,0,0,0,0,0,0,0,0,0,0,0,0,0,0,0,0,0,0,0,0,12,-1,13,0,12,0,13,2,13,2,14,3,13,4,13,4,13,5,12,4,12,5,12,5,12,4,12,4,12,4,11,3,12,3,12,2,13,2,13,2,13,1,13,1,13,0,14,0,14,0,14,0]
[0;33mW (4643) wifi:Starting FTM session with 24:ec:4a:03:58:5d in 104 mSec[0m
[0;33mW (4643) wifi:Mode: non-ASAP, Bursts: 8, FTM's per burst: 4, Burst Period: 200mSec, Burst Duration: 32000uSec[0m
csi_data,[0,0,-3,-14,-4,-14,-4,-14,-4,-14,-4,-14,-4,-13,-5,-13,-5,-12,-6,-12,-6,-11,-6,-11,-7,-11,-7,-11,-7,-11,-8,-11,-8,-11,-8,-11,-8,-12,-7,-12,-7,-12,-6,-12,-6,-12,-5,-12,-4,-12,-4,-11,-3,-11,0,0,0,0,0,0,0,0,0,0,0,0,0,0,0,0,0,0,0,0,0,0,-4,-12,-4,-13,-3,-14,-2,-14,-2,-14,-1,-15,0,-15,1,-15,1,-15,1,-15,1,-14,2,-14,1,-14,1,-13,1,-13,0,-13,0,-13,-1,-13,-1,-13,-2,-13,-2,-13,-3,-14,-3,-14,-3,-14,-3,-14,-3,-14]
[0;33mW (6193) wifi:FTM session ends with 30 valid readings out of 30 readings received, Avg raw RTT: 0.0 nSec, Avg RSSI: -64[0m
ftm_frame,0,0,0.000
ftm_frame,1,0,0.000
ftm_frame,2,0,0.000
ftm_frame,3,0,0.000
ftm_frame,4,0,0.000
ftm_frame,5,0,0.000
ftm_frame,6,0,0.000
ftm_frame,7,0,0.000
ftm_frame,8,0,0.000
ftm_frame,9,0,0.000
ftm_frame,10,0,0.000
ftm_frame,11,0,0.000
ftm_frame,12,0,0.000
ftm_frame,13,0,0.000
ftm_frame,14,0,0.000
ftm_frame,15,0,0.000
ftm_data,0,-1.000
csi_data,[0,0,7,-12,7,-12,7,-12,6,-13,6,-12,5,-12,5,-12,4,-12,4,-12,3,-12,3,-12,2,-12,2,-12,2,-13,2,-13,2,-13,2,-13,2,-13,2,-14,3,-13,3,-13,3,-12,4,-12,5,-11,5,-11,5,-10,0,0,0,0,0,0,0,0,0,0,0,0,0,0,0,0,0,0,0,0,0,0,6,-11,6,-11,7,-11,8,-11,9,-11,10,-11,10,-10,10,-10,11,-9,11,-9,11,-8,11,-8,10,-8,10,-8,9,-9,9,-9,9,-9,8,-10,9,-10,8,-11,7,-11,8,-11,8,-12,7,-12,8,-12,8,-12]
[0;33mW (7193) wifi:Starting FTM session with 24:ec:4a:03:58:5d in 12 mSec[0m
[0;33mW (7193) wifi:Mode: non-ASAP, Bursts: 8, FTM's per burst: 4, Burst Period: 200mSec, Burst Duration: 32000uSec[0m
csi_data,[0,0,7,12,7,12,7,12,7,11,7,10,7,10,8,9,8,9,8,8,8,8,8,8,9,7,9,7,10,7,10,7,10,7,10,8,10,7,10,8,9,8,9,9,9,9,8,9,7,9,6,9,6,9,0,0,0,0,0,0,0,0,0,0,0,0,0,0,0,0,0,0,0,0,0,0,7,10,6,10,5,12,5,12,4,13,4,13,3,13,3,13,2,14,2,13,2,13,2,13,2,12,2,13,2,12,2,12,3,12,4,11,4,12,5,12,5,12,6,11,6,12,6,12,7,12,7,12]
csi_data,[0,0,6,12,6,12,6,11,6,11,6,11,6,11,7,10,7,9,7,9,7,9,8,8,8,8,8,8,9,8,9,8,9,8,9,8,9,8,9,9,8,9,8,9,7,9,6,9,6,9,5,9,5,9,0,0,0,0,0,0,0,0,0,0,0,0,0,0,0,0,0,0,0,0,0,0,6,10,6,10,5,11,5,12,4,12,4,13,3,13,3,13,2,13,2,13,1,13,1,12,1,12,2,12,2,11,2,12,3,11,4,11,4,11,4,12,4,11,5,12,6,12,6,12,6,12,6,12]
[0;33mW (8633) wifi:FTM session ends with 31 valid readings out of 31 readings received, Avg raw RTT: 0.0 nSec, Avg RSSI: -64[0m
ftm_frame,0,0,0.000
ftm_frame,1,7813,1171.139
ftm_frame,2,0,0.000
ftm_frame,3,0,0.000
ftm_frame,4,6250,936.851
ftm_frame,5,0,0.000
ftm_frame,6,0,0.000
ftm_frame,7,0,0.000
ftm_frame,8,6251,937.001
ftm_frame,9,0,0.000
ftm_frame,10,0,0.000
ftm_frame,11,0,0.000
ftm_frame,12,6250,936.851
ftm_frame,13,0,0.000
ftm_frame,14,0,0.000
ftm_frame,15,7813,1171.139
ftm_data,0,-1.000
csi_data,[0,0,-12,-8,-12,-9,-12,-8,-12,-8,-12,-8,-12,-7,-12,-7,-12,-6,-11,-5,-12,-5,-12,-4,-12,-4,-12,-3,-13,-3,-13,-3,-13,-3,-13,-3,-13,-3,-13,-3,-13,-4,-13,-4,-12,-5,-12,-5,-11,-5,-11,-6,-10,-6,0,0,0,0,0,0,0,0,0,0,0,0,0,0,0,0,0,0,0,0,0,0,-11,-8,-11,-8,-10,-10,-10,-10,-10,-11,-10,-11,-9,-11,-9,-12,-9,-12,-8,-12,-8,-12,-7,-12,-7,-12,-8,-11,-8,-11,-8,-11,-9,-10,-9,-10,-9,-10,-10,-9,-11,-9,-11,-9,-11,-9,-12,-9,-12,-9,-12,-9]
[0;33mW (9643) wifi:Starting FTM session with 24:ec:4a:03:58:5d in 20 mSec[0m
[0;33mW (9643) wifi:Mode: non-ASAP, Bursts: 8, FTM's per burst: 4, Burst Period: 200mSec, Burst Duration: 32000uSec[0m
csi_data,[0,0,-7,-13,-7,-13,-7,-13,-7,-12,-7,-12,-7,-12,-7,-11,-8,-11,-8,-10,-9,-10,-9,-9,-9,-9,-9,-9,-10,-9,-10,-9,-10,-9,-10,-9,-10,-9,-10,-10,-9,-10,-9,-10,-8,-11,-8,-10,-7,-10,-7,-10,-6,-10,0,0,0,0,0,0,0,0,0,0,0,0,0,0,0,0,0,0,0,0,0,0,-7,-11,-6,-12,-6,-13,-5,-13,-5,-14,-4,-14,-3,-14,-3,-14,-2,-15,-2,-14,-2,-14,-2,-14,-2,-14,-2,-13,-2,-13,-2,-13,-3,-13,-4,-13,-4,-13,-5,-13,-5,-13,-6,-13,-6,-13,-6,-13,-7,-13,-6,-13]
[0;33mW (11093) wifi:FTM session ends with 31 valid readings out of 31 readings received, Avg raw RTT: 0.0 nSec, Avg RSSI: -64[0m
ftm_frame,0,7813,1171.139
ftm_frame,1,0,0.000
ftm_frame,2,0,0.000
ftm_frame,3,0,0.000
ftm_frame,4,0,0.000
ftm_frame,5,0,0.000
ftm_frame,6,0,0.000
ftm_frame,7,0,0.000
ftm_frame,8,0,0.000
ftm_frame,9,0,0.000
ftm_frame,10,0,0.000
ftm_frame,11,0,0.000
ftm_frame,12,0,0.000
ftm_frame,13,0,0.000
ftm_frame,14,0,0.000
ftm_frame,15,0,0.000
ftm_data,0,-1.000
csi_data,[0,0,11,-10,10,-10,10,-10,10,-10,10,-10,9,-10,9,-10,8,-10,7,-10,7,-10,6,-11,6,-11,6,-11,5,-12,5,-12,6,-12,6,-12,6,-12,6,-12,6,-11,7,-11,7,-10,7,-10,8,-10,8,-9,8,-8,0,0,0,0,0,0,0,0,0,0,0,0,0,0,0,0,0,0,0,0,0,0,9,-9,9,-8,10,-8,11,-7,12,-7,13,-7,13,-6,13,-6,13,-5,13,-5,13,-4,12,-4,12,-4,12,-5,12,-5,11,-5,11,-6,11,-6,11,-7,11,-7,10,-8,11,-8,10,-9,10,-9,11,-9,11,-10]
[0;33mW (12103) wifi:Starting FTM session with 24:ec:4a:03:58:5d in 27 mSec[0m
[0;33mW (12103) wifi:Mode: non-ASAP, Bursts: 8, FTM's per burst: 4, Burst Period: 200mSec, Burst Duration: 32000uSec[0m
csi_data,[0,0,-12,-9,-12,-9,-12,-9,-12,-8,-12,-9,-12,-8,-11,-7,-12,-7,-12,-6,-12,-5,-12,-5,-12,-5,-12,-4,-13,-4,-12,-4,-13,-4,-13,-4,-13,-4,-13,-5,-13,-5,-12,-5,-12,-6,-11,-6,-11,-7,-10,-7,-10,-7,0,0,0,0,0,0,0,0,0,0,0,0,0,0,0,0,0,0,0,0,0,0,-10,-8,-10,-9,-10,-9,-10,-11,-10,-11,-9,-12,-8,-12,-8,-12,-8,-13,-8,-13,-7,-12,-7,-12,-7,-12,-7,-12,-8,-11,-8,-11,-8,-10,-8,-10,-9,-10,-9,-10,-10,-10,-10,-10,-11,-10,-11,-9,-12,-10,-11,-9]
csi_data,[0,0,-15,-4,-15,-4,-14,-4,-14,-4,-14,-3,-13,-3,-13,-2,-13,-1,-13,-1,-13,-1,-13,0,-13,0,-13,0,-13,1,-13,1,-13,1,-13,1,-14,0,-14,0,-14,0,-14,0,-13,-1,-13,-2,-12,-2,-12,-3,-11,-3,0,0,0,0,0,0,0,0,0,0,0,0,0,0,0,0,0,0,0,0,0,0,-13,-3,-13,-3,-13,-4,-13,-5,-14,-6,-13,-7,-13,-7,-13,-8,-13,-8,-12,-9,-12,-9,-12,-9,-11,-9,-11,-8,-11,-7,-12,-7,-12,-6,-12,-6,-13,-6,-13,-5,-13,-5,-14,-5,-14,-5,-14,-4,-14,-5,-14,-4]
[0;33mW (13553) wifi:FTM session ends with 31 valid readings out of 31 readings received, Avg raw RTT: 0.0 nSec, Avg RSSI: -63[0m
ftm_frame,0,0,0.000
ftm_frame,1,0,0.000
ftm_frame,2,0,0.000
ftm_frame,3,7813,1171.139
ftm_frame,4,0,0.000
ftm_frame,5,0,0.000
ftm_frame,6,0,0.000
ftm_frame,7,6251,937.001
ftm_frame,8,0,0.000
ftm_frame,9,0,0.000
ftm_frame,10,0,0.000
ftm_frame,11,0,0.000
ftm_frame,12,0,0.000
ftm_frame,13,0,0.000
ftm_frame,14,0,0.000
ftm_frame,15,0,0.000
ftm_data,0,-1.000
csi_data,[0,0,-6,-13,-7,-13,-7,-13,-7,-12,-6,-12,-7,-11,-8,-11,-8,-11,-8,-10,-8,-10,-8,-9,-9,-9,-9,-9,-10,-9,-9,-9,-10,-9,-10,-9,-10,-9,-10,-9,-9,-9,-9,-10,-9,-10,-8,-10,-7,-10,-6,-10,-6,-10,0,0,0,0,0,0,0,0,0,0,0,0,0,0,0,0,0,0,0,0,0,0,-6,-12,-6,-12,-5,-13,-4,-13,-4,-14,-3,-14,-3,-14,-2,-14,-2,-14,-1,-14,-1,-14,-1,-13,-1,-14,-1,-13,-2,-13,-2,-13,-2,-13,-3,-13,-4,-12,-4,-13,-5,-13,-5,-13,-6,-13,-5,-13,-5,-13,-6,-13]
[0;33mW (14563) wifi:Starting FTM session with 24:ec:4a:03:58:5d in 15 mSec[0m
[0;33mW (14563) wifi:Mode: non-ASAP, Bursts: 8, FTM's per burst: 4, Burst Period: 200mSec, Burst Duration: 32000uSec[0m
csi_data,[0,0,-12,-9,-12,-9,-12,-9,-12,-8,-12,-8,-12,-7,-12,-7,-11,-6,-12,-6,-12,-5,-12,-4,-12,-4,-12,-3,-13,-3,-13,-3,-13,-3,-13,-4,-13,-4,-13,-4,-13,-4,-13,-5,-12,-5,-12,-6,-12,-6,-11,-6,-10,-7,0,0,0,0,0,0,0,0,0,0,0,0,0,0,0,0,0,0,0,0,0,0,-11,-7,-11,-9,-10,-9,-10,-10,-10,-11,-10,-12,-9,-12,-9,-12,-8,-13,-8,-12,-8,-12,-8,-12,-7,-12,-8,-11,-8,-11,-8,-11,-9,-11,-9,-10,-10,-10,-10,-10,-10,-9,-11,-10,-11,-9,-12,-9,-12,-9,-12,-9]
[0;33mW (16013) wifi:FTM session ends with 31 valid readings out of 31 readings received, Avg raw RTT: 0.0 nSec, Avg RSSI: -64[0m
ftm_frame,0,0,0.000
ftm_frame,1,0,0.000
ftm_frame,2,0,0.000
ftm_frame,3,0,0.000
ftm_frame,4,0,0.000
ftm_frame,5,0,0.000
ftm_frame,6,0,0.000
ftm_frame,7,0,0.000
ftm_frame,8,0,0.000
ftm_frame,9,0,0.000
ftm_frame,10,0,0.000
ftm_frame,11,7813,1171.139
ftm_frame,12,0,0.000
ftm_frame,13,0,0.000
ftm_frame,14,0,0.000
ftm_frame,15,0,0.000
ftm_data,0,-1.000
csi_data,[0,0,-11,-10,-11,-10,-11,-10,-11,-9,-11,-9,-11,-8,-11,-8,-11,-7,-11,-7,-11,-6,-11,-6,-12,-6,-12,-5,-12,-5,-12,-5,-13,-5,-12,-5,-13,-5,-13,-6,-12,-6,-12,-6,-11,-7,-11,-7,-10,-7,-10,-7,-9,-8,0,0,0,0,0,0,0,0,0,0,0,0,0,0,0,0,0,0,0,0,0,0,-10,-8,-10,-9,-9,-10,-9,-11,-9,-11,-9,-12,-8,-12,-7,-13,-7,-13,-7,-13,-6,-12,-6,-12,-6,-12,-6,-12,-7,-12,-6,-11,-8,-11,-7,-10,-8,-11,-8,-10,-9,-10,-9,-11,-10,-10,-11,-10,-11,-10,-11,-10]
[0;33mW (17013) wifi:Starting FTM session with 24:ec:4a:03:58:5d in 22 mSec[0m
[0;33mW (17013) wifi:Mode: non-ASAP, Bursts: 8, FTM's per burst: 4, Burst Period: 200mSec, Burst Duration: 32000uSec[0m
csi_data,[0,0,-14,0,-14,0,-14,0,-14,0,-13,0,-13,1,-13,1,-12,2,-12,2,-12,3,-12,3,-12,3,-12,4,-12,4,-12,4,-12,5,-12,4,-12,5,-12,4,-12,4,-13,3,-13,3,-12,2,-12,2,-12,1,-12,1,0,0,0,0,0,0,0,0,0,0,0,0,0,0,0,0,0,0,0,0,0,0,-13,0,-13,-1,-13,-2,-13,-3,-14,-3,-14,-4,-14,-5,-14,-5,-13,-5,-13,-6,-13,-6,-13,-6,-12,-5,-12,-5,-12,-5,-12,-4,-12,-4,-12,-3,-13,-3,-13,-2,-13,-2,-14,-2,-14,-1,-14,-1,-14,-1,-14,-1]
csi_data,[0,0,-12,8,-12,8,-12,8,-11,8,-11,8,-10,8,-10,8,-10,8,-9,9,-8,9,-8,9,-7,10,-7,10,-7,10,-7,10,-7,11,-7,11,-7,11,-8,11,-8,10,-9,10,-9,9,-9,9,-9,8,-9,8,-9,7,0,0,0,0,0,0,0,0,0,0,0,0,0,0,0,0,0,0,0,0,0,0,-10,7,-11,7,-12,6,-12,6,-13,5,-14,5,-14,4,-14,4,-14,3,-14,3,-14,3,-14,3,-13,3,-13,4,-13,4,-12,4,-12,4,-12,5,-12,5,-12,6,-12,6,-12,7,-12,7,-12,8,-12,8,-12,8]
[0;33mW (18473) wifi:FTM session ends with 31 valid readings out of 31 readings received, Avg raw RTT: 0.0 nSec, Avg RSSI: -64[0m
ftm_frame,0,0,0.000
ftm_frame,1,0,0.000
ftm_frame,2,0,0.000
ftm_frame,3,0,0.000
ftm_frame,4,0,0.000
ftm_frame,5,0,0.000
ftm_frame,6,0,0.000
ftm_frame,7,0,0.000
ftm_frame,8,0,0.000
ftm_frame,9,0,0.000
ftm_frame,10,0,0.000
ftm_frame,11,0,0.000
ftm_frame,12,0,0.000
ftm_frame,13,0,0.000
ftm_frame,14,0,0.000
ftm_frame,15,0,0.000
ftm_data,0,-1.000
csi_data,[0,0,13,-5,13,-5,13,-6,12,-6,12,-6,11,-6,11,-6,11,-6,11,-7,10,-7,10,-8,10,-8,9,-8,10,-9,10,-8,10,-9,10,-9,11,-9,11,-9,11,-8,11,-7,11,-7,11,-6,11,-5,11,-5,11,-3,0,0,0,0,0,0,0,0,0,0,0,0,0,0,0,0,0,0,0,0,0,0,11,-5,12,-4,12,-3,13,-3,13,-2,14,-2,14,-1,13,-1,13,0,13,0,13,0,12,0,12,0,12,0,12,-1,12,-1,12,-1,11,-2,12,-3,12,-3,12,-4,13,-4,13,-5,13,-5,13,-5,13,-5]
[0;33mW (19473) wifi:Starting FTM session with 24:ec:4a:03:58:5d in 20 mSec[0m
[0;33mW (19473) wifi:Mode: non-ASAP, Bursts: 8, FTM's per burst: 4, Burst Period: 200mSec, Burst Duration: 32000uSec[0m
csi_data,[0,0,10,-10,9,-10,9,-10,9,-11,9,-11,8,-11,8,-11,7,-11,7,-11,6,-11,6,-12,6,-12,5,-12,5,-13,5,-13,5,-13,6,-13,6,-14,6,-14,7,-13,8,-13,8,-12,8,-11,9,-11,9,-10,9,-10,0,0,0,0,0,0,0,0,0,0,0,0,0,0,0,0,0,0,0,0,0,0,9,-8,9,-7,10,-7,10,-6,11,-6,12,-6,12,-5,12,-5,12,-4,11,-4,12,-4,11,-4,11,-4,11,-4,10,-5,10,-5,10,-6,10,-6,10,-7,10,-8,10,-8,10,-9,10,-9,10,-9,10,-10,10,-10]
[0;33mW (20923) wifi:FTM session ends with 31 valid readings out of 31 readings received, Avg raw RTT: 0.302 nSec, Avg RSSI: -65[0m
ftm_frame,0,7813,1171.139
ftm_frame,1,0,0.000
ftm_frame,2,0,0.000
ftm_frame,3,9376,1405.427
ftm_frame,4,0,0.000
ftm_frame,5,0,0.000
ftm_frame,6,0,0.000
ftm_frame,7,7813,1171.139
ftm_frame,8,0,0.000
ftm_frame,9,0,0.000
ftm_frame,10,6251,937.001
ftm_frame,11,0,0.000
ftm_frame,12,0,0.000
ftm_frame,13,0,0.000
ftm_frame,14,9375,1405.277
ftm_frame,15,9375,1405.277
ftm_data,0,-1.000
csi_data,[0,0,-12,3,-12,2,-12,3,-13,4,-12,4,-11,4,-11,4,-10,5,-10,6,-10,6,-9,7,-9,8,-9,8,-9,8,-8,8,-9,9,-9,10,-9,10,-9,9,-11,9,-12,9,-11,8,-11,7,-11,6,-12,5,-12,4,0,0,0,0,0,0,0,0,0,0,0,0,0,0,0,0,0,0,0,0,0,0,-14,-3,-14,-4,-14,-4,-15,-5,-15,-5,-15,-5,-14,-7,-14,-8,-13,-7,-14,-7,-13,-7,-12,-7,-11,-6,-11,-5,-11,-5,-11,-4,-11,-3,-12,-3,-12,-2,-11,-1,-11,-1,-12,-1,-13,0,-12,1,-11,1,-12,1]
[0;33mW (21933) wifi:Starting FTM session with 24:ec:4a:03:58:5d in 27 mSec[0m
[0;33mW (21933) wifi:Mode: non-ASAP, Bursts: 8, FTM's per burst: 4, Burst Period: 200mSec, Burst Duration: 32000uSec[0m
csi_data,[0,0,-5,-15,-6,-16,-6,-15,-6,-15,-5,-14,-5,-13,-5,-13,-5,-12,-6,-12,-7,-11,-7,-10,-7,-9,-7,-9,-8,-9,-8,-9,-9,-9,-9,-8,-7,-8,-6,-7,-6,-8,-7,-7,-7,-6,-7,-6,-8,-7,-8,-6,-9,-6,0,0,0,0,0,0,0,0,0,0,0,0,0,0,0,0,0,0,0,0,0,0,-9,-7,-9,-7,-8,-10,-8,-11,-7,-13,-7,-14,-7,-14,-6,-14,-5,-15,-4,-16,-3,-16,-3,-15,-3,-15,-3,-15,-3,-16,-4,-15,-4,-15,-4,-16,-4,-16,-5,-15,-5,-16,-5,-16,-5,-17,-5,-16,-6,-16,-5,-17]
[0;33mW (23383) wifi:FTM session ends with 31 valid readings out of 31 readings received, Avg raw RTT: 9.879 nSec, Avg RSSI: -77[0m
ftm_frame,0,53125,7963.236
ftm_frame,1,54688,8197.524
ftm_frame,2,51563,7729.099
ftm_frame,3,51563,7729.099
ftm_frame,4,6250,936.851
ftm_frame,5,9375,1405.277
ftm_frame,6,6250,936.851
ftm_frame,7,6250,936.851
ftm_frame,8,7813,1171.139
ftm_frame,9,10938,1639.565
ftm_frame,10,9375,1405.277
ftm_frame,11,7813,1171.139
ftm_frame,12,3126,468.576
ftm_frame,13,1563,234.288
ftm_frame,14,12500,1873.703
ftm_frame,15,0,0.000
ftm_data,9,1.350
csi_data,[0,0,-2,13,-2,13,-2,13,-1,12,-1,12,-1,13,0,12,0,10,1,10,2,10,3,10,4,9,4,10,4,10,5,10,5,10,5,10,5,10,5,11,5,11,4,11,3,12,3,12,2,11,2,11,1,10,0,0,0,0,0,0,0,0,0,0,0,0,0,0,0,0,0,0,0,0,0,0,-1,12,-2,13,-3,13,-4,14,-4,14,-5,14,-6,13,-6,13,-7,12,-7,13,-7,12,-8,12,-8,12,-7,11,-7,11,-6,11,-6,12,-5,12,-5,12,-5,12,-4,12,-4,12,-4,13,-3,13,-3,13,-2,13]
[0;33mW (24393) wifi:Starting FTM session with 24:ec:4a:03:58:5d in 15 mSec[0m
[0;33mW (24393) wifi:Mode: non-ASAP, Bursts: 8, FTM's per burst: 4, Burst Period: 200mSec, Burst Duration: 32000uSec[0m
csi_data,[0,0,-13,1,-13,1,-13,2,-13,2,-14,3,-14,3,-13,3,-13,4,-14,4,-13,5,-13,5,-13,5,-13,6,-14,6,-14,6,-15,7,-15,7,-16,6,-16,5,-16,5,-17,4,-16,3,-16,2,-15,1,-15,0,-15,-1,0,0,0,0,0,0,0,0,0,0,0,0,0,0,0,0,0,0,0,0,0,0,-11,-5,-11,-5,-11,-6,-11,-6,-11,-7,-11,-8,-10,-8,-10,-8,-9,-8,-9,-8,-9,-8,-9,-8,-9,-7,-9,-7,-9,-6,-9,-6,-10,-5,-10,-4,-10,-4,-11,-3,-11,-3,-11,-2,-11,-2,-12,-1,-12,0,-13,0]
csi_data,[0,0,14,4,13,4,14,4,14,3,14,3,13,3,13,3,13,2,13,1,13,1,14,0,13,0,14,0,14,-1,14,-1,15,-1,15,-1,15,-1,15,0,15,1,16,1,15,2,15,2,14,3,14,3,13,4,0,0,0,0,0,0,0,0,0,0,0,0,0,0,0,0,0,0,0,0,0,0,8,3,8,4,8,4,8,4,8,5,8,6,8,6,8,6,8,6,8,7,8,7,8,7,8,6,9,7,9,6,9,6,9,5,9,5,10,5,11,5,11,4,12,4,12,4,13,4,13,4,14,5]
[0;33mW (25833) wifi:FTM session ends with 31 valid readings out of 31 readings received, Avg raw RTT: 5.91 nSec, Avg RSSI: -68[0m
ftm_frame,0,17188,2576.416
ftm_frame,1,4688,702.714
ftm_frame,2,7813,1171.139
ftm_frame,3,4688,702.714
ftm_frame,4,18751,2810.704
ftm_frame,5,6251,937.001
ftm_frame,6,7813,1171.139
ftm_frame,7,9375,1405.277
ftm_frame,8,9376,1405.427
ftm_frame,9,0,0.000
ftm_frame,10,0,0.000
ftm_frame,11,0,0.000
ftm_frame,12,1563,234.288
ftm_frame,13,1563,234.288
ftm_frame,14,3126,468.576
ftm_frame,15,4688,702.714
ftm_data,5,0.750
csi_data,[0,0,5,-14,4,-15,4,-14,5,-14,3,-14,3,-14,3,-14,2,-14,2,-14,1,-14,0,-14,0,-14,-1,-14,-1,-15,-1,-16,0,-15,0,-16,0,-16,0,-17,1,-16,1,-16,2,-16,2,-16,4,-15,4,-14,5,-14,0,0,0,0,0,0,0,0,0,0,0,0,0,0,0,0,0,0,0,0,0,0,4,-10,4,-10,5,-10,5,-10,6,-10,7,-10,7,-10,7,-10,8,-10,8,-10,8,-9,8,-10,7,-10,7,-10,7,-9,7,-10,6,-10,6,-11,6,-11,6,-12,5,-12,5,-13,5,-14,5,-14,5,-14,5,-15]
[0;33mW (26843) wifi:Starting FTM session with 24:ec:4a:03:58:5d in 23 mSec[0m
[0;33mW (26843) wifi:Mode: non-ASAP, Bursts: 8, FTM's per burst: 4, Burst Period: 200mSec, Burst Duration: 32000uSec[0m
csi_data,[0,0,12,5,11,5,11,4,11,4,10,3,10,3,9,2,9,1,8,1,8,0,8,0,8,-1,7,-1,7,-1,7,-2,7,-2,6,-3,6,-3,6,-3,6,-3,6,-3,6,-3,6,-3,6,-3,6,-3,6,-3,0,0,0,0,0,0,0,0,0,0,0,0,0,0,0,0,0,0,0,0,0,0,15,3,15,4,15,5,15,6,15,6,15,7,15,8,14,9,14,9,13,9,13,9,13,9,12,9,12,9,12,8,12,8,12,8,12,7,13,6,13,6,13,6,13,6,13,5,13,5,13,5,13,5]
[0;33mW (28293) wifi:FTM session ends with 31 valid readings out of 31 readings received, Avg raw RTT: 2.974 nSec, Avg RSSI: -69[0m
ftm_frame,0,0,0.000
ftm_frame,1,0,0.000
ftm_frame,2,0,0.000
ftm_frame,3,0,0.000
ftm_frame,4,0,0.000
ftm_frame,5,0,0.000
ftm_frame,6,0,0.000
ftm_frame,7,0,0.000
ftm_frame,8,7813,1171.139
ftm_frame,9,9375,1405.277
ftm_frame,10,9376,1405.427
ftm_frame,11,10938,1639.565
ftm_frame,12,0,0.000
ftm_frame,13,0,0.000
ftm_frame,14,1,0.150
ftm_frame,15,1563,234.288
ftm_data,2,0.300
csi_data,[0,0,1,-16,1,-16,1,-16,1,-16,0,-16,0,-16,-1,-16,-2,-16,-2,-16,-3,-16,-3,-16,-4,-16,-4,-17,-4,-17,-4,-17,-4,-18,-4,-18,-4,-19,-3,-19,-3,-19,-2,-19,-1,-19,0,-18,1,-18,2,-18,3,-17,0,0,0,0,0,0,0,0,0,0,0,0,0,0,0,0,0,0,0,0,0,0,2,-6,2,-7,2,-7,3,-7,3,-8,4,-8,4,-8,5,-8,5,-8,4,-8,5,-8,5,-9,5,-8,5,-8,4,-9,4,-9,3,-10,3,-10,3,-11,2,-12,2,-12,2,-13,1,-13,1,-14,2,-15,1,-15]
[0;33mW (29303) wifi:Starting FTM session with 24:ec:4a:03:58:5d in 20 mSec[0m
[0;33mW (29303) wifi:Mode: non-ASAP, Bursts: 8, FTM's per burst: 4, Burst Period: 200mSec, Burst Duration: 32000uSec[0m
csi_data,[0,0,-7,14,-6,14,-6,14,-6,14,-6,14,-5,14,-5,14,-4,14,-4,14,-3,15,-3,15,-2,15,-3,15,-2,16,-2,16,-2,17,-3,17,-2,18,-3,18,-4,17,-5,17,-6,17,-6,16,-7,15,-8,15,-9,14,0,0,0,0,0,0,0,0,0,0,0,0,0,0,0,0,0,0,0,0,0,0,-5,5,-6,5,-7,5,-7,5,-7,5,-8,5,-8,5,-8,5,-9,5,-8,5,-9,5,-9,5,-9,6,-8,6,-8,6,-8,7,-8,7,-7,8,-7,8,-7,9,-7,10,-7,11,-7,11,-7,12,-7,12,-7,13]
csi_data,[0,0,-15,4,-15,4,-15,4,-15,5,-15,5,-15,6,-15,6,-14,7,-14,7,-14,8,-15,9,-14,9,-14,10,-14,10,-15,11,-16,11,-16,11,-17,11,-17,11,-18,10,-18,8,-19,7,-19,7,-19,6,-18,4,-18,3,0,0,0,0,0,0,0,0,0,0,0,0,0,0,0,0,0,0,0,0,0,0,-7,-2,-7,-2,-8,-2,-8,-3,-8,-3,-8,-3,-8,-3,-9,-3,-9,-3,-9,-3,-9,-3,-10,-3,-9,-3,-9,-2,-10,-2,-10,-2,-10,-1,-11,-1,-11,0,-11,1,-12,1,-12,2,-13,2,-13,3,-14,3,-14,4]
[0;33mW (30753) wifi:FTM session ends with 31 valid readings out of 31 readings received, Avg raw RTT: 5.746 nSec, Avg RSSI: -65[0m
ftm_frame,0,6251,937.001
ftm_frame,1,4688,702.714
ftm_frame,2,6250,936.851
ftm_frame,3,4688,702.714
ftm_frame,4,1563,234.288
ftm_frame,5,3125,468.426
ftm_frame,6,1563,234.288
ftm_frame,7,1563,234.288
ftm_frame,8,3125,468.426
ftm_frame,9,3126,468.576
ftm_frame,10,15625,2342.128
ftm_frame,11,3126,468.576
ftm_frame,12,0,0.000
ftm_frame,13,1563,234.288
ftm_frame,14,1563,234.288
ftm_frame,15,0,0.000
ftm_data,5,0.750
csi_data,[0,0,-14,-1,-14,-1,-15,-1,-14,0,-15,0,-14,1,-14,1,-14,2,-14,2,-14,3,-15,4,-14,4,-15,5,-16,5,-15,5,-16,5,-17,5,-17,5,-18,5,-18,4,-18,3,-18,2,-17,1,-17,1,-17,0,-16,-1,0,0,0,0,0,0,0,0,0,0,0,0,0,0,0,0,0,0,0,0,0,0,-5,-3,-6,-4,-6,-4,-6,-5,-6,-5,-7,-5,-6,-5,-7,-5,-6,-5,-7,-6,-7,-5,-7,-5,-8,-5,-8,-5,-8,-5,-9,-4,-9,-4,-9,-4,-10,-3,-10,-3,-11,-3,-11,-2,-12,-2,-12,-1,-13,-1,-13,-1]
[0;33mW (31763) wifi:Starting FTM session with 24:ec:4a:03:58:5d in 18 mSec[0m
[0;33mW (31763) wifi:Mode: non-ASAP, Bursts: 8, FTM's per burst: 4, Burst Period: 200mSec, Burst Duration: 32000uSec[0m
csi_data,[0,0,10,-10,10,-11,10,-11,10,-12,10,-12,10,-12,9,-13,9,-13,9,-13,8,-14,8,-15,7,-15,8,-15,7,-17,7,-17,8,-18,8,-17,9,-18,9,-18,10,-18,11,-17,12,-16,12,-15,13,-14,13,-13,14,-12,0,0,0,0,0,0,0,0,0,0,0,0,0,0,0,0,0,0,0,0,0,0,6,-1,6,-1,6,-1,7,-1,7,-1,8,-1,8,-1,8,-1,8,-1,8,-1,8,-1,8,-1,8,-2,8,-2,9,-3,8,-3,9,-4,8,-5,9,-5,9,-6,9,-7,9,-7,9,-8,10,-9,10,-9,10,-10]
[0;33mW (33213) wifi:FTM session ends with 31 valid readings out of 31 readings received, Avg raw RTT: 6.452 nSec, Avg RSSI: -65[0m
ftm_frame,0,4688,702.714
ftm_frame,1,4688,702.714
ftm_frame,2,3126,468.576
ftm_frame,3,4688,702.714
ftm_frame,4,4688,702.714
ftm_frame,5,3126,468.576
ftm_frame,6,3125,468.426
ftm_frame,7,18750,2810.554
ftm_frame,8,4688,702.714
ftm_frame,9,6251,937.001
ftm_frame,10,4688,702.714
ftm_frame,11,4688,702.714
ftm_frame,12,6251,937.001
ftm_frame,13,4688,702.714
ftm_frame,14,4688,702.714
ftm_frame,15,6251,937.001
ftm_data,6,0.900
csi_data,[0,0,5,13,5,13,5,14,5,13,6,14,6,13,7,13,7,13,7,13,8,12,9,12,10,12,10,13,11,13,11,13,12,14,12,15,12,15,11,16,10,16,9,17,8,17,7,17,7,17,5,17,4,17,0,0,0,0,0,0,0,0,0,0,0,0,0,0,0,0,0,0,0,0,0,0,-2,6,-2,6,-3,6,-3,6,-3,7,-3,7,-4,7,-4,7,-4,8,-4,8,-3,8,-3,8,-3,8,-2,8,-2,8,-2,8,-1,9,0,9,0,9,1,10,1,10,2,11,2,12,3,12,4,12,4,13]
[0;33mW (34213) wifi:Starting FTM session with 24:ec:4a:03:58:5d in 25 mSec[0m
[0;33mW (34213) wifi:Mode: non-ASAP, Bursts: 8, FTM's per burst: 4, Burst Period: 200mSec, Burst Duration: 32000uSec[0m
csi_data,[0,0,-3,12,-3,12,-3,13,-3,13,-3,13,-2,13,-2,13,-1,13,-1,13,0,14,0,14,1,14,1,15,1,15,2,16,2,16,1,16,1,17,0,17,0,17,-1,17,-2,17,-3,16,-3,16,-4,15,-6,15,0,0,0,0,0,0,0,0,0,0,0,0,0,0,0,0,0,0,0,0,0,0,-5,3,-5,3,-5,4,-5,4,-6,4,-6,4,-6,4,-7,4,-7,4,-7,4,-6,4,-6,4,-6,5,-6,5,-5,5,-6,6,-5,6,-5,7,-5,7,-4,8,-4,8,-4,9,-4,10,-4,10,-3,11,-4,12]
csi_data,[0,0,12,-7,12,-7,13,-7,12,-7,12,-7,12,-8,12,-8,11,-9,11,-9,10,-9,10,-10,10,-10,10,-11,10,-12,10,-12,11,-12,11,-12,12,-12,12,-12,12,-12,13,-11,13,-10,13,-9,14,-8,13,-7,14,-6,0,0,0,0,0,0,0,0,0,0,0,0,0,0,0,0,0,0,0,0,0,0,9,-2,9,-1,9,-1,10,0,10,0,11,0,10,1,11,1,11,1,10,1,10,1,10,1,10,1,10,0,10,0,10,-1,11,-1,10,-2,11,-3,11,-3,11,-4,11,-4,11,-5,12,-5,12,-5,13,-6]
[0;33mW (35663) wifi:FTM session ends with 31 valid readings out of 31 readings received, Avg raw RTT: 5.544 nSec, Avg RSSI: -65[0m
ftm_frame,0,6251,937.001
ftm_frame,1,18750,2810.554
ftm_frame,2,4688,702.714
ftm_frame,3,6250,936.851
ftm_frame,4,6250,936.851
ftm_frame,5,6251,937.001
ftm_frame,6,6251,937.001
ftm_frame,7,6251,937.001
ftm_frame,8,6251,937.001
ftm_frame,9,18750,2810.554
ftm_frame,10,6251,937.001
ftm_frame,11,6250,936.851
ftm_frame,12,15625,2342.128
ftm_frame,13,3125,468.426
ftm_frame,14,3125,468.426
ftm_frame,15,17188,2576.416
ftm_data,5,0.750
csi_data,[0,0,-14,2,-14,3,-14,3,-14,3,-14,3,-14,4,-14,4,-14,5,-13,6,-13,6,-13,7,-13,8,-13,8,-14,8,-14,9,-14,9,-15,9,-16,9,-17,8,-17,8,-18,7,-17,6,-17,5,-17,5,-18,3,-17,2,0,0,0,0,0,0,0,0,0,0,0,0,0,0,0,0,0,0,0,0,0,0,-10,-2,-11,-3,-11,-4,-11,-4,-10,-5,-11,-5,-11,-5,-10,-6,-10,-6,-10,-6,-11,-5,-10,-5,-10,-5,-10,-4,-10,-4,-11,-3,-11,-3,-11,-2,-11,-1,-11,-1,-12,-1,-13,0,-13,0,-13,1,-13,1,-13,2]
[0;33mW (36673) wifi:Starting FTM session with 24:ec:4a:03:58:5d in 23 mSec[0m
[0;33mW (36673) wifi:Mode: non-ASAP, Bursts: 8, FTM's per burst: 4, Burst Period: 200mSec, Burst Duration: 32000uSec[0m
csi_data,[0,0,-7,-13,-7,-13,-8,-13,-8,-13,-8,-13,-8,-13,-9,-13,-9,-12,-10,-12,-11,-11,-12,-11,-12,-11,-12,-11,-13,-11,-13,-12,-14,-12,-14,-13,-14,-14,-13,-15,-13,-15,-12,-16,-11,-16,-10,-17,-9,-17,-8,-17,-7,-17,0,0,0,0,0,0,0,0,0,0,0,0,0,0,0,0,0,0,0,0,0,0,-1,-9,-1,-9,0,-10,0,-10,0,-11,0,-11,1,-10,1,-11,1,-11,1,-11,1,-11,0,-11,0,-11,0,-10,-1,-10,-1,-11,-1,-11,-2,-11,-3,-11,-4,-11,-4,-11,-5,-12,-6,-12,-6,-12,-7,-13,-7,-13]
[0;33mW (38133) wifi:FTM session ends with 31 valid readings out of 31 readings received, Avg raw RTT: 2.419 nSec, Avg RSSI: -64[0m
ftm_frame,0,0,0.000
ftm_frame,1,9376,1405.427
ftm_frame,2,6251,937.001
ftm_frame,3,0,0.000
ftm_frame,4,0,0.000
ftm_frame,5,0,0.000
ftm_frame,6,6250,936.851
ftm_frame,7,0,0.000
ftm_frame,8,0,0.000
ftm_frame,9,0,0.000
ftm_frame,10,7813,1171.139
ftm_frame,11,0,0.000
ftm_frame,12,9376,1405.427
ftm_frame,13,0,0.000
ftm_frame,14,21876,3279.130
ftm_frame,15,0,0.000
ftm_data,2,0.300
csi_data,[0,0,13,3,14,3,13,2,14,2,14,2,14,1,14,1,14,0,14,-1,14,-1,15,-2,15,-2,15,-3,16,-3,16,-4,17,-3,17,-3,18,-3,18,-2,19,-1,18,-1,18,0,18,2,17,3,17,3,16,5,0,0,0,0,0,0,0,0,0,0,0,0,0,0,0,0,0,0,0,0,0,0,6,5,6,5,6,6,6,6,6,7,6,7,6,7,6,7,6,7,6,8,6,7,6,7,6,7,7,7,7,6,7,6,8,6,8,5,9,5,10,5,10,4,11,4,11,4,12,4,12,4,13,3]
[0;33mW (39133) wifi:Starting FTM session with 24:ec:4a:03:58:5d in 21 mSec[0m
[0;33mW (39133) wifi:Mode: non-ASAP, Bursts: 8, FTM's per burst: 4, Burst Period: 200mSec, Burst Duration: 32000uSec[0m
csi_data,[0,0,-2,14,-1,14,-1,14,-1,15,-1,15,-1,15,1,15,1,15,2,15,2,15,3,15,3,15,4,15,5,16,5,16,5,17,4,18,4,18,3,19,3,19,1,19,1,19,0,18,-2,18,-3,18,-4,17,0,0,0,0,0,0,0,0,0,0,0,0,0,0,0,0,0,0,0,0,0,0,-5,6,-5,6,-5,6,-6,6,-6,6,-6,6,-7,6,-6,7,-7,7,-7,7,-7,7,-7,7,-6,7,-6,7,-6,8,-6,8,-5,8,-4,9,-4,10,-4,10,-4,11,-3,11,-3,12,-2,13,-2,13,-2,13]
csi_data,[0,0,13,0,13,0,12,-1,13,-1,13,-1,13,-2,13,-2,13,-3,13,-3,13,-4,13,-5,13,-6,14,-6,14,-7,14,-7,15,-7,15,-7,16,-7,17,-6,17,-5,17,-5,18,-3,17,-3,17,-2,17,-1,17,0,0,0,0,0,0,0,0,0,0,0,0,0,0,0,0,0,0,0,0,0,0,0,5,4,5,4,5,5,5,5,5,5,5,5,5,6,5,5,5,6,5,6,5,5,6,5,6,5,6,5,6,4,7,4,7,4,7,3,8,3,8,2,9,2,10,2,10,1,10,1,11,1,12,0]
[0;33mW (40583) wifi:FTM session ends with 31 valid readings out of 31 readings received, Avg raw RTT: 2.671 nSec, Avg RSSI: -64[0m
ftm_frame,0,1563,234.288
ftm_frame,1,1,0.150
ftm_frame,2,1,0.150
ftm_frame,3,1563,234.288
ftm_frame,4,1563,234.288
ftm_frame,5,1563,234.288
ftm_frame,6,0,0.000
ftm_frame,7,1563,234.288
ftm_frame,8,1563,234.288
ftm_frame,9,1563,234.288
ftm_frame,10,1563,234.288
ftm_frame,11,3125,468.426
ftm_frame,12,3126,468.576
ftm_frame,13,3125,468.426
ftm_frame,14,1563,234.288
ftm_frame,15,1563,234.288
ftm_data,2,0.300
csi_data,[0,0,11,7,12,7,12,6,13,6,13,6,13,5,13,5,13,4,14,4,14,3,15,3,15,2,15,2,16,2,17,1,17,2,18,2,18,3,19,3,18,4,19,5,18,6,17,7,17,8,16,8,15,10,0,0,0,0,0,0,0,0,0,0,0,0,0,0,0,0,0,0,0,0,0,0,3,8,3,8,3,9,3,9,2,9,2,9,2,9,2,9,2,10,2,10,2,9,2,9,2,9,3,9,3,8,4,8,5,8,5,8,6,8,7,7,7,7,8,7,9,7,9,7,10,7,10,7]
[0;33mW (41593) wifi:Starting FTM session with 24:ec:4a:03:58:5d in 18 mSec[0m
[0;33mW (41593) wifi:Mode: non-ASAP, Bursts: 8, FTM's per burst: 4, Burst Period: 200mSec, Burst Duration: 32000uSec[0m
csi_data,[0,0,9,-12,8,-12,9,-13,9,-13,8,-13,8,-14,7,-14,7,-14,6,-15,6,-15,6,-16,5,-16,5,-16,5,-17,5,-18,5,-19,6,-19,6,-20,7,-20,7,-19,9,-19,10,-18,10,-17,11,-17,12,-15,13,-14,0,0,0,0,0,0,0,0,0,0,0,0,0,0,0,0,0,0,0,0,0,0,8,-3,8,-3,8,-2,8,-2,9,-2,9,-2,9,-2,9,-2,9,-2,9,-2,9,-2,9,-2,9,-2,9,-3,9,-3,9,-4,9,-5,8,-6,9,-6,8,-7,8,-8,8,-9,8,-9,9,-10,9,-10,9,-11]
[0;33mW (43053) wifi:FTM session ends with 30 valid readings out of 30 readings received, Avg raw RTT: 1.771 nSec, Avg RSSI: -65[0m
ftm_frame,0,0,0.000
ftm_frame,1,0,0.000
ftm_frame,2,0,0.000
ftm_frame,3,10938,1639.565
ftm_frame,4,0,0.000
ftm_frame,5,0,0.000
ftm_frame,6,0,0.000
ftm_frame,7,10938,1639.565
ftm_frame,8,1,0.150
ftm_frame,9,0,0.000
ftm_frame,10,0,0.000
ftm_frame,11,12501,1873.853
ftm_frame,12,0,0.000
ftm_frame,13,0,0.000
ftm_frame,14,0,0.000
ftm_frame,15,14063,2107.990
ftm_data,1,0.150
csi_data,[0,0,5,12,6,13,6,13,6,13,7,12,7,12,8,12,8,12,9,12,9,12,10,11,11,11,11,11,12,11,12,12,12,12,13,14,13,14,12,14,12,15,11,16,10,16,9,17,8,17,7,17,5,17,0,0,0,0,0,0,0,0,0,0,0,0,0,0,0,0,0,0,0,0,0,0,-2,7,-2,8,-3,8,-3,8,-3,8,-3,8,-4,9,-3,9,-4,8,-4,9,-4,8,-3,8,-3,8,-2,9,-2,9,-2,9,-1,9,0,9,0,9,1,10,2,10,2,11,3,11,4,12,4,12,5,12]
[0;33mW (44063) wifi:Starting FTM session with 24:ec:4a:03:58:5d in 6 mSec[0m
[0;33mW (44073) wifi:Mode: non-ASAP, Bursts: 8, FTM's per burst: 4, Burst Period: 200mSec, Burst Duration: 32000uSec[0m
csi_data,[0,0,-8,11,-8,11,-8,11,-8,12,-7,12,-7,12,-7,12,-6,13,-6,13,-5,14,-4,14,-4,14,-4,15,-4,16,-4,17,-4,17,-5,17,-5,18,-6,18,-7,18,-7,18,-8,17,-9,16,-9,16,-10,15,-11,14,0,0,0,0,0,0,0,0,0,0,0,0,0,0,0,0,0,0,0,0,0,0,-8,2,-8,2,-9,2,-8,1,-9,2,-9,1,-10,1,-9,1,-10,1,-9,1,-9,1,-9,2,-9,2,-9,2,-9,3,-9,3,-9,4,-8,5,-8,5,-8,6,-8,6,-8,7,-8,8,-8,9,-8,10,-8,10]
csi_data,[0,0,3,-13,2,-14,2,-13,2,-14,1,-14,1,-14,1,-14,0,-14,0,-14,-1,-14,-2,-15,-2,-15,-3,-15,-3,-16,-3,-16,-4,-17,-4,-18,-3,-18,-2,-18,-1,-18,-1,-18,0,-18,1,-18,2,-18,3,-17,4,-16,0,0,0,0,0,0,0,0,0,0,0,0,0,0,0,0,0,0,0,0,0,0,5,-5,6,-5,6,-5,6,-5,6,-5,7,-5,7,-5,7,-4,7,-5,7,-5,7,-5,6,-5,6,-5,6,-6,6,-6,5,-6,5,-7,5,-8,4,-8,4,-9,4,-9,4,-10,3,-11,3,-11,3,-12,3,-12]
[0;33mW (45513) wifi:FTM session ends with 29 valid readings out of 29 readings received, Avg raw RTT: 3.394 nSec, Avg RSSI: -65[0m
ftm_frame,0,1563,234.288
ftm_frame,1,1,0.150
ftm_frame,2,1,0.150
ftm_frame,3,0,0.000
ftm_frame,4,1563,234.288
ftm_frame,5,1563,234.288
ftm_frame,6,1,0.150
ftm_frame,7,1563,234.288
ftm_frame,8,0,0.000
ftm_frame,9,1563,234.288
ftm_frame,10,12501,1873.853
ftm_frame,11,14063,2107.990
ftm_frame,12,1,0.150
ftm_frame,13,15626,2342.278
ftm_frame,14,1563,234.288
ftm_frame,15,0,0.000
ftm_data,3,0.450
csi_data,[0,0,-7,12,-7,13,-7,13,-7,13,-7,13,-6,13,-6,14,-5,14,-5,14,-4,15,-4,15,-3,16,-3,16,-2,17,-3,17,-3,18,-4,19,-4,19,-5,20,-5,19,-6,19,-7,18,-8,17,-9,17,-10,16,-11,15,0,0,0,0,0,0,0,0,0,0,0,0,0,0,0,0,0,0,0,0,0,0,-8,2,-8,3,-8,2,-9,2,-9,2,-9,2,-9,2,-9,2,-10,2,-9,2,-9,2,-9,2,-9,3,-9,3,-8,4,-9,4,-8,5,-8,5,-8,6,-7,7,-8,8,-7,9,-7,9,-7,10,-8,11,-8,11]
[0;33mW (46523) wifi:Starting FTM session with 24:ec:4a:03:58:5d in 104 mSec[0m
[0;33mW (46523) wifi:Mode: non-ASAP, Bursts: 8, FTM's per burst: 4, Burst Period: 200mSec, Burst Duration: 32000uSec[0m
csi_data,[0,0,-2,14,-2,14,-1,14,-1,14,-1,14,0,15,1,14,2,14,1,15,2,14,3,15,3,15,4,15,5,16,4,16,5,17,5,17,4,18,4,18,4,19,2,19,1,19,0,19,-1,18,-2,18,-3,17,0,0,0,0,0,0,0,0,0,0,0,0,0,0,0,0,0,0,0,0,0,0,-6,6,-6,6,-6,5,-6,5,-7,5,-7,6,-8,5,-8,5,-7,6,-7,6,-8,6,-7,6,-7,6,-7,6,-6,7,-6,7,-5,8,-5,8,-4,9,-4,9,-3,10,-3,11,-3,11,-3,12,-2,12,-2,13]
[0;33mW (48063) wifi:FTM session ends with 31 valid readings out of 31 readings received, Avg raw RTT: 3.276 nSec, Avg RSSI: -65[0m
ftm_frame,0,3125,468.426
ftm_frame,1,3126,468.576
ftm_frame,2,1563,234.288
ftm_frame,3,1,0.150
ftm_frame,4,1,0.150
ftm_frame,5,0,0.000
ftm_frame,6,1563,234.288
ftm_frame,7,0,0.000
ftm_frame,8,1563,234.288
ftm_frame,9,3125,468.426
ftm_frame,10,1563,234.288
ftm_frame,11,0,0.000
ftm_frame,12,14063,2107.990
ftm_frame,13,1563,234.288
ftm_frame,14,1563,234.288
ftm_frame,15,1563,234.288
ftm_data,3,0.450
csi_data,[0,0,12,2,13,1,13,1,13,1,13,0,13,0,13,-1,14,-1,13,-1,14,-2,14,-3,13,-3,14,-4,14,-4,15,-5,16,-4,17,-4,17,-4,17,-3,17,-3,18,-2,17,0,18,0,17,1,16,2,16,4,0,0,0,0,0,0,0,0,0,0,0,0,0,0,0,0,0,0,0,0,0,0,4,5,4,5,5,5,4,5,5,6,4,6,5,6,5,6,5,6,4,6,5,6,5,6,5,6,5,5,6,5,6,5,7,4,7,4,8,4,8,4,9,3,10,3,10,2,11,2,11,2,12,2]
[0;33mW (49063) wifi:Starting FTM session with 24:ec:4a:03:58:5d in 23 mSec[0m
[0;33mW (49063) wifi:Mode: non-ASAP, Bursts: 8, FTM's per burst: 4, Burst Period: 200mSec, Burst Duration: 32000uSec[0m
csi_data,[0,0,5,-13,5,-14,5,-14,5,-14,4,-15,4,-15,3,-15,2,-15,2,-15,1,-16,1,-16,0,-16,0,-17,0,-17,0,-19,0,-19,0,-19,0,-20,1,-20,2,-20,3,-21,4,-19,5,-19,6,-19,7,-18,8,-17,0,0,0,0,0,0,0,0,0,0,0,0,0,0,0,0,0,0,0,0,0,0,6,-4,7,-4,7,-4,7,-4,7,-3,8,-3,8,-3,8,-3,8,-4,8,-3,8,-4,8,-4,8,-4,7,-5,7,-5,7,-5,7,-6,7,-7,6,-8,6,-9,6,-9,6,-10,6,-11,5,-11,5,-12,5,-12]
csi_data,[0,0,13,3,13,3,13,2,13,2,13,2,13,2,13,1,13,0,13,0,14,-1,14,-2,14,-2,15,-2,16,-3,16,-3,16,-3,17,-3,17,-3,18,-2,18,0,19,0,18,1,18,2,17,2,17,3,16,5,0,0,0,0,0,0,0,0,0,0,0,0,0,0,0,0,0,0,0,0,0,0,4,6,4,6,3,6,3,6,4,7,4,7,3,7,3,7,3,7,3,7,4,7,4,6,4,6,4,6,5,6,5,6,6,5,7,5,7,5,8,5,8,4,9,4,10,4,10,3,11,3,12,3]
[0;33mW (50513) wifi:FTM session ends with 31 valid readings out of 31 readings received, Avg raw RTT: 3.276 nSec, Avg RSSI: -65[0m
ftm_frame,0,1563,234.288
ftm_frame,1,1563,234.288
ftm_frame,2,1563,234.288
ftm_frame,3,1563,234.288
ftm_frame,4,1563,234.288
ftm_frame,5,1563,234.288
ftm_frame,6,15625,2342.128
ftm_frame,7,3125,468.426
ftm_frame,8,1563,234.288
ftm_frame,9,1563,234.288
ftm_frame,10,1563,234.288
ftm_frame,11,1563,234.288
ftm_frame,12,1563,234.288
ftm_frame,13,1563,234.288
ftm_frame,14,1563,234.288
ftm_frame,15,1,0.150
ftm_data,3,0.450
csi_data,[0,0,-14,1,-15,2,-14,2,-15,2,-15,3,-15,3,-15,4,-14,4,-15,5,-15,6,-15,6,-15,7,-15,8,-15,8,-16,9,-16,9,-18,9,-17,9,-19,9,-19,8,-19,7,-19,6,-20,5,-19,3,-19,2,-19,1,0,0,0,0,0,0,0,0,0,0,0,0,0,0,0,0,0,0,0,0,0,0,-7,-5,-7,-5,-7,-6,-7,-5,-7,-6,-8,-6,-8,-6,-8,-6,-7,-6,-8,-7,-8,-6,-8,-6,-8,-6,-8,-5,-8,-5,-9,-4,-9,-4,-10,-3,-10,-3,-11,-2,-11,-2,-12,-1,-13,0,-13,0,-13,0,-14,0]
[0;33mW (51523) wifi:Starting FTM session with 24:ec:4a:03:58:5d in 21 mSec[0m
[0;33mW (51523) wifi:Mode: non-ASAP, Bursts: 8, FTM's per burst: 4, Burst Period: 200mSec, Burst Duration: 32000uSec[0m
csi_data,[0,0,-4,-15,-5,-15,-5,-15,-5,-15,-6,-15,-6,-14,-7,-14,-8,-14,-8,-14,-9,-14,-10,-14,-10,-14,-11,-14,-12,-14,-12,-15,-12,-15,-12,-16,-13,-17,-12,-18,-12,-18,-11,-19,-10,-19,-8,-19,-7,-19,-6,-19,-5,-19,0,0,0,0,0,0,0,0,0,0,0,0,0,0,0,0,0,0,0,0,0,0,3,-8,3,-8,3,-8,4,-8,4,-9,4,-8,5,-8,4,-8,4,-8,4,-9,4,-9,4,-8,3,-9,3,-9,2,-9,2,-10,1,-10,0,-10,0,-11,-1,-11,-2,-11,-2,-12,-2,-12,-2,-13,-3,-13,-4,-14]
[0;33mW (52993) wifi:FTM session ends with 30 valid readings out of 30 readings received, Avg raw RTT: 4.531 nSec, Avg RSSI: -65[0m
ftm_frame,0,1563,234.288
ftm_frame,1,14063,2107.990
ftm_frame,2,1563,234.288
ftm_frame,3,1563,234.288
ftm_frame,4,1563,234.288
ftm_frame,5,0,0.000
ftm_frame,6,1,0.150
ftm_frame,7,14063,2107.990
ftm_frame,8,14063,2107.990
ftm_frame,9,1563,234.288
ftm_frame,10,1,0.150
ftm_frame,11,14063,2107.990
ftm_frame,12,1563,234.288
ftm_frame,13,1563,234.288
ftm_frame,14,0,0.000
ftm_frame,15,1563,234.288
ftm_data,4,0.600
csi_data,[0,0,13,-4,13,-4,14,-5,13,-5,14,-5,14,-5,14,-6,13,-6,14,-7,13,-8,13,-9,13,-9,13,-10,14,-11,14,-10,16,-11,15,-11,16,-11,18,-10,18,-8,18,-8,19,-7,18,-6,18,-6,18,-5,18,-3,0,0,0,0,0,0,0,0,0,0,0,0,0,0,0,0,0,0,0,0,0,0,7,2,7,3,7,3,7,3,7,3,8,4,7,4,7,4,7,4,7,4,8,3,8,3,8,3,8,3,8,2,9,2,9,1,9,1,10,0,10,0,10,-1,11,-1,11,-2,11,-3,12,-4,13,-4]
[0;33mW (53993) wifi:Starting FTM session with 24:ec:4a:03:58:5d in 9 mSec[0m
[0;33mW (53993) wifi:Mode: non-ASAP, Bursts: 8, FTM's per burst: 4, Burst Period: 200mSec, Burst Duration: 32000uSec[0m
csi_data,[0,0,12,-6,12,-7,12,-7,13,-8,13,-8,12,-8,13,-9,12,-9,12,-10,11,-11,12,-11,11,-12,11,-12,12,-13,12,-14,12,-14,13,-14,14,-15,15,-14,15,-13,16,-13,16,-12,16,-11,17,-10,17,-9,17,-7,0,0,0,0,0,0,0,0,0,0,0,0,0,0,0,0,0,0,0,0,0,0,7,2,7,2,7,2,7,3,8,3,8,3,8,3,7,3,8,3,8,3,8,3,8,2,8,2,8,2,8,1,9,1,9,0,9,-1,9,-2,10,-2,10,-3,10,-3,11,-4,11,-5,12,-5,12,-6]
[0;33mW (55433) wifi:FTM session ends with 31 valid readings out of 31 readings received, Avg raw RTT: 6.603 nSec, Avg RSSI: -65[0m
ftm_frame,0,3125,468.426
ftm_frame,1,26563,3981.693
ftm_frame,2,1563,234.288
ftm_frame,3,14063,2107.990
ftm_frame,4,1563,234.288
ftm_frame,5,26563,3981.693
ftm_frame,6,14063,2107.990
ftm_frame,7,1563,234.288
ftm_frame,8,14063,2107.990
ftm_frame,9,1563,234.288
ftm_frame,10,3125,468.426
ftm_frame,11,1563,234.288
ftm_frame,12,3126,468.576
ftm_frame,13,3125,468.426
ftm_frame,14,1563,234.288
ftm_frame,15,1563,234.288
ftm_data,6,0.900
csi_data,[0,0,-14,-6,-14,-5,-14,-6,-14,-5,-15,-4,-15,-4,-15,-4,-16,-3,-15,-3,-16,-1,-16,-1,-16,-1,-17,0,-18,0,-18,0,-19,0,-19,0,-21,0,-21,-1,-21,-2,-21,-3,-20,-4,-20,-5,-19,-6,-18,-7,-18,-8,0,0,0,0,0,0,0,0,0,0,0,0,0,0,0,0,0,0,0,0,0,0,-4,-7,-4,-8,-3,-8,-3,-8,-4,-8,-3,-8,-3,-9,-3,-9,-4,-9,-4,-9,-4,-9,-4,-9,-4,-8,-5,-8,-5,-8,-6,-7,-7,-7,-7,-7,-8,-7,-8,-7,-9,-7,-10,-7,-11,-6,-11,-6,-12,-6,-13,-6]
[0;33mW (56433) wifi:Starting FTM session with 24:ec:4a:03:58:5d in 26 mSec[0m
[0;33mW (56433) wifi:Mode: non-ASAP, Bursts: 8, FTM's per burst: 4, Burst Period: 200mSec, Burst Duration: 32000uSec[0m
csi_data,[0,0,6,-13,6,-14,6,-14,6,-14,5,-14,5,-15,4,-15,4,-15,3,-15,3,-15,2,-16,2,-17,2,-17,1,-18,1,-18,1,-19,2,-19,3,-20,3,-20,4,-20,5,-20,6,-19,7,-19,8,-18,9,-17,10,-16,0,0,0,0,0,0,0,0,0,0,0,0,0,0,0,0,0,0,0,0,0,0,6,-3,7,-3,7,-3,7,-3,8,-3,8,-3,8,-3,8,-3,8,-3,8,-3,8,-3,8,-3,8,-4,7,-4,7,-5,7,-5,7,-6,7,-7,7,-7,6,-8,6,-9,6,-9,6,-10,6,-11,6,-11,6,-12]
csi_data,[0,0,-14,4,-14,4,-14,5,-14,5,-14,6,-14,6,-14,7,-13,7,-13,8,-13,8,-13,9,-13,10,-13,10,-13,11,-13,12,-14,12,-14,11,-16,12,-16,12,-16,11,-17,11,-17,9,-18,8,-18,7,-17,6,-18,5,0,0,0,0,0,0,0,0,0,0,0,0,0,0,0,0,0,0,0,0,0,0,-8,-3,-9,-3,-8,-4,-9,-4,-8,-4,-9,-4,-9,-4,-8,-5,-9,-4,-9,-5,-9,-4,-9,-4,-9,-4,-9,-3,-10,-3,-9,-2,-10,-1,-10,-1,-11,0,-11,0,-11,1,-11,2,-12,2,-12,3,-13,3,-13,4]
[0;33mW (57893) wifi:FTM session ends with 31 valid readings out of 31 readings received, Avg raw RTT: 3.579 nSec, Avg RSSI: -64[0m
ftm_frame,0,1563,234.288
ftm_frame,1,1563,234.288
ftm_frame,2,3125,468.426
ftm_frame,3,1563,234.288
ftm_frame,4,3126,468.576
ftm_frame,5,3126,468.576
ftm_frame,6,3126,468.576
ftm_frame,7,3126,468.576
ftm_frame,8,3125,468.426
ftm_frame,9,3126,468.576
ftm_frame,10,3126,468.576
ftm_frame,11,3125,468.426
ftm_frame,12,15625,2342.128
ftm_frame,13,3125,468.426
ftm_frame,14,3126,468.576
ftm_frame,15,1563,234.288
ftm_data,3,0.450
csi_data,[0,0,-14,-2,-14,-2,-15,-2,-14,-1,-14,-1,-14,-1,-14,0,-14,0,-14,1,-14,1,-15,2,-15,3,-15,3,-16,3,-16,4,-17,4,-17,3,-18,4,-18,3,-18,2,-19,1,-18,0,-18,0,-18,-1,-18,-2,-17,-4,0,0,0,0,0,0,0,0,0,0,0,0,0,0,0,0,0,0,0,0,0,0,-6,-5,-7,-6,-6,-6,-6,-7,-6,-7,-6,-7,-6,-7,-6,-7,-6,-7,-6,-7,-7,-7,-7,-7,-7,-7,-7,-6,-7,-6,-8,-6,-8,-5,-8,-5,-9,-5,-9,-4,-10,-4,-11,-4,-11,-3,-12,-3,-13,-3,-13,-3]
[0;33mW (58893) wifi:Starting FTM session with 24:ec:4a:03:58:5d in 24 mSec[0m
[0;33mW (58893) wifi:Mode: non-ASAP, Bursts: 8, FTM's per burst: 4, Burst Period: 200mSec, Burst Duration: 32000uSec[0m
csi_data,[0,0,-15,-2,-16,-2,-15,-2,-16,-2,-16,-1,-16,-1,-16,0,-16,0,-15,0,-16,2,-16,2,-16,3,-16,3,-16,3,-17,4,-17,4,-18,4,-18,3,-19,3,-19,2,-19,1,-18,0,-18,-1,-18,-1,-18,-2,-17,-3,0,0,0,0,0,0,0,0,0,0,0,0,0,0,0,0,0,0,0,0,0,0,-8,-5,-8,-5,-8,-6,-8,-6,-8,-7,-8,-7,-8,-7,-8,-7,-8,-8,-8,-8,-9,-7,-9,-7,-9,-7,-9,-7,-9,-6,-10,-6,-10,-5,-10,-5,-11,-5,-11,-4,-12,-4,-13,-4,-14,-3,-14,-3,-14,-3,-15,-2]
[0;33mW (60353) wifi:FTM session ends with 31 valid readings out of 31 readings received, Avg raw RTT: 3.276 nSec, Avg RSSI: -63[0m
ftm_frame,0,0,0.000
ftm_frame,1,1563,234.288
ftm_frame,2,0,0.000
ftm_frame,3,0,0.000
ftm_frame,4,1,0.150
ftm_frame,5,0,0.000
ftm_frame,6,0,0.000
ftm_frame,7,0,0.000
ftm_frame,8,0,0.000
ftm_frame,9,10938,1639.565
ftm_frame,10,0,0.000
ftm_frame,11,0,0.000
ftm_frame,12,12500,1873.703
ftm_frame,13,1,0.150
ftm_frame,14,0,0.000
ftm_frame,15,10938,1639.565
ftm_data,3,0.450
csi_data,[0,0,12,8,13,7,13,7,13,7,13,7,13,6,13,6,14,6,14,5,14,4,14,4,15,4,15,3,16,3,16,3,17,4,17,4,17,4,17,5,17,6,16,7,16,8,15,8,14,9,14,9,12,10,0,0,0,0,0,0,0,0,0,0,0,0,0,0,0,0,0,0,0,0,0,0,4,6,4,6,4,7,4,7,4,7,4,8,3,8,4,8,4,8,4,9,4,9,4,9,4,8,4,8,5,8,5,8,6,8,7,7,7,7,8,7,9,7,9,7,10,7,11,7,11,8,11,7]
[0;33mW (61363) wifi:Starting FTM session with 24:ec:4a:03:58:5d in 21 mSec[0m
[0;33mW (61363) wifi:Mode: non-ASAP, Bursts: 8, FTM's per burst: 4, Burst Period: 200mSec, Burst Duration: 32000uSec[0m
csi_data,[0,0,-14,-8,-14,-8,-14,-8,-14,-7,-15,-7,-14,-7,-15,-6,-15,-6,-15,-6,-15,-5,-16,-5,-16,-4,-16,-3,-17,-4,-17,-4,-18,-4,-18,-5,-18,-5,-19,-6,-18,-7,-18,-7,-17,-8,-16,-8,-16,-9,-15,-9,-14,-11,0,0,0,0,0,0,0,0,0,0,0,0,0,0,0,0,0,0,0,0,0,0,-5,-7,-5,-7,-5,-8,-5,-8,-5,-8,-5,-9,-5,-9,-5,-9,-4,-9,-5,-9,-5,-9,-5,-9,-5,-9,-6,-9,-6,-8,-7,-8,-7,-8,-8,-8,-8,-8,-9,-8,-10,-8,-11,-8,-11,-7,-12,-7,-12,-7,-13,-8]
csi_data,[0,0,8,12,8,11,9,12,9,11,9,12,10,11,10,11,11,10,10,10,11,9,12,9,12,9,12,9,13,9,13,9,14,9,14,10,14,11,14,11,14,12,13,12,12,13,11,13,10,13,9,13,8,14,0,0,0,0,0,0,0,0,0,0,0,0,0,0,0,0,0,0,0,0,0,0,1,7,1,8,0,8,0,8,0,8,0,9,0,9,0,9,0,9,-1,9,-1,9,0,9,0,9,0,9,1,9,2,9,2,10,3,9,4,10,5,10,5,10,6,10,6,10,7,11,7,11,8,11]
[0;33mW (62813) wifi:FTM session ends with 31 valid readings out of 31 readings received, Avg raw RTT: 1.159 nSec, Avg RSSI: -64[0m
ftm_frame,0,0,0.000
ftm_frame,1,0,0.000
ftm_frame,2,0,0.000
ftm_frame,3,1,0.150
ftm_frame,4,1,0.150
ftm_frame,5,0,0.000
ftm_frame,6,0,0.000
ftm_frame,7,1,0.150
ftm_frame,8,1,0.150
ftm_frame,9,0,0.000
ftm_frame,10,0,0.000
ftm_frame,11,1563,234.288
ftm_frame,12,12501,1873.853
ftm_frame,13,1563,234.288
ftm_frame,14,1,0.150
ftm_frame,15,0,0.000
ftm_data,1,0.150
csi_data,[0,0,14,-7,13,-7,13,-7,13,-7,13,-8,13,-8,13,-8,12,-9,12,-9,11,-10,12,-10,11,-11,11,-11,12,-12,12,-12,13,-13,13,-12,14,-12,14,-12,15,-11,15,-11,15,-9,15,-8,16,-8,15,-6,16,-5,0,0,0,0,0,0,0,0,0,0,0,0,0,0,0,0,0,0,0,0,0,0,7,-1,8,-1,8,-1,8,0,8,0,9,0,9,1,9,0,9,1,9,1,9,1,9,0,9,0,9,0,9,-1,9,-1,10,-2,9,-2,10,-3,10,-4,10,-4,11,-5,11,-5,12,-6,12,-6,13,-7]
[0;33mW (63813) wifi:Starting FTM session with 24:ec:4a:03:58:5d in 19 mSec[0m
[0;33mW (63813) wifi:Mode: non-ASAP, Bursts: 8, FTM's per burst: 4, Burst Period: 200mSec, Burst Duration: 32000uSec[0m
csi_data,[0,0,-3,-15,-4,-15,-4,-15,-4,-15,-4,-15,-5,-15,-5,-15,-6,-15,-6,-15,-7,-14,-8,-14,-8,-14,-9,-14,-9,-15,-9,-15,-9,-15,-9,-16,-9,-16,-9,-17,-8,-17,-7,-17,-6,-18,-5,-18,-5,-18,-4,-17,-2,-17,0,0,0,0,0,0,0,0,0,0,0,0,0,0,0,0,0,0,0,0,0,0,1,-8,1,-9,2,-9,2,-9,2,-10,3,-10,3,-9,3,-10,3,-10,3,-10,3,-10,3,-10,2,-10,2,-10,2,-11,1,-11,1,-11,0,-11,0,-12,-1,-12,-1,-13,-2,-13,-2,-13,-3,-14,-3,-14,-3,-15]
[0;33mW (65263) wifi:FTM session ends with 31 valid readings out of 31 readings received, Avg raw RTT: 1.613 nSec, Avg RSSI: -63[0m
ftm_frame,0,0,0.000
ftm_frame,1,0,0.000
ftm_frame,2,0,0.000
ftm_frame,3,0,0.000
ftm_frame,4,1,0.150
ftm_frame,5,10938,1639.565
ftm_frame,6,1,0.150
ftm_frame,7,0,0.000
ftm_frame,8,0,0.000
ftm_frame,9,0,0.000
ftm_frame,10,10938,1639.565
ftm_frame,11,0,0.000
ftm_frame,12,12501,1873.853
ftm_frame,13,0,0.000
ftm_frame,14,0,0.000
ftm_frame,15,1,0.150
ftm_data,1,0.150
csi_data,[0,0,10,-11,9,-11,9,-12,10,-12,9,-12,8,-13,8,-12,8,-13,7,-13,7,-14,7,-14,6,-14,6,-15,6,-16,6,-16,6,-17,7,-17,7,-17,8,-17,9,-17,9,-16,10,-15,10,-14,11,-13,11,-13,12,-11,0,0,0,0,0,0,0,0,0,0,0,0,0,0,0,0,0,0,0,0,0,0,7,-4,7,-3,7,-3,8,-3,8,-3,9,-3,9,-3,9,-3,9,-2,9,-3,9,-2,10,-3,9,-3,9,-3,9,-4,9,-5,9,-5,9,-6,8,-6,8,-7,9,-8,9,-9,9,-9,9,-9,9,-10,10,-11]
[0;33mW (66263) wifi:Starting FTM session with 24:ec:4a:03:58:5d in 26 mSec[0m
[0;33mW (66263) wifi:Mode: non-ASAP, Bursts: 8, FTM's per burst: 4, Burst Period: 200mSec, Burst Duration: 32000uSec[0m
csi_data,[0,0,-12,-11,-12,-11,-12,-11,-12,-11,-12,-11,-13,-10,-13,-10,-13,-9,-13,-9,-14,-8,-14,-9,-15,-8,-15,-8,-16,-8,-16,-8,-17,-8,-17,-9,-17,-9,-17,-10,-16,-11,-16,-11,-15,-12,-14,-12,-13,-13,-12,-13,-11,-14,0,0,0,0,0,0,0,0,0,0,0,0,0,0,0,0,0,0,0,0,0,0,-4,-8,-4,-8,-3,-9,-4,-9,-3,-9,-3,-9,-3,-10,-3,-10,-3,-10,-3,-10,-3,-10,-3,-10,-3,-10,-4,-10,-4,-10,-5,-10,-5,-10,-6,-10,-7,-10,-8,-10,-8,-10,-9,-10,-10,-10,-10,-10,-11,-11,-11,-11]
csi_data,[0,0,-10,-12,-11,-13,-11,-13,-11,-13,-11,-12,-11,-12,-12,-12,-12,-12,-12,-11,-13,-11,-13,-11,-14,-10,-14,-10,-15,-10,-16,-10,-16,-11,-16,-11,-16,-12,-16,-12,-15,-13,-15,-14,-14,-14,-13,-15,-12,-15,-11,-15,-9,-16,0,0,0,0,0,0,0,0,0,0,0,0,0,0,0,0,0,0,0,0,0,0,-2,-8,-2,-8,-2,-9,-1,-9,-1,-9,-1,-9,-1,-9,-1,-9,-1,-10,-1,-10,-1,-10,-1,-10,-1,-10,-2,-10,-2,-10,-3,-10,-4,-10,-4,-10,-5,-10,-6,-10,-7,-10,-7,-11,-8,-11,-8,-11,-9,-12,-9,-12]
[0;33mW (67723) wifi:FTM session ends with 31 valid readings out of 31 readings received, Avg raw RTT: 4.889 nSec, Avg RSSI: -63[0m
ftm_frame,0,0,0.000
ftm_frame,1,1,0.150
ftm_frame,2,1,0.150
ftm_frame,3,0,0.000
ftm_frame,4,0,0.000
ftm_frame,5,1,0.150
ftm_frame,6,12501,1873.853
ftm_frame,7,0,0.000
ftm_frame,8,12501,1873.853
ftm_frame,9,14063,2107.990
ftm_frame,10,0,0.000
ftm_frame,11,1,0.150
ftm_frame,12,12500,1873.703
ftm_frame,13,1,0.150
ftm_frame,14,1,0.150
ftm_frame,15,12501,1873.853
ftm_data,4,0.600
csi_data,[0,0,14,-5,14,-6,14,-6,15,-6,14,-6,14,-6,14,-7,14,-8,13,-8,13,-8,13,-9,13,-9,13,-10,13,-10,14,-11,14,-11,15,-11,15,-11,16,-11,16,-10,17,-9,16,-8,17,-7,17,-6,16,-5,16,-3,0,0,0,0,0,0,0,0,0,0,0,0,0,0,0,0,0,0,0,0,0,0,7,0,7,1,8,1,8,1,8,2,8,2,9,2,9,2,9,2,9,2,9,2,9,2,9,2,9,1,9,1,10,1,10,0,10,-1,10,-1,11,-2,11,-2,12,-3,12,-4,13,-4,13,-4,14,-5]
[0;33mW (68723) wifi:Starting FTM session with 24:ec:4a:03:58:5d in 24 mSec[0m
[0;33mW (68723) wifi:Mode: non-ASAP, Bursts: 8, FTM's per burst: 4, Burst Period: 200mSec, Burst Duration: 32000uSec[0m
csi_data,[0,0,-8,13,-7,13,-7,14,-7,14,-7,14,-7,14,-6,14,-6,14,-5,15,-5,15,-4,15,-4,15,-3,16,-3,17,-3,17,-3,17,-4,18,-4,17,-5,18,-6,17,-7,17,-8,17,-8,16,-9,15,-9,14,-10,14,0,0,0,0,0,0,0,0,0,0,0,0,0,0,0,0,0,0,0,0,0,0,-7,4,-7,4,-7,4,-8,4,-8,4,-9,4,-9,4,-9,4,-9,4,-9,4,-9,4,-9,4,-9,5,-9,5,-9,6,-9,6,-8,7,-8,7,-8,8,-7,8,-7,9,-7,10,-8,11,-8,11,-7,12,-8,12]
[0;33mW (70183) wifi:FTM session ends with 31 valid readings out of 31 readings received, Avg raw RTT: 2.772 nSec, Avg RSSI: -63[0m
ftm_frame,0,0,0.000
ftm_frame,1,1,0.150
ftm_frame,2,1,0.150
ftm_frame,3,0,0.000
ftm_frame,4,1,0.150
ftm_frame,5,0,0.000
ftm_frame,6,0,0.000
ftm_frame,7,10938,1639.565
ftm_frame,8,0,0.000
ftm_frame,9,10938,1639.565
ftm_frame,10,1,0.150
ftm_frame,11,1563,234.288
ftm_frame,12,1,0.150
ftm_frame,13,0,0.000
ftm_frame,14,10938,1639.565
ftm_frame,15,1,0.150
ftm_data,2,0.300
csi_data,[0,0,9,12,9,12,9,12,9,12,10,12,10,11,10,11,11,10,11,10,11,10,12,10,12,9,13,9,13,9,14,9,14,10,14,11,14,11,14,11,14,12,13,13,12,13,11,13,10,14,9,14,8,15,0,0,0,0,0,0,0,0,0,0,0,0,0,0,0,0,0,0,0,0,0,0,1,7,1,7,1,7,1,8,0,8,0,9,0,9,0,9,0,9,0,9,0,9,0,9,1,9,1,9,1,9,2,9,2,9,3,9,4,10,5,10,6,10,6,10,7,10,7,11,8,12,8,12]
[0;33mW (71183) wifi:Starting FTM session with 24:ec:4a:03:58:5d in 22 mSec[0m
[0;33mW (71183) wifi:Mode: non-ASAP, Bursts: 8, FTM's per burst: 4, Burst Period: 200mSec, Burst Duration: 32000uSec[0m
csi_data,[0,0,-15,-4,-15,-5,-15,-4,-16,-4,-15,-4,-16,-3,-16,-3,-15,-2,-16,-2,-16,-1,-16,-1,-16,0,-17,0,-17,0,-17,0,-18,0,-18,0,-18,0,-19,-1,-19,-2,-18,-3,-18,-4,-17,-4,-17,-5,-16,-6,-16,-7,0,0,0,0,0,0,0,0,0,0,0,0,0,0,0,0,0,0,0,0,0,0,-7,-5,-7,-5,-7,-6,-7,-6,-7,-6,-7,-7,-7,-7,-7,-7,-7,-7,-7,-8,-7,-7,-8,-8,-8,-7,-8,-7,-8,-7,-9,-7,-9,-6,-10,-6,-10,-6,-11,-5,-12,-5,-12,-5,-13,-5,-13,-5,-14,-4,-14,-5]
csi_data,[0,0,5,-15,4,-15,4,-15,4,-15,4,-15,3,-15,3,-15,2,-15,2,-15,1,-15,1,-16,0,-16,0,-16,0,-17,0,-17,0,-18,0,-18,0,-18,1,-19,2,-18,3,-18,3,-18,4,-17,5,-16,6,-16,7,-15,0,0,0,0,0,0,0,0,0,0,0,0,0,0,0,0,0,0,0,0,0,0,4,-6,5,-7,5,-6,5,-7,6,-7,6,-7,7,-7,7,-6,7,-7,7,-6,7,-7,7,-7,7,-7,7,-7,6,-8,6,-8,6,-9,5,-9,5,-10,5,-10,5,-11,5,-12,4,-12,4,-13,5,-14,5,-15]
[0;33mW (72633) wifi:FTM session ends with 31 valid readings out of 31 readings received, Avg raw RTT: 2.369 nSec, Avg RSSI: -63[0m
ftm_frame,0,12500,1873.703
ftm_frame,1,1,0.150
ftm_frame,2,0,0.000
ftm_frame,3,0,0.000
ftm_frame,4,10938,1639.565
ftm_frame,5,0,0.000
ftm_frame,6,1,0.150
ftm_frame,7,1,0.150
ftm_frame,8,1,0.150
ftm_frame,9,0,0.000
ftm_frame,10,1563,234.288
ftm_frame,11,1563,234.288
ftm_frame,12,12501,1873.853
ftm_frame,13,1563,234.288
ftm_frame,14,1,0.150
ftm_frame,15,10938,1639.565
ftm_data,2,0.300
csi_data,[0,0,-10,12,-10,12,-10,12,-9,12,-9,13,-9,12,-9,13,-8,13,-8,13,-7,14,-7,14,-6,14,-6,15,-6,16,-6,16,-6,16,-7,16,-7,17,-8,17,-9,16,-10,16,-11,15,-10,14,-11,14,-11,13,-12,12,0,0,0,0,0,0,0,0,0,0,0,0,0,0,0,0,0,0,0,0,0,0,-7,4,-8,4,-8,4,-8,4,-9,4,-9,4,-10,3,-10,3,-10,3,-10,3,-10,4,-10,4,-9,4,-9,4,-9,5,-9,5,-10,6,-9,6,-9,7,-9,8,-9,8,-9,9,-9,10,-9,11,-9,11,-10,12]
[0;33mW (73643) wifi:Starting FTM session with 24:ec:4a:03:58:5d in 19 mSec[0m
[0;33mW (73643) wifi:Mode: non-ASAP, Bursts: 8, FTM's per burst: 4, Burst Period: 200mSec, Burst Duration: 32000uSec[0m
csi_data,[0,0,13,-8,12,-8,13,-8,13,-8,13,-9,12,-9,12,-9,12,-10,11,-10,11,-11,11,-11,10,-12,10,-12,10,-13,11,-13,11,-13,12,-13,12,-13,13,-13,13,-12,14,-12,14,-10,14,-10,14,-9,14,-8,15,-7,0,0,0,0,0,0,0,0,0,0,0,0,0,0,0,0,0,0,0,0,0,0,7,-2,8,-2,8,-1,8,-1,8,-1,9,0,9,0,9,0,9,0,9,0,10,0,10,0,10,-1,9,-1,9,-1,10,-2,10,-2,10,-3,10,-4,10,-4,10,-5,11,-5,11,-6,11,-7,12,-7,12,-7]
[0;33mW (75093) wifi:FTM session ends with 31 valid readings out of 31 readings received, Avg raw RTT: 1.462 nSec, Avg RSSI: -63[0m
ftm_frame,0,0,0.000
ftm_frame,1,0,0.000
ftm_frame,2,10938,1639.565
ftm_frame,3,0,0.000
ftm_frame,4,12501,1873.853
ftm_frame,5,10938,1639.565
ftm_frame,6,0,0.000
ftm_frame,7,0,0.000
ftm_frame,8,0,0.000
ftm_frame,9,0,0.000
ftm_frame,10,0,0.000
ftm_frame,11,0,0.000
ftm_frame,12,0,0.000
ftm_frame,13,0,0.000
ftm_frame,14,0,0.000
ftm_frame,15,10938,1639.565
ftm_data,1,0.150
csi_data,[0,0,-11,10,-10,10,-10,10,-10,10,-10,11,-10,11,-9,11,-9,11,-8,12,-8,12,-8,13,-7,12,-7,13,-7,14,-7,14,-7,15,-8,15,-8,15,-9,15,-10,15,-10,15,-11,14,-12,13,-12,12,-13,11,-13,10,0,0,0,0,0,0,0,0,0,0,0,0,0,0,0,0,0,0,0,0,0,0,-8,4,-9,4,-9,3,-9,3,-10,3,-10,3,-10,3,-11,2,-11,2,-11,2,-11,2,-11,2,-10,3,-10,3,-10,3,-10,4,-10,4,-10,5,-10,5,-9,6,-10,7,-10,7,-10,8,-10,8,-10,9,-10,10]
[0;33mW (76093) wifi:Starting FTM session with 24:ec:4a:03:58:5d in 27 mSec[0m
[0;33mW (76093) wifi:Mode: non-ASAP, Bursts: 8, FTM's per burst: 4, Burst Period: 200mSec, Burst Duration: 32000uSec[0m
csi_data,[0,0,11,-6,11,-7,11,-7,11,-7,11,-8,10,-8,10,-8,10,-9,10,-9,9,-10,10,-11,9,-11,10,-12,10,-12,10,-13,11,-13,11,-13,11,-13,12,-13,13,-13,13,-12,14,-11,14,-10,15,-9,15,-8,15,-7,0,0,0,0,0,0,0,0,0,0,0,0,0,0,0,0,0,0,0,0,0,0,7,1,6,2,6,2,7,2,7,2,7,2,7,2,7,2,7,2,7,2,7,2,7,2,7,2,7,1,7,0,7,0,8,0,8,-1,8,-2,8,-2,9,-3,9,-3,10,-4,10,-4,10,-4,10,-6]
csi_data,[0,0,9,-12,8,-12,9,-13,8,-13,8,-14,8,-13,8,-13,7,-14,7,-14,6,-14,5,-15,5,-16,5,-16,4,-18,5,-17,5,-19,5,-18,6,-19,7,-19,7,-19,9,-19,10,-17,9,-17,10,-16,11,-15,12,-14,0,0,0,0,0,0,0,0,0,0,0,0,0,0,0,0,0,0,0,0,0,0,6,-3,7,-3,7,-2,7,-3,7,-3,8,-2,8,-2,8,-3,8,-3,8,-2,8,-3,8,-3,8,-3,8,-3,8,-4,8,-5,9,-5,8,-6,8,-7,8,-7,8,-8,8,-9,8,-10,8,-10,8,-11,9,-12]
[0;33mW (77553) wifi:FTM session ends with 31 valid readings out of 31 readings received, Avg raw RTT: 4.234 nSec, Avg RSSI: -65[0m
ftm_frame,0,1,0.150
ftm_frame,1,25001,3747.555
ftm_frame,2,1,0.150
ftm_frame,3,0,0.000
ftm_frame,4,0,0.000
ftm_frame,5,0,0.000
ftm_frame,6,1,0.150
ftm_frame,7,0,0.000
ftm_frame,8,0,0.000
ftm_frame,9,1,0.150
ftm_frame,10,1563,234.288
ftm_frame,11,1563,234.288
ftm_frame,12,12501,1873.853
ftm_frame,13,1,0.150
ftm_frame,14,0,0.000
ftm_frame,15,12501,1873.853
ftm_data,4,0.600
csi_data,[0,0,-7,14,-7,14,-7,13,-7,14,-7,14,-6,14,-5,14,-5,15,-4,15,-4,15,-4,16,-3,16,-3,16,-2,17,-2,18,-2,18,-3,18,-3,19,-3,19,-4,19,-5,19,-6,18,-7,18,-8,17,-9,16,-9,15,0,0,0,0,0,0,0,0,0,0,0,0,0,0,0,0,0,0,0,0,0,0,-6,3,-6,3,-7,3,-7,3,-8,4,-8,4,-8,4,-8,3,-8,4,-9,4,-9,4,-9,4,-8,5,-8,5,-8,5,-8,6,-8,6,-7,7,-7,8,-7,8,-7,9,-7,10,-7,11,-7,12,-7,12,-7,13]
[0;33mW (78553) wifi:Starting FTM session with 24:ec:4a:03:58:5d in 24 mSec[0m
[0;33mW (78563) wifi:Mode: non-ASAP, Bursts: 8, FTM's per burst: 4, Burst Period: 200mSec, Burst Duration: 32000uSec[0m
csi_data,[0,0,-7,-14,-8,-14,-8,-14,-7,-14,-8,-13,-9,-13,-9,-13,-9,-13,-10,-12,-11,-12,-11,-12,-12,-12,-13,-12,-13,-12,-13,-13,-13,-13,-13,-13,-14,-14,-13,-14,-13,-15,-12,-16,-11,-16,-10,-16,-9,-16,-8,-17,-7,-17,0,0,0,0,0,0,0,0,0,0,0,0,0,0,0,0,0,0,0,0,0,0,-1,-7,-1,-7,0,-8,0,-8,0,-8,0,-8,0,-9,0,-9,1,-9,0,-10,0,-9,0,-10,0,-10,-1,-10,-1,-10,-1,-10,-2,-10,-3,-10,-3,-11,-4,-11,-4,-11,-5,-12,-6,-12,-6,-13,-6,-13,-6,-13]
[0;33mW (80013) wifi:FTM session ends with 31 valid readings out of 31 readings received, Avg raw RTT: 4.939 nSec, Avg RSSI: -64[0m
ftm_frame,0,3125,468.426
ftm_frame,1,3126,468.576
ftm_frame,2,3125,468.426
ftm_frame,3,3125,468.426
ftm_frame,4,1563,234.288
ftm_frame,5,3125,468.426
ftm_frame,6,1563,234.288
ftm_frame,7,3125,468.426
ftm_frame,8,1563,234.288
ftm_frame,9,3126,468.576
ftm_frame,10,1563,234.288
ftm_frame,11,3126,468.576
ftm_frame,12,15626,2342.278
ftm_frame,13,1563,234.288
ftm_frame,14,3125,468.426
ftm_frame,15,3125,468.426
ftm_data,4,0.600
csi_data,[0,0,-15,-4,-15,-4,-16,-4,-16,-4,-16,-3,-16,-3,-16,-3,-16,-2,-16,-1,-16,0,-16,0,-16,0,-17,1,-17,1,-18,1,-18,1,-19,1,-20,1,-20,0,-20,-1,-20,-2,-19,-3,-19,-3,-19,-4,-18,-5,-17,-6,0,0,0,0,0,0,0,0,0,0,0,0,0,0,0,0,0,0,0,0,0,0,-6,-4,-6,-5,-6,-5,-6,-6,-6,-6,-7,-7,-6,-7,-7,-6,-6,-7,-7,-7,-7,-7,-7,-7,-8,-7,-8,-7,-8,-6,-8,-6,-9,-6,-10,-5,-10,-6,-11,-5,-11,-5,-12,-5,-13,-5,-13,-4,-14,-4,-15,-4]
[0;33mW (81013) wifi:Starting FTM session with 24:ec:4a:03:58:5d in 22 mSec[0m
[0;33mW (81013) wifi:Mode: non-ASAP, Bursts: 8, FTM's per burst: 4, Burst Period: 200mSec, Burst Duration: 32000uSec[0m
csi_data,[0,0,-14,-4,-14,-4,-14,-4,-14,-4,-14,-3,-14,-3,-14,-2,-14,-2,-14,-2,-14,-1,-15,0,-15,0,-15,0,-16,1,-16,1,-17,1,-17,1,-18,1,-18,0,-18,-1,-18,-1,-18,-3,-17,-3,-17,-4,-16,-5,-16,-6,0,0,0,0,0,0,0,0,0,0,0,0,0,0,0,0,0,0,0,0,0,0,-5,-5,-5,-5,-5,-6,-5,-6,-5,-6,-5,-7,-5,-7,-6,-7,-6,-7,-5,-7,-6,-7,-6,-7,-6,-7,-6,-7,-7,-6,-7,-6,-8,-6,-8,-6,-9,-5,-9,-5,-10,-5,-10,-5,-11,-4,-11,-4,-12,-4,-13,-4]
csi_data,[0,0,12,-8,13,-8,12,-9,13,-9,12,-9,12,-10,12,-10,11,-11,11,-11,11,-12,10,-13,10,-13,10,-14,11,-14,11,-15,11,-15,12,-15,13,-15,13,-15,14,-14,15,-13,15,-12,15,-12,16,-11,15,-10,16,-8,0,0,0,0,0,0,0,0,0,0,0,0,0,0,0,0,0,0,0,0,0,0,7,-1,7,-1,7,0,7,0,8,0,8,0,8,1,9,1,9,1,9,1,9,0,9,0,9,0,9,-1,9,-1,9,-2,9,-2,10,-3,10,-3,10,-4,10,-4,11,-6,11,-6,11,-7,11,-7,12,-8]
[0;33mW (82473) wifi:FTM session ends with 31 valid readings out of 31 readings received, Avg raw RTT: 4.889 nSec, Avg RSSI: -64[0m
ftm_frame,0,3126,468.576
ftm_frame,1,4688,702.714
ftm_frame,2,4688,702.714
ftm_frame,3,4688,702.714
ftm_frame,4,3125,468.426
ftm_frame,5,3125,468.426
ftm_frame,6,3126,468.576
ftm_frame,7,3125,468.426
ftm_frame,8,3125,468.426
ftm_frame,9,1563,234.288
ftm_frame,10,1563,234.288
ftm_frame,11,3125,468.426
ftm_frame,12,1563,234.288
ftm_frame,13,1563,234.288
ftm_frame,14,1563,234.288
ftm_frame,15,3125,468.426
ftm_data,4,0.600
csi_data,[0,0,13,2,13,1,13,1,13,1,14,1,14,0,13,-1,13,-1,13,-1,13,-2,14,-2,14,-3,14,-3,15,-4,15,-4,15,-4,16,-4,17,-4,17,-3,17,-2,17,-2,17,0,17,1,16,2,16,3,15,4,0,0,0,0,0,0,0,0,0,0,0,0,0,0,0,0,0,0,0,0,0,0,5,3,5,3,5,4,6,4,6,4,6,5,6,5,6,5,6,5,6,5,6,5,6,5,6,5,7,5,7,5,7,4,8,4,8,3,8,3,9,3,9,2,10,2,11,2,11,2,12,2,12,2]
[0;33mW (83473) wifi:Starting FTM session with 24:ec:4a:03:58:5d in 20 mSec[0m
[0;33mW (83473) wifi:Mode: non-ASAP, Bursts: 8, FTM's per burst: 4, Burst Period: 200mSec, Burst Duration: 32000uSec[0m
csi_data,[0,0,11,10,11,10,11,10,11,9,12,9,12,9,12,8,12,8,13,7,13,7,13,7,14,6,14,6,15,6,15,6,16,6,16,6,16,7,17,7,16,9,16,9,15,10,14,10,13,11,12,11,12,12,0,0,0,0,0,0,0,0,0,0,0,0,0,0,0,0,0,0,0,0,0,0,3,6,3,6,2,6,2,7,2,7,3,7,2,8,2,8,2,8,2,9,2,9,2,8,3,9,3,9,4,9,4,8,4,9,5,8,6,8,6,8,7,9,8,9,9,8,9,9,9,9,10,9]
[0;33mW (84923) wifi:FTM session ends with 31 valid readings out of 31 readings received, Avg raw RTT: 5.595 nSec, Avg RSSI: -65[0m
ftm_frame,0,1563,234.288
ftm_frame,1,3126,468.576
ftm_frame,2,1563,234.288
ftm_frame,3,14063,2107.990
ftm_frame,4,1563,234.288
ftm_frame,5,3126,468.576
ftm_frame,6,3126,468.576
ftm_frame,7,14063,2107.990
ftm_frame,8,1,0.150
ftm_frame,9,1563,234.288
ftm_frame,10,14063,2107.990
ftm_frame,11,1563,234.288
ftm_frame,12,12500,1873.703
ftm_frame,13,1,0.150
ftm_frame,14,12501,1873.853
ftm_frame,15,1,0.150
ftm_data,5,0.750
csi_data,[0,0,1,15,2,14,2,15,2,15,3,15,3,15,3,15,4,15,4,14,5,14,6,14,7,14,7,14,8,15,7,14,8,16,8,16,8,17,7,17,6,18,6,18,5,18,4,17,3,18,2,17,1,17,0,0,0,0,0,0,0,0,0,0,0,0,0,0,0,0,0,0,0,0,0,0,-3,6,-3,7,-4,7,-4,7,-4,7,-4,8,-5,7,-5,8,-5,8,-5,8,-4,8,-5,8,-4,8,-4,9,-4,9,-3,9,-3,9,-2,10,-1,10,-1,11,-1,11,0,12,1,12,1,13,1,14,1,14]
[0;33mW (85933) wifi:Starting FTM session with 24:ec:4a:03:58:5d in 17 mSec[0m
[0;33mW (85933) wifi:Mode: non-ASAP, Bursts: 8, FTM's per burst: 4, Burst Period: 200mSec, Burst Duration: 32000uSec[0m
csi_data,[0,0,11,6,11,5,12,6,12,5,12,5,12,4,12,4,13,3,13,3,13,2,14,2,14,1,14,1,15,1,15,0,16,1,16,1,17,1,17,2,17,3,17,3,16,4,15,5,15,6,14,6,14,7,0,0,0,0,0,0,0,0,0,0,0,0,0,0,0,0,0,0,0,0,0,0,3,5,3,5,3,6,3,6,3,6,3,7,3,7,3,7,3,7,3,7,3,7,4,7,4,7,4,7,5,7,5,7,6,7,6,6,7,7,7,6,8,6,9,6,9,6,10,6,10,6,11,6]
[0;33mW (87393) wifi:FTM session ends with 30 valid readings out of 30 readings received, Avg raw RTT: 5.208 nSec, Avg RSSI: -65[0m
ftm_frame,0,0,0.000
ftm_frame,1,0,0.000
ftm_frame,2,3125,468.426
ftm_frame,3,1,0.150
ftm_frame,4,0,0.000
ftm_frame,5,1563,234.288
ftm_frame,6,1563,234.288
ftm_frame,7,1563,234.288
ftm_frame,8,1563,234.288
ftm_frame,9,3126,468.576
ftm_frame,10,3126,468.576
ftm_frame,11,1563,234.288
ftm_frame,12,14063,2107.990
ftm_frame,13,14063,2107.990
ftm_frame,14,1563,234.288
ftm_frame,15,1563,234.288
ftm_data,5,0.750
csi_data,[0,0,9,-12,8,-12,8,-12,8,-13,8,-13,7,-13,7,-14,6,-14,6,-14,5,-14,5,-15,4,-15,4,-16,4,-17,4,-17,4,-18,5,-18,6,-19,6,-19,7,-19,8,-18,8,-18,9,-17,10,-16,10,-15,11,-14,0,0,0,0,0,0,0,0,0,0,0,0,0,0,0,0,0,0,0,0,0,0,6,-4,7,-4,7,-3,7,-3,8,-3,8,-3,9,-3,9,-3,9,-3,9,-3,9,-3,9,-3,9,-4,9,-4,8,-4,8,-5,8,-6,8,-6,8,-7,8,-8,8,-8,8,-9,8,-9,8,-10,8,-11,9,-11]
[0;33mW (88403) wifi:Starting FTM session with 24:ec:4a:03:58:5d in 107 mSec[0m
[0;33mW (88403) wifi:Mode: non-ASAP, Bursts: 8, FTM's per burst: 4, Burst Period: 200mSec, Burst Duration: 32000uSec[0m
csi_data,[0,0,13,2,13,1,13,1,13,1,13,1,13,0,13,0,13,-1,13,-1,13,-2,14,-3,14,-3,14,-3,15,-4,15,-4,16,-4,16,-4,17,-3,17,-3,18,-2,18,-1,18,0,17,1,17,1,16,2,16,3,0,0,0,0,0,0,0,0,0,0,0,0,0,0,0,0,0,0,0,0,0,0,5,3,5,4,4,4,4,4,4,5,5,5,5,5,5,5,5,5,5,5,5,5,6,5,6,5,6,5,6,5,7,5,7,4,8,4,8,3,9,3,9,3,10,3,10,2,11,2,11,2,12,2]
csi_data,[0,0,10,9,10,9,10,8,11,8,11,8,11,8,11,7,12,7,12,6,13,6,13,6,13,6,14,6,15,5,15,5,15,5,17,6,16,7,17,7,16,8,16,8,15,9,15,10,14,10,12,11,11,12,0,0,0,0,0,0,0,0,0,0,0,0,0,0,0,0,0,0,0,0,0,0,1,5,2,5,1,6,1,6,1,7,1,7,1,7,1,8,1,8,1,7,1,8,1,8,2,8,2,8,3,7,3,8,3,7,4,8,4,7,5,7,6,7,7,8,7,8,8,8,9,8,9,8]
[0;33mW (89943) wifi:FTM session ends with 31 valid readings out of 31 readings received, Avg raw RTT: 6.452 nSec, Avg RSSI: -65[0m
ftm_frame,0,3125,468.426
ftm_frame,1,3126,468.576
ftm_frame,2,4688,702.714
ftm_frame,3,3125,468.426
ftm_frame,4,15625,2342.128
ftm_frame,5,3125,468.426
ftm_frame,6,4688,702.714
ftm_frame,7,3125,468.426
ftm_frame,8,4688,702.714
ftm_frame,9,4688,702.714
ftm_frame,10,4688,702.714
ftm_frame,11,3126,468.576
ftm_frame,12,4688,702.714
ftm_frame,13,4688,702.714
ftm_frame,14,4688,702.714
ftm_frame,15,4688,702.714
ftm_data,6,0.900
csi_data,[0,0,13,7,13,7,13,7,14,7,14,7,14,6,14,6,15,5,15,5,14,4,15,3,16,3,17,3,17,3,17,2,18,3,18,3,19,4,19,4,19,5,18,6,18,7,17,8,16,8,16,9,15,10,0,0,0,0,0,0,0,0,0,0,0,0,0,0,0,0,0,0,0,0,0,0,3,5,2,5,2,6,3,6,3,7,2,7,3,7,3,7,3,8,3,8,3,8,3,8,3,8,4,8,5,8,5,7,5,7,6,7,7,7,8,7,8,6,9,7,10,7,10,7,11,7,12,7]
[0;33mW (90953) wifi:Starting FTM session with 24:ec:4a:03:58:5d in 15 mSec[0m
[0;33mW (90953) wifi:Mode: non-ASAP, Bursts: 8, FTM's per burst: 4, Burst Period: 200mSec, Burst Duration: 32000uSec[0m
csi_data,[0,0,0,13,0,13,0,14,0,14,1,14,1,14,2,13,2,13,3,13,4,13,4,13,4,13,4,14,5,14,5,15,5,15,5,16,5,16,5,17,4,17,4,17,2,17,1,17,0,17,-1,16,-2,16,0,0,0,0,0,0,0,0,0,0,0,0,0,0,0,0,0,0,0,0,0,0,-3,5,-4,5,-4,5,-4,5,-4,6,-5,5,-5,6,-5,6,-5,6,-5,6,-5,6,-5,6,-5,7,-5,6,-4,7,-4,7,-4,8,-3,8,-3,9,-2,9,-2,10,-2,10,-1,11,-1,11,-1,12,0,12]
[0;33mW (92413) wifi:FTM session ends with 30 valid readings out of 30 readings received, Avg raw RTT: 5.885 nSec, Avg RSSI: -65[0m
ftm_frame,0,3125,468.426
ftm_frame,1,4688,702.714
ftm_frame,2,3126,468.576
ftm_frame,3,3125,468.426
ftm_frame,4,3126,468.576
ftm_frame,5,3125,468.426
ftm_frame,6,3125,468.426
ftm_frame,7,3125,468.426
ftm_frame,8,4688,702.714
ftm_frame,9,15626,2342.278
ftm_frame,10,1563,234.288
ftm_frame,11,3125,468.426
ftm_frame,12,28125,4215.831
ftm_frame,13,3126,468.576
ftm_frame,14,4688,702.714
ftm_frame,15,3126,468.576
ftm_data,5,0.750
csi_data,[0,0,1,14,2,14,2,15,2,15,3,15,3,15,3,15,4,15,4,15,5,14,6,15,6,15,7,15,7,15,7,16,8,16,7,17,7,18,7,18,6,19,5,19,4,19,3,19,2,19,1,18,0,18,0,0,0,0,0,0,0,0,0,0,0,0,0,0,0,0,0,0,0,0,0,0,-3,6,-3,6,-3,6,-4,6,-4,7,-5,7,-5,7,-5,7,-5,8,-5,7,-5,7,-5,7,-4,8,-4,8,-4,8,-4,8,-3,9,-2,9,-2,10,-1,10,-1,11,0,12,0,12,1,13,1,13,1,14]
[0;33mW (93413) wifi:Starting FTM session with 24:ec:4a:03:58:5d in 12 mSec[0m
[0;33mW (93413) wifi:Mode: non-ASAP, Bursts: 8, FTM's per burst: 4, Burst Period: 200mSec, Burst Duration: 32000uSec[0m
csi_data,[0,0,-14,-6,-15,-6,-15,-5,-15,-6,-15,-5,-16,-5,-16,-4,-16,-4,-16,-3,-17,-2,-17,-2,-17,-1,-18,-1,-18,0,-19,0,-19,0,-21,0,-21,-1,-21,-2,-21,-2,-21,-4,-21,-4,-21,-5,-20,-6,-19,-7,-18,-8,0,0,0,0,0,0,0,0,0,0,0,0,0,0,0,0,0,0,0,0,0,0,-3,-7,-4,-7,-4,-8,-3,-7,-4,-8,-4,-8,-4,-8,-4,-9,-4,-8,-4,-9,-4,-8,-4,-9,-5,-8,-5,-8,-6,-8,-7,-8,-7,-7,-8,-7,-8,-7,-9,-7,-10,-7,-10,-6,-12,-7,-12,-6,-13,-6,-13,-6]
csi_data,[0,0,0,14,1,14,0,15,1,14,1,14,2,14,2,14,3,15,3,14,4,14,5,14,5,14,5,15,6,15,6,16,6,16,6,17,5,17,5,18,4,18,3,18,2,19,2,18,1,18,0,17,-2,17,0,0,0,0,0,0,0,0,0,0,0,0,0,0,0,0,0,0,0,0,0,0,-4,7,-4,7,-5,7,-5,7,-5,7,-6,7,-6,7,-6,7,-6,7,-6,7,-6,7,-6,7,-5,8,-5,8,-5,8,-4,8,-4,9,-3,9,-3,10,-2,10,-2,11,-2,11,-1,12,0,12,0,13,0,13]
[0;33mW (94853) wifi:FTM session ends with 31 valid readings out of 31 readings received, Avg raw RTT: 1.764 nSec, Avg RSSI: -64[0m
ftm_frame,0,1,0.150
ftm_frame,1,1563,234.288
ftm_frame,2,1563,234.288
ftm_frame,3,3126,468.576
ftm_frame,4,0,0.000
ftm_frame,5,0,0.000
ftm_frame,6,0,0.000
ftm_frame,7,0,0.000
ftm_frame,8,0,0.000
ftm_frame,9,0,0.000
ftm_frame,10,0,0.000
ftm_frame,11,12500,1873.703
ftm_frame,12,1,0.150
ftm_frame,13,0,0.000
ftm_frame,14,0,0.000
ftm_frame,15,0,0.000
ftm_data,1,0.150
csi_data,[0,0,-7,-12,-7,-12,-7,-12,-7,-12,-8,-11,-8,-11,-8,-11,-9,-10,-9,-10,-10,-10,-10,-10,-11,-10,-11,-10,-12,-10,-13,-10,-13,-10,-13,-11,-13,-12,-13,-12,-12,-13,-12,-13,-11,-14,-10,-14,-9,-14,-8,-14,-7,-15,0,0,0,0,0,0,0,0,0,0,0,0,0,0,0,0,0,0,0,0,0,0,0,-9,0,-9,0,-9,0,-10,1,-10,1,-10,1,-10,1,-10,2,-10,2,-10,2,-10,1,-10,1,-10,1,-9,0,-10,-1,-10,-1,-10,-2,-10,-2,-11,-3,-10,-3,-10,-4,-11,-5,-11,-5,-11,-6,-12,-5,-11]
[0;33mW (95863) wifi:Starting FTM session with 24:ec:4a:03:58:5d in 20 mSec[0m
[0;33mW (95863) wifi:Mode: non-ASAP, Bursts: 8, FTM's per burst: 4, Burst Period: 200mSec, Burst Duration: 32000uSec[0m
csi_data,[0,0,13,0,13,0,13,-1,14,-1,14,-1,15,-2,15,-2,14,-3,15,-3,15,-4,15,-5,16,-6,16,-6,17,-7,17,-7,18,-8,18,-8,20,-8,20,-7,21,-6,21,-5,21,-4,21,-3,21,-2,20,-2,20,-1,0,0,0,0,0,0,0,0,0,0,0,0,0,0,0,0,0,0,0,0,0,0,1,4,1,4,0,4,0,4,0,5,1,5,1,5,2,5,1,5,1,5,2,5,2,5,3,5,3,5,3,5,3,4,4,4,5,4,6,3,6,3,7,2,7,3,8,2,9,2,10,1,10,1]
[0;33mW (97323) wifi:FTM session ends with 30 valid readings out of 30 readings received, Avg raw RTT: 4.531 nSec, Avg RSSI: -68[0m
ftm_frame,0,3126,468.576
ftm_frame,1,3125,468.426
ftm_frame,2,3126,468.576
ftm_frame,3,6251,937.001
ftm_frame,4,17188,2576.416
ftm_frame,5,17188,2576.416
ftm_frame,6,17188,2576.416
ftm_frame,7,17188,2576.416
ftm_frame,8,12501,1873.853
ftm_frame,9,15625,2342.128
ftm_frame,10,15625,2342.128
ftm_frame,11,14063,2107.990
ftm_frame,12,6250,936.851
ftm_frame,13,0,0.000
ftm_frame,14,0,0.000
ftm_frame,15,0,0.000
ftm_data,4,0.600
csi_data,[0,0,10,-9,9,-9,9,-10,10,-10,9,-10,9,-11,9,-11,8,-11,8,-11,8,-12,8,-13,8,-13,7,-13,7,-14,8,-15,8,-15,8,-15,9,-15,9,-15,10,-14,11,-14,11,-13,12,-13,12,-11,12,-10,13,-9,0,0,0,0,0,0,0,0,0,0,0,0,0,0,0,0,0,0,0,0,0,0,6,-1,6,-1,7,-1,7,0,7,0,8,0,7,0,8,0,8,0,8,0,8,0,8,-1,8,-1,8,-1,7,-2,8,-2,8,-3,8,-4,8,-4,8,-4,8,-5,8,-6,9,-7,9,-7,9,-8,10,-8]
[0;33mW (98333) wifi:Starting FTM session with 24:ec:4a:03:58:5d in 8 mSec[0m
[0;33mW (98333) wifi:Mode: non-ASAP, Bursts: 8, FTM's per burst: 4, Burst Period: 200mSec, Burst Duration: 32000uSec[0m
csi_data,[0,0,-12,6,-12,6,-12,6,-12,6,-12,7,-12,7,-12,8,-11,8,-11,9,-11,9,-11,10,-10,10,-10,11,-11,11,-11,12,-11,12,-12,12,-13,13,-13,13,-14,12,-14,11,-15,11,-15,9,-16,9,-16,8,-16,7,0,0,0,0,0,0,0,0,0,0,0,0,0,0,0,0,0,0,0,0,0,0,-10,-2,-10,-3,-10,-3,-10,-4,-10,-4,-10,-4,-10,-4,-10,-5,-10,-4,-10,-4,-10,-4,-10,-4,-10,-3,-9,-3,-9,-2,-10,-2,-10,-1,-10,-1,-10,0,-10,1,-10,2,-11,2,-11,3,-11,3,-11,4,-11,4]
csi_data,[0,0,-1,-14,-1,-14,-1,-14,-2,-14,-2,-14,-2,-14,-3,-14,-4,-14,-4,-14,-5,-14,-5,-14,-6,-14,-6,-15,-7,-15,-7,-15,-7,-16,-7,-17,-7,-17,-7,-17,-6,-18,-5,-18,-4,-18,-3,-18,-2,-18,-1,-18,0,-18,0,0,0,0,0,0,0,0,0,0,0,0,0,0,0,0,0,0,0,0,0,0,5,-7,5,-7,6,-7,6,-7,6,-7,6,-7,6,-7,6,-7,6,-7,6,-7,6,-7,6,-7,6,-7,5,-7,5,-8,4,-8,4,-9,3,-9,3,-9,2,-10,2,-10,2,-11,1,-11,1,-12,0,-12,0,-13]
[0;33mW (99773) wifi:FTM session ends with 31 valid readings out of 31 readings received, Avg raw RTT: 0.0 nSec, Avg RSSI: -68[0m
ftm_frame,0,0,0.000
ftm_frame,1,0,0.000
ftm_frame,2,6251,937.001
ftm_frame,3,7813,1171.139
ftm_frame,4,0,0.000
ftm_frame,5,0,0.000
ftm_frame,6,0,0.000
ftm_frame,7,0,0.000
ftm_frame,8,0,0.000
ftm_frame,9,0,0.000
ftm_frame,10,0,0.000
ftm_frame,11,0,0.000
ftm_frame,12,0,0.000
ftm_frame,13,0,0.000
ftm_frame,14,9376,1405.427
ftm_frame,15,0,0.000
ftm_data,0,-1.000
csi_data,[0,0,-10,9,-10,9,-10,9,-9,9,-9,10,-8,10,-8,10,-7,10,-7,10,-6,11,-6,12,-6,12,-6,12,-6,12,-6,13,-6,14,-6,14,-7,14,-7,14,-8,14,-8,14,-9,13,-10,13,-10,12,-11,11,-11,10,0,0,0,0,0,0,0,0,0,0,0,0,0,0,0,0,0,0,0,0,0,0,-10,4,-10,4,-11,4,-11,3,-11,3,-12,3,-12,2,-12,2,-12,2,-12,2,-12,2,-11,2,-11,2,-11,2,-11,3,-10,3,-10,4,-10,4,-10,5,-10,6,-10,6,-10,7,-10,7,-10,7,-10,8,-10,8]
[0;33mW (100783) wifi:Starting FTM session with 24:ec:4a:03:58:5d in 15 mSec[0m
[0;33mW (100783) wifi:Mode: non-ASAP, Bursts: 8, FTM's per burst: 4, Burst Period: 200mSec, Burst Duration: 32000uSec[0m
csi_data,[0,0,11,5,11,5,11,5,12,4,12,4,12,3,12,3,13,2,13,1,13,0,14,0,14,0,15,-1,15,-1,16,-2,17,-1,17,-1,18,-1,18,0,19,1,19,2,18,3,18,4,17,5,17,6,17,7,0,0,0,0,0,0,0,0,0,0,0,0,0,0,0,0,0,0,0,0,0,0,6,9,6,9,5,9,5,10,5,10,5,10,4,10,4,10,4,10,4,10,4,10,4,10,4,9,4,9,5,8,5,8,6,8,6,8,7,7,8,7,8,6,9,6,9,6,10,6,10,6,11,6]
[0;33mW (102223) wifi:FTM session ends with 31 valid readings out of 31 readings received, Avg raw RTT: 0.0 nSec, Avg RSSI: -68[0m
ftm_frame,0,0,0.000
ftm_frame,1,0,0.000
ftm_frame,2,1563,234.288
ftm_frame,3,0,0.000
ftm_frame,4,3125,468.426
ftm_frame,5,0,0.000
ftm_frame,6,1563,234.288
ftm_frame,7,0,0.000
ftm_frame,8,0,0.000
ftm_frame,9,4688,702.714
ftm_frame,10,0,0.000
ftm_frame,11,0,0.000
ftm_frame,12,0,0.000
ftm_frame,13,6250,936.851
ftm_frame,14,0,0.000
ftm_frame,15,0,0.000
ftm_data,0,-1.000
csi_data,[0,0,0,11,0,11,0,11,1,11,1,11,2,11,3,11,3,12,4,11,5,11,5,12,6,12,6,12,7,13,7,13,8,14,8,15,8,15,7,16,7,16,6,17,5,17,4,17,3,17,2,18,1,18,0,0,0,0,0,0,0,0,0,0,0,0,0,0,0,0,0,0,0,0,0,0,-7,4,-7,4,-7,4,-8,4,-8,4,-8,4,-8,4,-8,4,-8,4,-8,3,-7,3,-7,4,-7,4,-6,4,-6,5,-5,5,-5,6,-4,6,-4,6,-3,7,-3,7,-3,8,-2,8,-2,9,-1,9,-1,9]
[0;33mW (103233) wifi:Starting FTM session with 24:ec:4a:03:58:5d in 23 mSec[0m
[0;33mW (103233) wifi:Mode: non-ASAP, Bursts: 8, FTM's per burst: 4, Burst Period: 200mSec, Burst Duration: 32000uSec[0m
csi_data,[0,0,2,11,2,11,3,11,3,11,4,11,4,11,5,11,5,11,6,11,6,11,7,11,8,11,8,11,9,11,10,11,10,12,10,13,10,13,10,14,9,14,9,15,8,15,7,16,6,16,5,16,4,16,0,0,0,0,0,0,0,0,0,0,0,0,0,0,0,0,0,0,0,0,0,0,-5,6,-5,7,-6,7,-6,7,-6,7,-6,7,-6,7,-6,7,-6,6,-6,6,-6,6,-6,6,-5,6,-5,7,-4,7,-4,7,-3,7,-3,8,-2,8,-1,8,-1,9,0,10,0,10,0,10,1,10,1,11]
csi_data,[0,0,-8,8,-8,8,-8,9,-8,9,-7,10,-7,10,-7,10,-6,11,-6,11,-6,12,-5,12,-5,13,-4,13,-4,14,-4,15,-5,15,-5,16,-5,17,-6,17,-7,16,-7,16,-8,16,-9,15,-10,14,-11,14,-12,13,0,0,0,0,0,0,0,0,0,0,0,0,0,0,0,0,0,0,0,0,0,0,-9,0,-9,0,-10,-1,-10,-1,-10,-1,-10,-1,-10,-2,-10,-2,-10,-2,-9,-1,-9,-1,-9,-1,-9,-1,-9,0,-9,0,-9,1,-9,2,-9,2,-9,3,-8,3,-8,4,-8,5,-8,5,-9,6,-9,6,-8,7]
[0;33mW (104683) wifi:FTM session ends with 31 valid readings out of 31 readings received, Avg raw RTT: 0.0 nSec, Avg RSSI: -67[0m
ftm_frame,0,0,0.000
ftm_frame,1,0,0.000
ftm_frame,2,0,0.000
ftm_frame,3,0,0.000
ftm_frame,4,0,0.000
ftm_frame,5,0,0.000
ftm_frame,6,9376,1405.427
ftm_frame,7,0,0.000
ftm_frame,8,0,0.000
ftm_frame,9,0,0.000
ftm_frame,10,0,0.000
ftm_frame,11,0,0.000
ftm_frame,12,9376,1405.427
ftm_frame,13,0,0.000
ftm_frame,14,0,0.000
ftm_frame,15,0,0.000
ftm_data,0,-1.000
csi_data,[0,0,-13,0,-13,0,-13,0,-14,0,-14,1,-13,1,-13,2,-13,3,-13,3,-13,3,-14,4,-14,5,-14,5,-14,6,-15,6,-15,6,-16,6,-17,6,-17,6,-18,5,-18,5,-18,4,-18,3,-18,2,-18,1,-18,0,0,0,0,0,0,0,0,0,0,0,0,0,0,0,0,0,0,0,0,0,0,0,-8,-6,-8,-6,-8,-6,-8,-7,-8,-7,-8,-7,-7,-7,-7,-7,-7,-7,-7,-7,-7,-7,-7,-7,-8,-7,-8,-6,-8,-6,-8,-5,-9,-5,-9,-4,-10,-4,-10,-3,-10,-3,-11,-2,-11,-2,-12,-2,-12,-1,-12,-1]
[0;33mW (105693) wifi:Starting FTM session with 24:ec:4a:03:58:5d in 20 mSec[0m
[0;33mW (105703) wifi:Mode: non-ASAP, Bursts: 8, FTM's per burst: 4, Burst Period: 200mSec, Burst Duration: 32000uSec[0m
csi_data,[0,0,12,4,12,4,12,4,12,3,13,3,13,2,13,2,14,1,14,1,14,0,15,-1,15,-1,16,-2,17,-2,17,-3,18,-3,19,-2,19,-2,20,-1,20,0,20,1,20,2,19,3,19,4,19,5,18,5,0,0,0,0,0,0,0,0,0,0,0,0,0,0,0,0,0,0,0,0,0,0,2,4,2,4,2,4,2,4,2,5,3,6,3,6,3,6,3,6,3,6,3,6,3,6,3,6,4,6,4,6,4,6,5,6,5,5,6,5,6,5,7,5,8,5,9,4,10,4,11,4,11,3]
