csi_data,[0,0,-7,-13,-7,-13,-7,-13,-8,-12,-8,-12,-8,-11,-8,-11,-ESP-ROM:esp32s3-20210327
Build:Mar 27 2021
rst:0x15 (USB_UART_CHIP_RESET),boot:0x8 (SPI_FAST_FLASH_BOOT)
Saved PC:0x4037ac12
SPIWP:0xee
mode:DIO, clock div:1
load:0x3fce2810,len:0x15a0
load:0x403c8700,len:0x4
load:0x403c8704,len:0xd20
load:0x403cb700,len:0x2ee4
entry 0x403c8928
[0;32mI (26) boot: ESP-IDF v5.4-dirty 2nd stage bootloader[0m
[0;32mI (27) boot: compile time Aug 31 2025 02:08:46[0m
[0;32mI (27) boot: Multicore bootloader[0m
[0;32mI (27) boot: chip revision: v0.2[0m
[0;32mI (30) boot: efuse block revision: v1.3[0m
[0;32mI (34) boot.esp32s3: Boot SPI Speed : 80MHz[0m
[0;32mI (37) boot.esp32s3: SPI Mode       : DIO[0m
[0;32mI (41) boot.esp32s3: SPI Flash Size : 2MB[0m
[0;32mI (45) boot: Enabling RNG early entropy source...[0m
[0;32mI (49) boot: Partition Table:[0m
[0;32mI (52) boot: ## Label            Usage          Type ST Offset   Length[0m
[0;32mI (58) boot:  0 nvs              WiFi data        01 02 00009000 00006000[0m
[0;32mI (65) boot:  1 phy_init         RF data          01 01 0000f000 00001000[0m
[0;32mI (71) boot:  2 factory          factory app      00 00 00010000 00100000[0m
[0;32mI (78) boot: End of partition table[0m
[0;32mI (81) esp_image: segment 0: paddr=00010020 vaddr=3c090020 size=19a40h (105024) map[0m
[0;32mI (107) esp_image: segment 1: paddr=00029a68 vaddr=3fc99b00 size=04948h ( 18760) load[0m
[0;32mI (111) esp_image: segment 2: paddr=0002e3b8 vaddr=40374000 size=01c60h (  7264) load[0m
[0;32mI (114) esp_image: segment 3: paddr=00030020 vaddr=42000020 size=83f1ch (540444) map[0m
[0;32mI (214) esp_image: segment 4: paddr=000b3f44 vaddr=40375c60 size=13dcch ( 81356) load[0m
[0;32mI (232) esp_image: segment 5: paddr=000c7d18 vaddr=600fe100 size=0001ch (    28) load[0m
[0;32mI (241) boot: Loaded app from partition at offset 0x10000[0m
[0;32mI (241) boot: Disabling RNG early entropy source...[0m
[0;32mI (251) cpu_start: Multicore app[0m
[0;32mI (260) cpu_start: Pro cpu start user code[0m
[0;32mI (260) cpu_start: cpu freq: 160000000 Hz[0m
[0;32mI (261) app_init: Application information:[0m
[0;32mI (261) app_init: Project name:     initiator[0m
[0;32mI (265) app_init: App version:      207a5d4-dirty[0m
[0;32mI (269) app_init: Compile time:     Aug 30 2025 22:35:46[0m
[0;32mI (274) app_init: ELF file SHA256:  3b02704e0...[0m
[0;32mI (278) app_init: ESP-IDF:          v5.4-dirty[0m
[0;32mI (282) efuse_init: Min chip rev:     v0.0[0m
[0;32mI (286) efuse_init: Max chip rev:     v0.99 [0m
[0;32mI (290) efuse_init: Chip rev:         v0.2[0m
[0;32mI (294) heap_init: Initializing. RAM available for dynamic allocation:[0m
[0;32mI (301) heap_init: At 3FCA2098 len 00047678 (285 KiB): RAM[0m
[0;32mI (306) heap_init: At 3FCE9710 len 00005724 (21 KiB): RAM[0m
[0;32mI (311) heap_init: At 3FCF0000 len 00008000 (32 KiB): DRAM[0m
[0;32mI (316) heap_init: At 600FE11C len 00001ECC (7 KiB): RTCRAM[0m
[0;32mI (322) spi_flash: detected chip: gd[0m
[0;32mI (325) spi_flash: flash io: dio[0m
[0;33mW (327) spi_flash: Detected size(8192k) larger than the size in the binary image header(2048k). Using the size in the binary image header.[0m
[0;32mI (340) sleep_gpio: Configure to isolate all GPIO pins in sleep state[0m
[0;32mI (346) sleep_gpio: Enable automatic switching of GPIO sleep configuration[0m
[0;32mI (353) main_task: Started on CPU0[0m
[0;32mI (363) main_task: Calling app_main()[0m
[0;32mI (383) pp: pp rom version: e7ae62f[0m
[0;32mI (383) net80211: net80211 rom version: e7ae62f[0m
[0;32mI (393) wifi:wifi driver task: 3fcae2e8, prio:23, stack:6656, core=0[0m
[0;32mI (403) wifi:wifi firmware version: 48ea317a7[0m
[0;32mI (403) wifi:wifi certification version: v7.0[0m
[0;32mI (403) wifi:config NVS flash: enabled[0m
[0;32mI (403) wifi:config nano formatting: disabled[0m
[0;32mI (403) wifi:Init data frame dynamic rx buffer num: 32[0m
[0;32mI (403) wifi:Init static rx mgmt buffer num: 5[0m
[0;32mI (403) wifi:Init management short buffer num: 32[0m
[0;32mI (403) wifi:Init dynamic tx buffer num: 32[0m
[0;32mI (403) wifi:Init static tx FG buffer num: 2[0m
[0;32mI (403) wifi:Init static rx buffer size: 2212[0m
[0;32mI (403) wifi:Init static rx buffer num: 10[0m
[0;32mI (403) wifi:Init dynamic rx buffer num: 32[0m
[0;32mI (403) wifi_init: rx ba win: 6[0m
[0;32mI (403) wifi_init: accept mbox: 6[0m
[0;32mI (403) wifi_init: tcpip mbox: 32[0m
[0;32mI (403) wifi_init: udp mbox: 6[0m
[0;32mI (403) wifi_init: tcp mbox: 6[0m
[0;32mI (403) wifi_init: tcp tx win: 5760[0m
[0;32mI (403) wifi_init: tcp rx win: 5760[0m
[0;32mI (403) wifi_init: tcp mss: 1440[0m
[0;32mI (403) wifi_init: WiFi IRAM OP enabled[0m
[0;32mI (403) wifi_init: WiFi RX IRAM OP enabled[0m
[0;32mI (413) wifi:Set ps type: 0, coexist: 0[0m

[0;32mI (413) phy_init: phy_version 680,a6008b2,Jun  4 2024,16:41:10[0m
[0;32mI (443) wifi:mode : sta (24:ec:4a:04:74:58)[0m
[0;32mI (443) wifi:enable tsf[0m
[0;33mW (443) wifi:Password length matches WPA2 standards, authmode threshold changes from OPEN to WPA2[0m
[0;32mI (453) wifi:ic_enable_sniffer[0m
[0;32mI (453) TAG: Ready: FTM 1Hz (6 frames), CSI ~1Hz print, UART=921600.[0m
[0;32mI (453) main_task: Returned from app_main()[0m
[0;32mI (453) wifi:new:<1,0>, old:<1,0>, ap:<255,255>, sta:<1,0>, prof:1, snd_ch_cfg:0x0[0m
[0;32mI (453) wifi:state: init -> auth (0xb0)[0m
[0;32mI (463) wifi:state: auth -> assoc (0x0)[0m
[0;32mI (463) wifi:Association refused temporarily time 1500, comeback time 1600 (TUs)[0m
csi_data,[0,0,-9,10,-9,10,-8,9,-8,9,-8,9,-7,9,-7,9,-6,9,-6,9,-5,9,-4,9,-4,9,-4,10,-4,10,-3,10,-3,10,-3,11,-3,11,-4,11,-4,10,-5,11,-5,10,-5,10,-5,10,-5,9,-6,9,0,0,0,0,0,0,0,0,0,0,0,0,0,0,0,0,0,0,0,0,0,0,-8,11,-9,10,-10,10,-11,10,-12,10,-12,9,-13,8,-13,8,-13,7,-13,7,-13,7,-12,6,-12,7,-12,6,-12,7,-11,7,-11,7,-10,7,-10,8,-10,8,-10,9,-10,9,-10,9,-9,10,-9,10,-9,10]
[0;32mI (2103) wifi:state: assoc -> assoc (0x0)[0m
[0;32mI (2113) wifi:state: assoc -> run (0x10)[0m
[0;32mI (2133) wifi:connected with FTM, aid = 1, channel 1, BW20, bssid = 24:ec:4a:03:58:5d[0m
[0;32mI (2133) wifi:security: WPA2-PSK, phy: bgn, rssi: -63[0m
[0;32mI (2133) wifi:pm start, type: 0[0m

[0;32mI (2133) wifi:dp: 1, bi: 102400, li: 3, scale listen interval from 307200 us to 307200 us[0m
[0;32mI (2133) wifi:set rx beacon pti, rx_bcn_pti: 0, bcn_timeout: 25000, mt_pti: 0, mt_time: 10000[0m
[1;31mE (2133) wifi:Invalid value(6) for Frm Count, Valid options - 0/8/16/24/32/64[0m
[0;32mI (2173) wifi:AP's beacon interval = 102400 us, DTIM period = 1[0m
csi_data,[0,0,9,-10,9,-10,8,-10,8,-10,7,-10,7,-10,6,-10,5,-10,5,-10,5,-10,4,-10,4,-10,3,-10,3,-11,3,-11,2,-11,3,-11,2,-11,3,-12,3,-11,3,-11,3,-11,4,-10,4,-10,4,-10,5,-9,0,0,0,0,0,0,0,0,0,0,0,0,0,0,0,0,0,0,0,0,0,0,9,-11,9,-10,11,-10,11,-10,12,-9,12,-9,13,-8,13,-8,13,-7,13,-7,13,-6,13,-6,13,-6,12,-6,12,-6,11,-7,11,-7,11,-8,10,-8,10,-8,10,-9,10,-9,10,-10,10,-10,10,-10,9,-10]
[1;31mE (3133) wifi:Invalid value(6) for Frm Count, Valid options - 0/8/16/24/32/64[0m
[0;32mI (3153) esp_netif_handlers: sta ip: 192.168.4.2, mask: 255.255.255.0, gw: 192.168.4.1[0m
csi_data,[0,0,13,0,13,-1,12,-1,12,-1,11,-2,11,-2,11,-2,10,-3,10,-3,10,-3,10,-4,9,-5,10,-5,9,-5,9,-6,9,-6,9,-6,10,-6,10,-6,10,-5,10,-5,10,-5,10,-4,10,-4,9,-3,9,-2,0,0,0,0,0,0,0,0,0,0,0,0,0,0,0,0,0,0,0,0,0,0,13,-2,14,-1,14,-1,14,0,15,1,15,2,15,3,14,3,14,4,14,4,13,4,13,4,13,4,13,4,13,3,12,3,13,3,12,2,13,1,13,1,13,1,13,0,13,0,13,0,13,0,14,0]
[1;31mE (4133) wifi:Invalid value(6) for Frm Count, Valid options - 0/8/16/24/32/64[0m
csi_data,[0,0,-8,-12,-8,-11,-8,-11,-8,-11,-8,-10,-8,-10,-8,-9,-8,-8,-9,-8,-9,-7,-9,-7,-9,-7,-9,-7,-10,-6,-10,-6,-10,-6,-10,-6,-11,-6,-11,-6,-10,-7,-10,-7,-10,-7,-9,-7,-9,-8,-8,-8,-8,-8,0,0,0,0,0,0,0,0,0,0,0,0,0,0,0,0,0,0,0,0,0,0,-9,-11,-9,-12,-8,-13,-7,-13,-7,-14,-6,-15,-6,-15,-5,-15,-5,-15,-4,-15,-4,-15,-4,-15,-4,-14,-4,-14,-4,-13,-5,-13,-5,-13,-5,-13,-6,-13,-6,-12,-6,-12,-7,-12,-7,-12,-7,-12,-7,-12,-7,-12]
[1;31mE (5133) wifi:Invalid value(6) for Frm Count, Valid options - 0/8/16/24/32/64[0m
csi_data,[0,0,-13,4,-13,4,-12,3,-12,4,-11,4,-11,4,-11,5,-10,5,-10,5,-9,6,-9,6,-9,6,-8,7,-8,7,-8,7,-8,8,-8,8,-8,8,-8,8,-8,8,-9,7,-9,7,-9,7,-9,6,-9,5,-9,5,0,0,0,0,0,0,0,0,0,0,0,0,0,0,0,0,0,0,0,0,0,0,-14,4,-14,3,-14,3,-15,2,-15,1,-16,0,-16,0,-16,-1,-16,-1,-15,-2,-15,-2,-14,-2,-14,-2,-14,-2,-14,-1,-14,-1,-14,0,-13,0,-14,1,-14,2,-14,2,-13,2,-14,2,-13,3,-14,3,-13,3]
[1;31mE (6133) wifi:Invalid value(6) for Frm Count, Valid options - 0/8/16/24/32/64[0m
csi_data,[0,0,11,-6,11,-7,11,-7,11,-7,10,-7,9,-7,9,-7,8,-8,8,-7,7,-8,7,-9,6,-9,6,-9,6,-9,6,-10,6,-10,6,-10,6,-10,6,-10,7,-10,7,-10,7,-9,7,-9,8,-9,8,-8,8,-7,0,0,0,0,0,0,0,0,0,0,0,0,0,0,0,0,0,0,0,0,0,0,12,-8,12,-7,13,-7,13,-6,14,-5,14,-5,15,-4,15,-3,15,-3,15,-2,15,-2,14,-2,14,-2,13,-2,12,-3,13,-3,12,-3,12,-4,12,-4,12,-5,12,-5,12,-6,12,-6,12,-6,12,-6,12,-7]
[1;31mE (7133) wifi:Invalid value(6) for Frm Count, Valid options - 0/8/16/24/32/64[0m
csi_data,[0,0,6,-12,5,-12,5,-12,5,-12,4,-12,4,-12,3,-12,3,-11,2,-11,1,-12,1,-12,0,-12,0,-12,0,-12,-1,-12,-1,-12,-1,-12,-1,-12,-1,-13,0,-13,0,-13,1,-12,1,-12,1,-12,2,-12,2,-11,0,0,0,0,0,0,0,0,0,0,0,0,0,0,0,0,0,0,0,0,0,0,5,-13,5,-13,7,-13,7,-13,8,-13,9,-12,10,-12,10,-11,10,-11,11,-11,10,-10,10,-10,9,-10,9,-10,9,-10,9,-10,8,-10,8,-11,7,-11,7,-11,7,-12,7,-12,6,-12,6,-13,6,-13,6,-13]
[1;31mE (8133) wifi:Invalid value(6) for Frm Count, Valid options - 0/8/16/24/32/64[0m
csi_data,[0,0,-2,13,-2,12,-2,13,-1,12,-1,12,-1,11,0,11,1,11,1,11,2,10,2,10,3,10,3,10,4,10,4,10,4,11,4,11,4,11,4,11,3,12,3,11,2,12,2,11,2,11,1,11,0,11,0,0,0,0,0,0,0,0,0,0,0,0,0,0,0,0,0,0,0,0,0,0,-1,14,-1,14,-3,14,-4,14,-5,14,-5,15,-6,14,-6,14,-7,13,-7,13,-7,13,-7,12,-7,12,-6,12,-6,12,-6,11,-5,12,-4,12,-5,12,-4,12,-4,12,-3,13,-3,13,-2,13,-2,13,-2,14]
[1;31mE (9133) wifi:Invalid value(6) for Frm Count, Valid options - 0/8/16/24/32/64[0m
csi_data,[0,0,-14,-3,-13,-3,-13,-2,-13,-2,-13,-2,-12,-1,-12,0,-12,0,-11,1,-11,1,-11,2,-11,2,-11,2,-11,3,-11,3,-12,3,-12,3,-12,3,-12,3,-12,3,-12,3,-12,2,-12,2,-12,1,-12,0,-12,0,0,0,0,0,0,0,0,0,0,0,0,0,0,0,0,0,0,0,0,0,0,0,-14,-3,-14,-3,-14,-4,-14,-5,-14,-6,-14,-7,-14,-7,-14,-8,-13,-8,-13,-8,-13,-8,-12,-8,-12,-8,-12,-7,-12,-7,-12,-7,-12,-6,-12,-6,-12,-5,-13,-5,-13,-4,-13,-4,-13,-4,-13,-4,-13,-3,-14,-3]
[1;31mE (10133) wifi:Invalid value(6) for Frm Count, Valid options - 0/8/16/24/32/64[0m
csi_data,[0,0,4,-12,4,-13,4,-12,3,-12,3,-12,2,-11,2,-12,1,-11,0,-11,0,-11,0,-11,-1,-11,-1,-11,-2,-11,-2,-11,-3,-11,-2,-12,-3,-12,-3,-12,-2,-12,-2,-13,-1,-12,-1,-12,0,-12,1,-12,1,-12,0,0,0,0,0,0,0,0,0,0,0,0,0,0,0,0,0,0,0,0,0,0,4,-14,4,-14,6,-14,6,-14,7,-14,8,-14,9,-14,9,-13,9,-12,10,-12,10,-12,10,-11,9,-11,9,-10,8,-10,8,-11,7,-11,7,-11,6,-11,6,-12,6,-12,5,-12,5,-13,5,-13,5,-12,4,-13]
[1;31mE (11133) wifi:Invalid value(6) for Frm Count, Valid options - 0/8/16/24/32/64[0m
csi_data,[0,0,10,-7,10,-8,10,-8,9,-8,9,-8,8,-8,8,-8,7,-9,6,-9,6,-9,6,-10,5,-10,5,-10,4,-10,4,-11,4,-11,5,-12,4,-11,4,-12,5,-12,5,-11,5,-11,6,-11,7,-10,7,-10,7,-9,0,0,0,0,0,0,0,0,0,0,0,0,0,0,0,0,0,0,0,0,0,0,12,-9,12,-8,13,-8,14,-7,14,-7,15,-6,15,-6,15,-5,15,-4,15,-4,15,-3,14,-3,14,-3,13,-3,12,-4,13,-4,12,-4,12,-4,12,-5,12,-6,11,-6,11,-7,11,-7,11,-7,11,-7,11,-7]
[1;31mE (12133) wifi:Invalid value(6) for Frm Count, Valid options - 0/8/16/24/32/64[0m
csi_data,[0,0,-13,4,-13,4,-12,4,-12,5,-11,5,-11,5,-11,5,-10,6,-10,6,-9,6,-9,7,-8,7,-8,7,-8,8,-8,8,-8,8,-9,9,-8,9,-9,9,-9,8,-9,8,-9,8,-10,7,-10,7,-10,6,-10,6,0,0,0,0,0,0,0,0,0,0,0,0,0,0,0,0,0,0,0,0,0,0,-13,4,-14,4,-15,3,-15,2,-16,2,-15,1,-16,0,-15,0,-15,-1,-15,-1,-15,-2,-14,-2,-14,-1,-14,-1,-13,-1,-13,0,-13,0,-13,1,-13,1,-13,2,-13,2,-13,2,-13,3,-13,3,-13,3,-13,3]
[1;31mE (13133) wifi:Invalid value(6) for Frm Count, Valid options - 0/8/16/24/32/64[0m
csi_data,[0,0,10,-9,10,-9,10,-9,9,-9,9,-10,9,-9,8,-10,8,-10,7,-10,6,-10,6,-11,5,-11,5,-11,5,-12,5,-12,5,-12,5,-12,6,-13,6,-13,6,-12,7,-12,7,-11,7,-11,8,-10,8,-10,8,-9,0,0,0,0,0,0,0,0,0,0,0,0,0,0,0,0,0,0,0,0,0,0,8,-8,9,-8,10,-8,10,-7,11,-7,12,-7,12,-6,12,-5,12,-5,12,-5,12,-5,12,-5,12,-4,12,-5,11,-5,11,-5,11,-6,10,-6,11,-7,11,-7,11,-7,10,-8,10,-8,10,-9,11,-9,11,-9]
[1;31mE (14133) wifi:Invalid value(6) for Frm Count, Valid options - 0/8/16/24/32/64[0m
csi_data,[0,0,2,14,1,14,2,13,2,14,2,13,3,13,3,12,4,12,4,12,5,11,5,11,6,11,6,11,6,11,7,12,7,11,7,12,7,12,7,12,6,13,6,13,5,13,4,13,3,12,3,13,2,13,0,0,0,0,0,0,0,0,0,0,0,0,0,0,0,0,0,0,0,0,0,0,1,11,0,11,-1,12,-1,11,-1,12,-2,12,-3,12,-3,12,-3,12,-4,12,-4,12,-4,12,-4,12,-3,11,-3,11,-2,12,-2,12,-1,12,-1,12,0,13,0,13,0,13,1,13,1,13,1,13,1,14]
[1;31mE (15133) wifi:Invalid value(6) for Frm Count, Valid options - 0/8/16/24/32/64[0m
csi_data,[0,0,13,-7,12,-7,12,-7,12,-7,12,-7,11,-7,11,-8,11,-8,10,-8,10,-9,10,-9,10,-9,9,-10,9,-10,9,-10,9,-11,10,-10,10,-11,11,-11,11,-10,11,-9,12,-9,12,-8,12,-7,12,-6,12,-5,0,0,0,0,0,0,0,0,0,0,0,0,0,0,0,0,0,0,0,0,0,0,9,-5,10,-5,10,-4,11,-4,11,-4,12,-3,12,-3,12,-2,13,-2,12,-2,12,-1,12,-1,12,-1,12,-2,12,-2,12,-2,11,-3,12,-3,12,-4,12,-5,12,-5,12,-5,12,-6,13,-6,13,-6,13,-6]
[1;31mE (16133) wifi:Invalid value(6) for Frm Count, Valid options - 0/8/16/24/32/64[0m
csi_data,[0,0,-5,13,-5,13,-5,13,-5,13,-4,12,-4,12,-4,12,-3,12,-2,12,-2,12,-1,12,-1,12,-1,13,0,13,0,13,0,13,0,13,0,14,-1,14,-1,14,-2,14,-3,14,-3,13,-4,12,-5,12,-5,11,0,0,0,0,0,0,0,0,0,0,0,0,0,0,0,0,0,0,0,0,0,0,-4,10,-5,10,-5,10,-6,10,-7,10,-7,10,-8,10,-8,10,-8,10,-9,9,-9,9,-9,9,-8,9,-8,9,-8,9,-8,9,-7,10,-7,10,-6,10,-6,11,-6,11,-6,12,-5,12,-6,12,-6,13,-5,13]
[1;31mE (17133) wifi:Invalid value(6) for Frm Count, Valid options - 0/8/16/24/32/64[0m
csi_data,[0,0,-10,-12,-10,-12,-10,-11,-10,-11,-10,-10,-10,-10,-10,-10,-11,-9,-11,-8,-11,-8,-12,-8,-12,-7,-12,-7,-13,-7,-13,-7,-13,-7,-13,-7,-13,-8,-13,-8,-12,-9,-12,-9,-12,-10,-11,-9,-10,-10,-10,-10,-9,-10,0,0,0,0,0,0,0,0,0,0,0,0,0,0,0,0,0,0,0,0,0,0,-8,-9,-8,-9,-7,-10,-7,-11,-6,-11,-6,-12,-6,-12,-6,-12,-5,-13,-5,-12,-5,-12,-5,-13,-5,-12,-5,-12,-5,-11,-6,-12,-6,-11,-7,-11,-7,-11,-7,-11,-8,-11,-9,-11,-9,-11,-9,-11,-10,-11,-10,-11]
[1;31mE (18133) wifi:Invalid value(6) for Frm Count, Valid options - 0/8/16/24/32/64[0m
csi_data,[0,0,-15,-2,-15,-2,-14,-1,-14,-1,-14,-1,-14,0,-14,0,-13,1,-13,1,-13,1,-13,2,-13,2,-13,3,-13,3,-14,3,-13,4,-14,4,-14,3,-15,2,-14,2,-14,2,-14,1,-14,0,-14,0,-14,-1,-14,-2,0,0,0,0,0,0,0,0,0,0,0,0,0,0,0,0,0,0,0,0,0,0,-12,-1,-12,-1,-13,-3,-13,-3,-13,-3,-13,-4,-13,-5,-13,-5,-13,-6,-12,-6,-12,-6,-12,-6,-12,-6,-12,-6,-12,-5,-12,-5,-12,-4,-12,-4,-13,-3,-13,-3,-13,-3,-14,-3,-14,-2,-14,-2,-15,-2,-15,-2]
[1;31mE (19133) wifi:Invalid value(6) for Frm Count, Valid options - 0/8/16/24/32/64[0m
csi_data,[0,0,-14,2,-14,2,-14,2,-14,3,-14,3,-13,3,-13,3,-12,4,-12,4,-12,5,-12,6,-11,6,-11,7,-12,7,-12,7,-12,7,-12,7,-12,7,-13,7,-13,7,-13,6,-13,6,-13,5,-13,4,-13,3,-13,2,0,0,0,0,0,0,0,0,0,0,0,0,0,0,0,0,0,0,0,0,0,0,-12,0,-12,0,-12,0,-13,-1,-13,-1,-13,-2,-13,-3,-13,-3,-14,-3,-13,-4,-13,-4,-13,-4,-13,-3,-13,-3,-12,-2,-13,-2,-13,-2,-13,-1,-13,-1,-13,0,-13,1,-14,1,-14,1,-14,2,-15,2,-14,2]
[1;31mE (20133) wifi:Invalid value(6) for Frm Count, Valid options - 0/8/16/24/32/64[0m
csi_data,[0,0,-2,-15,-2,-14,-2,-14,-2,-14,-2,-14,-2,-14,-3,-13,-3,-13,-4,-13,-5,-13,-5,-12,-6,-12,-6,-12,-7,-13,-7,-13,-7,-13,-7,-13,-7,-13,-7,-14,-6,-14,-6,-14,-4,-14,-4,-14,-3,-14,-2,-14,-2,-14,0,0,0,0,0,0,0,0,0,0,0,0,0,0,0,0,0,0,0,0,0,0,-1,-12,-1,-12,0,-12,1,-13,2,-13,2,-13,3,-13,3,-13,3,-13,4,-13,3,-13,3,-13,3,-12,3,-12,3,-12,2,-12,2,-12,1,-13,1,-13,0,-13,0,-13,0,-13,-1,-14,-1,-14,-1,-14,-1,-15]
[1;31mE (21133) wifi:Invalid value(6) for Frm Count, Valid options - 0/8/16/24/32/64[0m
csi_data,[0,0,-5,13,-5,13,-5,13,-4,12,-4,12,-3,12,-3,12,-2,12,-2,12,-1,12,-1,12,0,12,0,12,0,13,1,13,1,13,0,13,1,14,0,14,0,14,-2,14,-2,14,-2,13,-4,13,-4,12,-5,12,0,0,0,0,0,0,0,0,0,0,0,0,0,0,0,0,0,0,0,0,0,0,-4,10,-5,10,-5,10,-6,10,-7,10,-7,10,-8,10,-8,10,-8,10,-9,10,-9,10,-9,9,-8,9,-8,10,-8,10,-7,9,-7,10,-7,10,-6,11,-6,11,-6,11,-6,12,-6,12,-5,13,-5,13,-5,13]
[1;31mE (22133) wifi:Invalid value(6) for Frm Count, Valid options - 0/8/16/24/32/64[0m
csi_data,[0,0,-1,-15,0,-14,-1,-15,-1,-14,-1,-14,-2,-14,-2,-14,-3,-13,-3,-13,-4,-12,-4,-13,-5,-13,-5,-13,-6,-13,-5,-13,-6,-13,-6,-13,-6,-14,-5,-15,-4,-14,-4,-15,-3,-14,-3,-14,-2,-14,-1,-14,0,-14,0,0,0,0,0,0,0,0,0,0,0,0,0,0,0,0,0,0,0,0,0,0,0,-11,0,-12,1,-12,1,-13,2,-12,2,-13,3,-13,4,-13,4,-13,4,-12,4,-13,4,-12,4,-12,4,-12,3,-12,3,-12,2,-13,2,-12,2,-13,2,-13,1,-13,1,-14,0,-14,0,-14,0,-14,0,-15]
[1;31mE (23133) wifi:Invalid value(6) for Frm Count, Valid options - 0/8/16/24/32/64[0m
csi_data,[0,0,8,11,8,11,8,11,8,10,8,10,8,10,8,9,8,9,9,8,9,8,10,8,10,7,10,7,10,7,11,7,12,7,11,7,11,8,11,8,11,9,10,10,10,10,9,9,8,9,8,10,7,11,0,0,0,0,0,0,0,0,0,0,0,0,0,0,0,0,0,0,0,0,0,0,6,8,6,9,5,9,5,10,5,11,4,11,4,12,3,12,3,12,3,12,3,12,3,12,3,12,3,11,3,11,4,11,4,11,5,11,5,11,5,11,6,11,7,11,7,11,8,11,7,11,8,11]
[1;31mE (24133) wifi:Invalid value(6) for Frm Count, Valid options - 0/8/16/24/32/64[0m
csi_data,[0,0,-15,3,-15,2,-15,2,-14,3,-14,3,-14,4,-13,4,-12,4,-13,4,-12,5,-12,6,-12,6,-11,7,-12,7,-12,7,-12,7,-13,7,-13,7,-14,7,-14,6,-14,6,-14,5,-14,5,-14,4,-14,3,-14,2,0,0,0,0,0,0,0,0,0,0,0,0,0,0,0,0,0,0,0,0,0,0,-11,2,-12,1,-12,1,-12,0,-13,0,-13,-1,-13,-2,-13,-2,-13,-2,-13,-2,-13,-2,-13,-3,-13,-2,-12,-2,-13,-2,-13,-2,-13,-1,-13,0,-13,0,-13,0,-13,1,-14,1,-14,2,-14,2,-14,3,-14,2]
[1;31mE (25133) wifi:Invalid value(6) for Frm Count, Valid options - 0/8/16/24/32/64[0m
csi_data,[0,0,7,12,7,12,8,12,8,11,8,11,8,10,8,10,8,9,9,9,9,8,10,8,10,8,10,8,11,8,11,8,12,8,12,8,12,9,11,9,11,9,10,10,10,10,9,10,9,11,8,11,7,12,0,0,0,0,0,0,0,0,0,0,0,0,0,0,0,0,0,0,0,0,0,0,5,9,4,10,4,10,4,11,3,11,3,12,2,12,2,12,2,13,2,12,1,13,1,12,2,12,1,12,2,12,2,11,3,11,4,11,4,12,5,11,5,11,6,12,6,12,6,12,7,12,7,12]
[1;31mE (26133) wifi:Invalid value(6) for Frm Count, Valid options - 0/8/16/24/32/64[0m
csi_data,[0,0,9,11,9,10,9,10,9,10,9,9,9,9,9,8,10,8,10,7,10,7,11,6,11,6,11,6,12,5,12,6,12,6,12,6,12,7,13,7,12,8,12,8,11,8,11,9,10,9,9,9,9,10,0,0,0,0,0,0,0,0,0,0,0,0,0,0,0,0,0,0,0,0,0,0,7,8,6,9,6,9,6,10,5,11,5,11,4,11,4,12,4,12,4,12,3,12,3,11,4,11,4,11,4,10,4,11,5,10,6,10,6,10,7,10,7,10,8,10,8,10,8,10,9,11,9,11]
[1;31mE (27133) wifi:Invalid value(6) for Frm Count, Valid options - 0/8/16/24/32/64[0m
csi_data,[0,0,-15,0,-15,0,-14,0,-15,0,-14,1,-14,1,-14,1,-13,2,-14,3,-13,3,-13,4,-13,4,-13,5,-13,5,-13,5,-13,6,-14,5,-14,5,-15,5,-15,4,-15,4,-15,3,-15,2,-15,2,-14,1,-14,0,0,0,0,0,0,0,0,0,0,0,0,0,0,0,0,0,0,0,0,0,0,0,-11,-1,-11,-2,-12,-3,-12,-3,-12,-4,-12,-4,-12,-5,-12,-5,-12,-5,-12,-6,-12,-6,-12,-6,-12,-5,-12,-5,-12,-5,-12,-4,-12,-4,-12,-3,-13,-2,-13,-2,-14,-2,-14,-2,-14,-1,-14,-1,-15,-1,-14,-1]
[1;31mE (28133) wifi:Invalid value(6) for Frm Count, Valid options - 0/8/16/24/32/64[0m
csi_data,[0,0,-6,-14,-6,-14,-6,-13,-7,-13,-7,-13,-7,-13,-7,-12,-8,-12,-8,-11,-8,-11,-9,-11,-9,-10,-9,-10,-10,-10,-11,-10,-11,-10,-11,-11,-11,-11,-11,-11,-10,-12,-9,-12,-9,-12,-8,-12,-7,-13,-7,-13,-5,-13,0,0,0,0,0,0,0,0,0,0,0,0,0,0,0,0,0,0,0,0,0,0,-4,-11,-4,-11,-3,-12,-2,-12,-2,-13,-2,-13,-1,-13,-1,-13,-1,-14,0,-13,0,-13,0,-13,0,-13,0,-13,-1,-13,-2,-13,-2,-13,-3,-13,-3,-13,-4,-13,-4,-13,-5,-13,-5,-14,-5,-14,-5,-14,-6,-14]
[1;31mE (29133) wifi:Invalid value(6) for Frm Count, Valid options - 0/8/16/24/32/64[0m
csi_data,[0,0,-14,-2,-14,-2,-14,-2,-14,-2,-14,-1,-14,-1,-13,0,-13,0,-12,0,-13,1,-13,2,-13,2,-12,3,-13,3,-13,3,-13,3,-14,3,-14,3,-15,2,-14,2,-15,2,-14,1,-14,0,-14,-1,-13,-1,-13,-2,0,0,0,0,0,0,0,0,0,0,0,0,0,0,0,0,0,0,0,0,0,0,-12,-2,-12,-3,-13,-3,-12,-4,-13,-4,-13,-5,-13,-6,-12,-6,-12,-7,-12,-7,-12,-7,-12,-7,-12,-6,-11,-7,-12,-6,-12,-6,-12,-5,-12,-5,-12,-4,-13,-3,-13,-3,-14,-3,-14,-3,-14,-3,-14,-3,-15,-2]
[1;31mE (30133) wifi:Invalid value(6) for Frm Count, Valid options - 0/8/16/24/32/64[0m
csi_data,[0,0,-12,-8,-12,-8,-12,-8,-12,-8,-12,-7,-12,-6,-12,-6,-12,-5,-12,-5,-13,-4,-13,-4,-13,-4,-13,-4,-13,-3,-14,-3,-14,-3,-15,-3,-14,-3,-15,-3,-15,-4,-15,-5,-14,-5,-14,-6,-13,-6,-12,-7,-12,-8,0,0,0,0,0,0,0,0,0,0,0,0,0,0,0,0,0,0,0,0,0,0,-11,-8,-10,-8,-10,-9,-10,-9,-9,-10,-9,-11,-9,-11,-9,-12,-8,-12,-8,-12,-7,-12,-7,-12,-7,-11,-7,-11,-8,-10,-8,-11,-9,-10,-9,-10,-9,-9,-10,-9,-10,-9,-11,-9,-12,-9,-11,-9,-11,-9,-11,-9]
[1;31mE (31133) wifi:Invalid value(6) for Frm Count, Valid options - 0/8/16/24/32/64[0m
csi_data,[0,0,11,-6,11,-7,11,-7,11,-7,11,-7,10,-7,10,-8,9,-8,8,-8,8,-8,8,-9,7,-9,8,-9,7,-10,7,-11,7,-11,8,-11,8,-11,8,-11,8,-11,9,-11,9,-10,10,-9,10,-9,10,-8,10,-7,0,0,0,0,0,0,0,0,0,0,0,0,0,0,0,0,0,0,0,0,0,0,10,-5,11,-4,11,-4,11,-4,12,-3,12,-2,13,-2,12,-2,13,-1,13,-1,12,0,12,-1,12,-1,12,-1,11,-2,11,-2,11,-2,12,-3,11,-4,11,-4,11,-5,12,-5,12,-5,12,-5,12,-5,12,-6]
[1;31mE (32133) wifi:Invalid value(6) for Frm Count, Valid options - 0/8/16/24/32/64[0m
csi_data,[0,0,7,12,6,12,7,12,7,11,7,11,7,11,7,10,7,9,7,9,9,8,9,8,9,7,9,8,10,7,10,8,10,8,10,8,10,8,10,9,10,10,9,10,8,10,8,10,8,10,7,10,6,11,0,0,0,0,0,0,0,0,0,0,0,0,0,0,0,0,0,0,0,0,0,0,6,9,6,10,5,11,5,11,5,12,4,12,3,13,3,13,2,13,2,13,3,13,2,12,3,12,2,12,3,11,3,12,3,12,4,12,4,11,4,12,5,12,5,12,7,12,6,12,7,12,7,12]
[1;31mE (33133) wifi:Invalid value(6) for Frm Count, Valid options - 0/8/16/24/32/64[0m
csi_data,[0,0,-5,-14,-5,-14,-5,-13,-5,-14,-5,-13,-6,-12,-6,-12,-6,-12,-7,-12,-7,-11,-8,-10,-8,-10,-9,-10,-9,-10,-10,-10,-10,-11,-9,-11,-10,-11,-9,-12,-9,-12,-9,-13,-8,-13,-7,-13,-7,-13,-6,-13,-5,-13,0,0,0,0,0,0,0,0,0,0,0,0,0,0,0,0,0,0,0,0,0,0,-5,-11,-4,-11,-4,-12,-3,-12,-2,-13,-2,-14,-1,-14,-1,-14,0,-14,0,-14,0,-14,0,-14,0,-13,0,-13,-1,-13,-1,-13,-1,-13,-2,-13,-2,-13,-2,-13,-3,-13,-3,-14,-4,-14,-4,-14,-4,-13,-5,-14]
[1;31mE (34133) wifi:Invalid value(6) for Frm Count, Valid options - 0/8/16/24/32/64[0m
csi_data,[0,0,13,-6,12,-6,12,-7,12,-7,12,-7,11,-7,11,-8,11,-8,10,-8,9,-9,9,-9,9,-9,9,-10,9,-10,9,-10,9,-11,9,-11,10,-11,10,-10,10,-10,11,-10,11,-9,11,-9,11,-8,11,-7,12,-6,0,0,0,0,0,0,0,0,0,0,0,0,0,0,0,0,0,0,0,0,0,0,10,-5,10,-5,11,-4,11,-4,12,-4,12,-3,12,-2,12,-2,13,-2,13,-1,12,-1,13,-1,12,-2,12,-2,12,-2,11,-2,11,-3,12,-3,12,-4,12,-4,12,-5,12,-5,12,-5,13,-6,13,-6,13,-7]
[1;31mE (35133) wifi:Invalid value(6) for Frm Count, Valid options - 0/8/16/24/32/64[0m
csi_data,[0,0,4,13,4,13,4,13,5,12,5,12,5,12,6,11,6,11,7,10,7,10,7,10,8,10,8,9,9,9,9,9,9,9,9,10,9,10,9,11,9,11,9,11,8,11,7,11,6,12,6,12,5,12,0,0,0,0,0,0,0,0,0,0,0,0,0,0,0,0,0,0,0,0,0,0,3,11,3,11,2,11,1,12,1,12,0,13,0,13,-1,13,-1,13,-2,13,-1,12,-1,13,-1,12,-1,12,-1,12,0,12,0,13,1,12,1,12,2,12,2,12,3,13,3,12,3,13,4,13,4,14]
[1;31mE (36133) wifi:Invalid value(6) for Frm Count, Valid options - 0/8/16/24/32/64[0m
csi_data,[0,0,11,8,12,8,11,8,11,8,11,7,11,7,11,6,11,5,11,5,12,5,12,5,12,4,12,4,12,3,13,3,13,3,14,3,14,3,14,4,14,4,14,5,13,5,13,6,12,7,11,8,10,8,0,0,0,0,0,0,0,0,0,0,0,0,0,0,0,0,0,0,0,0,0,0,8,6,8,7,8,8,7,8,8,9,7,10,7,10,7,10,7,11,6,11,6,11,6,11,6,11,6,10,6,10,7,10,7,9,8,9,8,9,9,8,9,9,9,8,10,8,10,9,10,9,11,8]
[1;31mE (37133) wifi:Invalid value(6) for Frm Count, Valid options - 0/8/16/24/32/64[0m
csi_data,[0,0,13,4,14,3,13,3,13,3,13,2,12,2,12,1,12,1,12,1,12,0,12,-1,13,-1,13,-2,13,-2,13,-2,14,-2,13,-3,14,-2,15,-2,14,-1,14,-1,14,0,14,1,13,1,13,2,13,3,0,0,0,0,0,0,0,0,0,0,0,0,0,0,0,0,0,0,0,0,0,0,10,3,10,4,11,4,10,5,10,6,11,6,11,7,10,7,10,8,10,8,9,8,10,8,10,7,10,7,10,6,10,7,10,6,11,6,11,5,11,5,11,5,12,5,13,4,13,4,13,4,14,4]
[1;31mE (38133) wifi:Invalid value(6) for Frm Count, Valid options - 0/8/16/24/32/64[0m
csi_data,[0,0,-5,13,-5,14,-4,13,-4,13,-4,12,-4,12,-3,12,-2,12,-2,12,-1,12,-1,12,0,12,0,12,1,12,1,13,1,13,1,13,0,13,0,14,0,13,-1,13,-2,13,-3,13,-3,12,-3,12,-4,12,0,0,0,0,0,0,0,0,0,0,0,0,0,0,0,0,0,0,0,0,0,0,-3,11,-4,10,-5,11,-6,11,-6,11,-6,11,-7,11,-8,11,-8,10,-8,11,-8,10,-8,10,-8,10,-8,10,-7,10,-7,11,-6,10,-6,11,-6,11,-6,11,-6,12,-5,12,-5,13,-5,13,-5,13,-4,13]
[1;31mE (39133) wifi:Invalid value(6) for Frm Count, Valid options - 0/8/16/24/32/64[0m
csi_data,[0,0,-9,10,-9,10,-9,10,-8,11,-7,10,-8,10,-8,10,-7,10,-6,10,-5,11,-5,11,-5,11,-4,11,-4,12,-4,12,-4,13,-5,13,-5,13,-6,13,-6,13,-7,12,-7,12,-7,12,-8,12,-8,11,-9,10,0,0,0,0,0,0,0,0,0,0,0,0,0,0,0,0,0,0,0,0,0,0,-7,9,-8,8,-9,8,-9,8,-10,8,-10,8,-12,7,-11,7,-12,6,-12,6,-12,6,-11,6,-11,6,-11,6,-10,6,-10,7,-10,7,-9,7,-10,7,-10,8,-9,8,-10,9,-9,10,-9,10,-9,11,-9,10]
[1;31mE (40133) wifi:Invalid value(6) for Frm Count, Valid options - 0/8/16/24/32/64[0m
csi_data,[0,0,-14,-4,-14,-4,-14,-4,-14,-4,-14,-3,-14,-3,-14,-2,-13,-2,-13,-2,-13,-1,-14,0,-14,0,-14,1,-15,1,-15,2,-15,2,-15,1,-16,1,-16,0,-16,0,-17,-2,-16,-1,-15,-2,-15,-3,-15,-4,-15,-5,0,0,0,0,0,0,0,0,0,0,0,0,0,0,0,0,0,0,0,0,0,0,-11,-4,-10,-5,-10,-6,-10,-6,-11,-7,-10,-8,-10,-9,-10,-9,-10,-9,-9,-9,-10,-9,-9,-9,-10,-8,-10,-8,-10,-8,-10,-8,-10,-7,-11,-7,-11,-6,-11,-6,-12,-6,-12,-6,-13,-5,-13,-5,-13,-5,-14,-5]
[1;31mE (41133) wifi:Invalid value(6) for Frm Count, Valid options - 0/8/16/24/32/64[0m
csi_data,[0,0,-14,-4,-15,-4,-14,-3,-15,-4,-13,-3,-14,-3,-14,-2,-13,-1,-14,-1,-14,0,-14,0,-13,1,-14,1,-13,1,-15,2,-14,1,-15,1,-15,1,-15,1,-15,0,-15,0,-15,-1,-15,-2,-14,-3,-13,-3,-13,-4,0,0,0,0,0,0,0,0,0,0,0,0,0,0,0,0,0,0,0,0,0,0,-11,-4,-11,-4,-11,-5,-11,-6,-12,-7,-11,-7,-11,-8,-11,-8,-11,-8,-11,-9,-10,-8,-10,-8,-10,-7,-10,-8,-10,-7,-11,-7,-11,-6,-12,-6,-11,-5,-12,-5,-12,-5,-13,-5,-14,-5,-14,-4,-14,-4,-14,-4]
[1;31mE (42133) wifi:Invalid value(6) for Frm Count, Valid options - 0/8/16/24/32/64[0m
csi_data,[0,0,9,-11,9,-11,8,-11,9,-11,8,-11,8,-11,8,-11,7,-11,6,-11,6,-12,6,-12,5,-13,5,-13,5,-13,5,-14,5,-14,6,-14,5,-14,6,-14,7,-13,7,-13,8,-12,8,-12,9,-11,9,-10,9,-9,0,0,0,0,0,0,0,0,0,0,0,0,0,0,0,0,0,0,0,0,0,0,7,-9,8,-8,9,-8,9,-7,10,-8,10,-7,11,-6,11,-6,11,-6,11,-6,11,-5,11,-6,11,-6,11,-6,10,-6,10,-6,10,-7,9,-8,9,-8,9,-8,9,-9,9,-9,9,-10,9,-10,9,-10,9,-11]
[1;31mE (43133) wifi:Invalid value(6) for Frm Count, Valid options - 0/8/16/24/32/64[0m
csi_data,[0,0,9,-11,9,-11,9,-11,8,-11,7,-11,8,-11,7,-11,7,-12,6,-11,6,-12,5,-12,4,-13,4,-13,4,-13,4,-14,4,-14,5,-14,5,-14,6,-14,6,-14,6,-13,7,-13,7,-12,7,-12,8,-11,8,-10,0,0,0,0,0,0,0,0,0,0,0,0,0,0,0,0,0,0,0,0,0,0,8,-8,9,-8,9,-8,10,-7,11,-7,11,-7,11,-6,12,-6,12,-6,12,-5,11,-5,11,-5,11,-5,10,-5,10,-6,10,-6,10,-6,10,-7,9,-8,9,-8,10,-8,9,-9,9,-10,9,-10,9,-11,9,-11]
[1;31mE (44133) wifi:Invalid value(6) for Frm Count, Valid options - 0/8/16/24/32/64[0m
csi_data,[0,0,-15,-3,-14,-3,-15,-3,-14,-2,-14,-2,-14,-2,-14,-2,-13,-1,-13,0,-13,0,-13,1,-13,1,-14,2,-14,2,-14,2,-15,2,-14,2,-15,2,-15,1,-15,1,-15,0,-15,0,-15,-1,-14,-2,-14,-3,-14,-3,0,0,0,0,0,0,0,0,0,0,0,0,0,0,0,0,0,0,0,0,0,0,-12,-3,-11,-4,-12,-5,-12,-6,-12,-6,-12,-7,-11,-7,-11,-8,-11,-8,-11,-8,-11,-8,-11,-8,-11,-7,-11,-7,-11,-7,-11,-6,-11,-6,-11,-5,-12,-5,-12,-5,-13,-4,-13,-4,-13,-4,-14,-3,-14,-3,-14,-4]
[1;31mE (45133) wifi:Invalid value(6) for Frm Count, Valid options - 0/8/16/24/32/64[0m
csi_data,[0,0,14,1,13,0,13,0,13,0,13,-1,13,-1,13,-1,12,-2,12,-2,12,-3,12,-3,12,-4,12,-4,12,-4,13,-4,13,-4,13,-4,14,-4,14,-3,14,-3,14,-2,14,-1,13,-1,13,0,13,1,12,2,0,0,0,0,0,0,0,0,0,0,0,0,0,0,0,0,0,0,0,0,0,0,11,0,11,1,11,1,11,2,11,3,12,3,12,4,11,4,11,5,11,5,11,5,10,5,11,4,11,4,11,4,10,4,11,3,11,3,12,2,12,2,12,1,13,1,12,1,13,1,13,1,14,0]
[1;31mE (46133) wifi:Invalid value(6) for Frm Count, Valid options - 0/8/16/24/32/64[0m
csi_data,[0,0,8,-12,8,-12,8,-12,8,-12,7,-12,7,-12,6,-12,6,-12,5,-12,5,-12,4,-13,4,-13,4,-13,3,-14,3,-13,4,-14,4,-14,4,-14,5,-14,5,-14,5,-14,6,-13,6,-13,7,-12,7,-11,8,-10,0,0,0,0,0,0,0,0,0,0,0,0,0,0,0,0,0,0,0,0,0,0,7,-9,8,-9,8,-9,9,-8,10,-8,10,-8,11,-7,11,-7,11,-7,11,-7,11,-6,10,-6,11,-7,10,-7,10,-7,9,-7,9,-8,9,-8,9,-9,9,-9,9,-10,9,-10,8,-10,8,-11,8,-12,8,-12]
[1;31mE (47133) wifi:Invalid value(6) for Frm Count, Valid options - 0/8/16/24/32/64[0m
csi_data,[0,0,5,-13,5,-13,5,-13,5,-13,4,-14,4,-13,3,-13,3,-13,2,-13,1,-13,1,-13,0,-13,1,-13,1,-14,0,-14,0,-15,0,-15,0,-15,1,-15,2,-15,2,-15,3,-14,3,-14,4,-13,4,-13,5,-12,0,0,0,0,0,0,0,0,0,0,0,0,0,0,0,0,0,0,0,0,0,0,4,-10,5,-10,6,-10,7,-10,7,-10,8,-10,8,-10,9,-10,9,-9,9,-9,9,-9,9,-9,9,-9,8,-9,8,-9,7,-9,7,-10,7,-10,7,-11,6,-11,6,-11,6,-12,6,-12,6,-13,6,-13,5,-13]
[1;31mE (48133) wifi:Invalid value(6) for Frm Count, Valid options - 0/8/16/24/32/64[0m
csi_data,[0,0,2,-15,1,-15,1,-14,1,-15,1,-14,0,-14,0,-14,-1,-13,-2,-13,-2,-13,-2,-14,-2,-13,-3,-13,-3,-13,-4,-14,-4,-14,-4,-15,-3,-14,-3,-15,-3,-15,-2,-15,-1,-15,0,-14,0,-14,1,-14,2,-13,0,0,0,0,0,0,0,0,0,0,0,0,0,0,0,0,0,0,0,0,0,0,2,-12,3,-11,4,-12,4,-12,5,-12,5,-12,6,-12,6,-12,6,-12,7,-11,7,-10,7,-11,7,-11,6,-10,6,-11,5,-12,5,-11,4,-12,4,-12,3,-13,3,-13,3,-14,2,-14,3,-14,3,-14,3,-14]
[1;31mE (49133) wifi:Invalid value(6) for Frm Count, Valid options - 0/8/16/24/32/64[0m
csi_data,[0,0,1,-15,1,-15,1,-15,1,-14,1,-15,0,-14,-1,-14,-1,-14,-2,-13,-2,-13,-2,-14,-3,-13,-3,-14,-3,-14,-4,-14,-4,-14,-4,-15,-3,-15,-3,-15,-3,-15,-2,-15,-1,-14,0,-14,0,-15,1,-14,2,-13,0,0,0,0,0,0,0,0,0,0,0,0,0,0,0,0,0,0,0,0,0,0,1,-11,2,-12,2,-12,3,-12,4,-12,5,-13,5,-13,5,-12,6,-12,6,-12,6,-11,6,-11,6,-11,5,-11,5,-11,4,-12,4,-12,3,-12,4,-12,2,-13,2,-13,2,-14,2,-14,2,-14,2,-14,2,-15]
[1;31mE (50133) wifi:Invalid value(6) for Frm Count, Valid options - 0/8/16/24/32/64[0m
csi_data,[0,0,10,10,9,9,9,9,10,9,10,8,10,8,9,8,10,7,10,7,10,6,11,6,11,5,11,5,11,5,12,5,12,5,12,5,12,6,12,6,12,7,12,8,11,8,11,8,10,8,10,8,9,9,0,0,0,0,0,0,0,0,0,0,0,0,0,0,0,0,0,0,0,0,0,0,8,7,8,8,7,8,7,9,7,9,7,10,6,11,6,11,6,11,5,11,5,11,5,11,5,10,5,10,6,10,6,10,6,10,7,9,7,9,7,10,8,10,8,9,9,10,9,9,10,9,10,9]
[1;31mE (51133) wifi:Invalid value(6) for Frm Count, Valid options - 0/8/16/24/32/64[0m
csi_data,[0,0,-14,-6,-13,-5,-14,-5,-14,-5,-13,-4,-13,-4,-13,-3,-13,-2,-13,-2,-13,-1,-13,-1,-13,0,-13,0,-13,1,-13,1,-13,1,-14,1,-14,0,-14,0,-14,0,-14,-1,-14,-1,-13,-2,-13,-2,-13,-3,-12,-4,0,0,0,0,0,0,0,0,0,0,0,0,0,0,0,0,0,0,0,0,0,0,-12,-4,-12,-6,-12,-6,-11,-7,-12,-7,-12,-9,-11,-9,-11,-10,-11,-10,-10,-10,-10,-10,-10,-10,-10,-9,-10,-9,-10,-9,-11,-8,-11,-8,-11,-7,-11,-7,-12,-7,-12,-6,-13,-6,-13,-6,-13,-6,-14,-5,-13,-6]
[1;31mE (52133) wifi:Invalid value(6) for Frm Count, Valid options - 0/8/16/24/32/64[0m
csi_data,[0,0,14,-2,13,-2,13,-3,13,-2,13,-3,12,-3,12,-4,12,-4,12,-4,11,-5,11,-6,11,-7,11,-7,12,-8,11,-7,13,-8,12,-8,13,-8,13,-7,13,-6,14,-6,14,-5,13,-5,14,-4,14,-3,14,-3,0,0,0,0,0,0,0,0,0,0,0,0,0,0,0,0,0,0,0,0,0,0,11,0,12,1,11,1,12,2,12,2,12,3,12,4,12,4,12,4,11,4,12,4,11,4,11,3,11,3,12,3,11,2,11,2,11,1,12,1,12,1,12,0,12,0,13,0,13,-1,13,-1,14,-2]
[1;31mE (53133) wifi:Invalid value(6) for Frm Count, Valid options - 0/8/16/24/32/64[0m
csi_data,[0,0,-1,13,-1,13,-1,12,0,13,0,12,0,12,0,11,1,11,1,11,3,11,3,11,3,11,3,10,4,10,5,11,5,11,5,11,5,11,4,12,4,12,3,13,2,12,2,12,2,12,1,12,0,12,0,0,0,0,0,0,0,0,0,0,0,0,0,0,0,0,0,0,0,0,0,0,-1,13,-2,13,-3,14,-4,13,-5,14,-5,13,-6,13,-7,13,-7,12,-7,12,-7,12,-7,12,-7,11,-6,11,-6,11,-5,11,-4,11,-4,12,-4,12,-4,12,-3,12,-3,12,-2,13,-2,13,-2,13,-2,12]
[1;31mE (54133) wifi:Invalid value(6) for Frm Count, Valid options - 0/8/16/24/32/64[0m
csi_data,[0,0,-12,7,-12,7,-11,8,-11,7,-11,8,-10,8,-10,8,-10,9,-9,9,-9,9,-8,10,-8,10,-8,11,-8,11,-8,11,-8,12,-9,12,-9,12,-10,12,-10,11,-11,11,-11,11,-12,10,-12,9,-12,8,-13,7,0,0,0,0,0,0,0,0,0,0,0,0,0,0,0,0,0,0,0,0,0,0,-11,5,-12,4,-13,4,-13,3,-13,2,-13,2,-14,1,-14,1,-13,0,-13,0,-13,0,-13,0,-13,1,-12,1,-12,1,-12,2,-12,2,-11,3,-12,3,-11,4,-12,4,-12,5,-11,5,-12,6,-12,6,-12,6]
[1;31mE (55133) wifi:Invalid value(6) for Frm Count, Valid options - 0/8/16/24/32/64[0m
csi_data,[0,0,12,4,12,3,12,3,13,3,12,2,12,2,13,1,12,1,12,0,13,-1,13,-1,13,-2,13,-2,13,-2,15,-3,14,-3,15,-3,16,-2,16,-2,16,-1,16,0,16,1,16,2,15,2,15,3,14,4,0,0,0,0,0,0,0,0,0,0,0,0,0,0,0,0,0,0,0,0,0,0,10,6,10,7,10,7,9,8,9,9,9,9,8,10,8,10,8,10,7,10,8,10,7,9,8,9,7,8,7,7,8,7,8,7,9,6,9,6,9,5,10,5,10,5,11,5,11,4,12,4,12,4]
[1;31mE (56133) wifi:Invalid value(6) for Frm Count, Valid options - 0/8/16/24/32/64[0m
csi_data,[0,0,-1,13,-1,13,-1,13,0,13,0,13,1,13,1,13,2,12,2,12,3,12,4,12,4,12,4,12,5,13,5,13,5,13,5,14,5,15,5,15,4,15,4,15,3,15,2,15,1,15,0,15,-1,15,0,0,0,0,0,0,0,0,0,0,0,0,0,0,0,0,0,0,0,0,0,0,-4,11,-5,11,-6,11,-7,11,-7,10,-8,11,-8,10,-8,10,-8,10,-8,9,-8,9,-8,9,-7,9,-7,9,-6,9,-6,9,-5,10,-4,10,-4,10,-4,11,-3,11,-3,11,-3,12,-2,12,-2,12,-1,13]
[1;31mE (57133) wifi:Invalid value(6) for Frm Count, Valid options - 0/8/16/24/32/64[0m
csi_data,[0,0,-6,12,-6,12,-5,12,-5,12,-5,12,-5,12,-4,12,-3,12,-3,12,-2,13,-2,13,-1,13,-1,13,-1,13,0,14,0,14,-1,15,-1,15,-1,15,-2,16,-3,16,-4,15,-5,15,-6,14,-6,14,-7,13,0,0,0,0,0,0,0,0,0,0,0,0,0,0,0,0,0,0,0,0,0,0,-8,9,-9,8,-10,8,-10,8,-11,8,-11,7,-11,7,-11,6,-11,6,-12,6,-11,6,-11,6,-11,6,-10,6,-10,6,-9,7,-9,7,-8,8,-8,8,-8,9,-7,9,-7,9,-7,10,-7,10,-7,11,-6,11]
[1;31mE (58133) wifi:Invalid value(6) for Frm Count, Valid options - 0/8/16/24/32/64[0m
csi_data,[0,0,7,11,7,11,7,10,8,10,8,10,8,9,8,9,9,8,9,8,10,8,10,8,10,7,11,7,11,7,12,7,12,8,12,8,13,8,13,9,12,10,12,10,11,11,10,11,9,11,8,12,8,12,0,0,0,0,0,0,0,0,0,0,0,0,0,0,0,0,0,0,0,0,0,0,4,11,3,12,2,12,2,12,2,12,1,13,1,13,0,12,0,12,0,12,0,12,0,12,0,11,0,11,1,10,2,11,2,10,3,10,3,10,4,10,4,11,5,11,5,11,6,11,6,11,7,11]
[1;31mE (59133) wifi:Invalid value(6) for Frm Count, Valid options - 0/8/16/24/32/64[0m
csi_data,[0,0,-3,-14,-2,-14,-3,-14,-3,-14,-4,-14,-4,-14,-4,-14,-5,-13,-5,-13,-6,-12,-7,-13,-8,-12,-8,-13,-8,-13,-8,-13,-9,-14,-9,-14,-9,-14,-8,-15,-8,-15,-7,-16,-6,-16,-6,-15,-5,-15,-5,-16,-3,-16,0,0,0,0,0,0,0,0,0,0,0,0,0,0,0,0,0,0,0,0,0,0,1,-13,2,-13,2,-13,3,-13,4,-13,4,-13,5,-13,5,-13,5,-12,5,-12,5,-12,5,-12,4,-12,4,-12,4,-12,3,-12,2,-12,1,-12,1,-12,1,-12,0,-13,0,-13,-1,-13,-2,-13,-2,-14,-2,-14]
[1;31mE (60133) wifi:Invalid value(6) for Frm Count, Valid options - 0/8/16/24/32/64[0m
csi_data,[0,0,-13,-6,-13,-6,-13,-5,-13,-5,-13,-4,-13,-4,-13,-4,-13,-3,-13,-2,-13,-2,-14,-2,-14,-1,-14,-1,-15,0,-15,0,-16,0,-16,0,-16,-1,-17,-1,-17,-2,-17,-3,-16,-3,-16,-4,-15,-5,-15,-6,-14,-7,0,0,0,0,0,0,0,0,0,0,0,0,0,0,0,0,0,0,0,0,0,0,-10,-8,-10,-8,-9,-9,-9,-10,-9,-10,-9,-11,-8,-11,-8,-11,-8,-11,-7,-11,-7,-11,-7,-11,-7,-10,-7,-10,-8,-9,-8,-9,-8,-8,-9,-8,-9,-7,-10,-7,-10,-7,-11,-7,-12,-7,-12,-6,-12,-6,-12,-6]
[1;31mE (61133) wifi:Invalid value(6) for Frm Count, Valid options - 0/8/16/24/32/64[0m
csi_data,[0,0,12,-5,12,-6,11,-6,12,-6,11,-7,11,-7,11,-7,10,-8,10,-8,10,-9,9,-9,9,-10,9,-10,9,-11,10,-11,10,-11,11,-12,10,-11,11,-12,12,-11,12,-11,12,-10,13,-9,13,-8,13,-7,13,-6,0,0,0,0,0,0,0,0,0,0,0,0,0,0,0,0,0,0,0,0,0,0,12,-2,12,-2,12,-1,12,0,13,0,12,0,12,1,13,1,12,2,12,2,12,2,12,2,11,1,11,1,11,1,11,0,11,0,11,-1,11,-2,11,-2,11,-3,12,-3,12,-4,11,-5,12,-4,12,-5]
[1;31mE (62133) wifi:Invalid value(6) for Frm Count, Valid options - 0/8/16/24/32/64[0m
csi_data,[0,0,5,12,5,11,6,11,6,11,6,11,6,10,6,10,7,10,7,9,8,9,9,9,9,8,10,8,10,9,11,9,11,9,11,10,11,10,11,11,10,12,10,12,9,13,8,13,8,13,7,13,5,14,0,0,0,0,0,0,0,0,0,0,0,0,0,0,0,0,0,0,0,0,0,0,2,11,2,12,1,12,0,12,0,12,-1,13,-2,13,-2,13,-2,12,-2,12,-2,12,-2,12,-2,11,-1,11,-1,11,0,11,0,11,1,11,1,11,2,11,2,11,3,11,3,11,4,11,4,11,5,12]
[1;31mE (63133) wifi:Invalid value(6) for Frm Count, Valid options - 0/8/16/24/32/64[0m
csi_data,[0,0,-4,-13,-4,-13,-5,-13,-5,-13,-5,-13,-5,-12,-5,-12,-6,-12,-7,-11,-8,-11,-8,-11,-8,-11,-9,-11,-10,-11,-10,-11,-10,-12,-10,-12,-10,-13,-10,-13,-9,-13,-9,-14,-8,-14,-7,-15,-7,-15,-6,-15,-5,-15,0,0,0,0,0,0,0,0,0,0,0,0,0,0,0,0,0,0,0,0,0,0,0,-13,1,-13,1,-13,2,-13,2,-13,3,-13,4,-13,4,-13,4,-12,4,-12,4,-12,4,-12,3,-12,3,-12,2,-12,2,-11,1,-11,1,-11,0,-12,0,-12,-1,-12,-1,-12,-2,-13,-3,-13,-3,-13,-3,-13]
[1;31mE (64133) wifi:Invalid value(6) for Frm Count, Valid options - 0/8/16/24/32/64[0m
csi_data,[0,0,-14,-1,-14,0,-14,0,-13,0,-14,1,-13,1,-13,2,-13,2,-13,3,-12,4,-13,4,-13,5,-13,6,-13,6,-13,6,-14,6,-14,6,-15,6,-16,5,-16,5,-16,4,-16,3,-16,3,-16,2,-16,1,-16,0,0,0,0,0,0,0,0,0,0,0,0,0,0,0,0,0,0,0,0,0,0,0,-12,-4,-12,-5,-12,-5,-12,-6,-12,-7,-12,-8,-11,-8,-11,-8,-10,-8,-11,-8,-11,-8,-10,-8,-10,-7,-10,-7,-11,-6,-10,-6,-11,-5,-11,-5,-11,-4,-11,-4,-12,-3,-12,-3,-12,-2,-13,-1,-13,-1,-13,-1]
[1;31mE (65133) wifi:Invalid value(6) for Frm Count, Valid options - 0/8/16/24/32/64[0m
csi_data,[0,0,12,-5,12,-6,11,-6,12,-6,11,-7,11,-7,11,-7,10,-8,10,-8,10,-9,9,-10,9,-10,9,-11,9,-11,10,-12,10,-12,10,-12,10,-12,11,-12,12,-11,13,-11,13,-10,13,-9,13,-9,14,-8,14,-7,0,0,0,0,0,0,0,0,0,0,0,0,0,0,0,0,0,0,0,0,0,0,12,-1,12,-1,13,0,13,0,13,1,13,2,13,2,12,3,12,3,12,3,12,3,12,3,11,2,11,2,11,1,11,1,11,0,11,-1,11,-1,11,-2,11,-2,11,-3,12,-3,12,-4,12,-4,12,-5]
[1;31mE (66133) wifi:Invalid value(6) for Frm Count, Valid options - 0/8/16/24/32/64[0m
csi_data,[0,0,5,12,6,11,5,11,7,11,7,11,7,10,7,10,8,9,8,9,9,9,9,9,10,8,10,8,11,8,12,8,12,8,12,9,12,9,12,9,12,10,11,11,11,12,10,12,9,12,8,13,7,13,0,0,0,0,0,0,0,0,0,0,0,0,0,0,0,0,0,0,0,0,0,0,2,12,1,12,0,13,-1,12,-1,13,-1,13,-2,13,-2,13,-2,13,-3,13,-3,12,-3,12,-2,11,-2,11,-1,11,0,11,0,11,1,11,1,11,2,11,2,11,3,11,4,12,4,11,4,12,5,11]
[1;31mE (67133) wifi:Invalid value(6) for Frm Count, Valid options - 0/8/16/24/32/64[0m
csi_data,[0,0,-14,4,-14,4,-13,5,-14,4,-13,5,-13,5,-12,5,-12,6,-12,6,-12,7,-12,7,-11,8,-11,8,-11,8,-12,9,-12,9,-13,10,-13,9,-13,9,-14,9,-14,8,-14,7,-15,7,-15,6,-14,5,-15,4,0,0,0,0,0,0,0,0,0,0,0,0,0,0,0,0,0,0,0,0,0,0,-12,1,-12,0,-12,0,-12,-1,-13,-1,-13,-1,-13,-2,-13,-2,-12,-2,-13,-3,-12,-3,-12,-3,-12,-2,-12,-2,-12,-1,-12,-1,-12,-1,-12,0,-12,1,-12,2,-13,2,-13,2,-13,3,-13,3,-13,3,-13,3]
[1;31mE (68133) wifi:Invalid value(6) for Frm Count, Valid options - 0/8/16/24/32/64[0m
csi_data,[0,0,-2,13,-2,13,-2,13,-1,12,-2,13,-1,12,-1,12,0,11,1,11,1,11,2,11,2,11,3,11,3,11,3,11,3,11,3,11,4,12,3,12,3,12,2,13,2,12,1,12,1,12,0,12,-1,11,0,0,0,0,0,0,0,0,0,0,0,0,0,0,0,0,0,0,0,0,0,0,-2,11,-2,12,-3,12,-4,12,-5,12,-5,12,-6,12,-6,12,-7,12,-7,11,-7,11,-7,11,-7,11,-6,11,-6,11,-5,11,-5,11,-4,11,-4,12,-4,12,-3,12,-3,13,-3,13,-3,13,-2,13,-2,14]
[1;31mE (69133) wifi:Invalid value(6) for Frm Count, Valid options - 0/8/16/24/32/64[0m
csi_data,[0,0,13,4,13,3,12,3,12,3,12,3,12,2,12,2,12,1,12,1,12,0,12,-1,12,-1,12,-1,12,-2,13,-1,13,-2,13,-2,13,-2,14,-1,14,-1,14,0,14,1,14,1,13,2,13,3,12,4,0,0,0,0,0,0,0,0,0,0,0,0,0,0,0,0,0,0,0,0,0,0,11,3,11,3,11,4,10,5,11,6,11,6,10,7,10,7,11,8,10,8,9,8,9,8,9,7,9,7,9,7,10,7,10,6,10,6,10,5,11,5,11,5,12,5,12,5,12,5,12,4,13,4]
[1;31mE (70133) wifi:Invalid value(6) for Frm Count, Valid options - 0/8/16/24/32/64[0m
csi_data,[0,0,-5,11,-6,11,-5,11,-5,11,-4,10,-3,10,-3,10,-2,10,-2,9,-1,9,-1,10,0,9,0,9,1,9,2,9,2,9,2,10,2,10,2,10,2,10,2,10,1,10,1,10,0,10,0,10,0,10,0,0,0,0,0,0,0,0,0,0,0,0,0,0,0,0,0,0,0,0,0,0,-5,14,-6,14,-7,14,-8,14,-9,14,-9,13,-10,13,-11,12,-11,12,-11,11,-11,11,-11,10,-11,10,-10,10,-10,10,-9,10,-9,10,-8,10,-8,11,-7,11,-7,11,-7,11,-7,12,-7,12,-7,12,-6,12]
[1;31mE (71133) wifi:Invalid value(6) for Frm Count, Valid options - 0/8/16/24/32/64[0m
csi_data,[0,0,-5,-12,-5,-12,-5,-11,-5,-11,-5,-10,-6,-10,-6,-9,-6,-8,-6,-8,-7,-7,-7,-7,-7,-6,-7,-6,-7,-6,-8,-6,-8,-5,-8,-5,-9,-5,-9,-5,-9,-6,-9,-6,-8,-6,-8,-6,-8,-6,-8,-6,-8,-7,0,0,0,0,0,0,0,0,0,0,0,0,0,0,0,0,0,0,0,0,0,0,-7,-14,-6,-14,-5,-16,-4,-16,-4,-16,-3,-16,-2,-17,-2,-16,-1,-16,-1,-16,0,-16,0,-15,0,-15,0,-14,-1,-14,-1,-14,-2,-14,-2,-13,-3,-13,-3,-13,-4,-13,-4,-14,-5,-13,-4,-13,-4,-13,-4,-13]
[1;31mE (72133) wifi:Invalid value(6) for Frm Count, Valid options - 0/8/16/24/32/64[0m
csi_data,[0,0,11,-5,10,-5,10,-5,10,-5,10,-6,9,-6,8,-7,8,-7,7,-7,7,-7,7,-8,6,-8,6,-9,6,-9,6,-10,6,-10,6,-11,6,-11,7,-12,7,-11,7,-11,8,-11,8,-10,9,-10,9,-10,10,-9,0,0,0,0,0,0,0,0,0,0,0,0,0,0,0,0,0,0,0,0,0,0,13,-5,14,-4,14,-3,14,-2,15,-2,15,-1,15,0,14,0,14,0,14,1,14,2,13,1,13,1,13,1,13,0,12,0,12,-1,12,-2,12,-2,12,-2,12,-3,12,-4,11,-4,12,-4,12,-4,12,-4]
[1;31mE (73133) wifi:Invalid value(6) for Frm Count, Valid options - 0/8/16/24/32/64[0m
csi_data,[0,0,-13,6,-13,6,-13,6,-12,6,-12,6,-11,6,-11,6,-10,7,-10,7,-10,8,-9,8,-9,8,-9,9,-9,9,-9,9,-9,10,-9,10,-9,10,-10,10,-10,9,-11,9,-11,9,-11,8,-11,7,-11,7,-12,6,0,0,0,0,0,0,0,0,0,0,0,0,0,0,0,0,0,0,0,0,0,0,-11,5,-12,5,-12,4,-13,4,-13,4,-14,3,-14,2,-14,2,-14,1,-14,1,-14,1,-14,1,-14,1,-13,1,-13,1,-13,2,-13,2,-13,3,-13,3,-13,4,-13,4,-13,4,-13,5,-13,5,-14,6,-13,6]
[1;31mE (74133) wifi:Invalid value(6) for Frm Count, Valid options - 0/8/16/24/32/64[0m
csi_data,[0,0,13,4,12,3,12,4,12,3,12,3,12,2,12,2,11,1,11,1,11,0,12,-1,11,-1,12,-2,12,-2,13,-2,13,-3,13,-2,14,-2,14,-2,14,-1,14,-1,14,0,14,0,14,1,14,2,13,3,0,0,0,0,0,0,0,0,0,0,0,0,0,0,0,0,0,0,0,0,0,0,10,3,11,4,11,5,11,6,10,6,11,7,10,8,10,8,10,9,10,8,9,9,9,8,9,8,9,8,9,7,9,7,10,7,10,6,10,6,11,6,11,5,11,5,11,5,12,5,12,5,13,4]
[1;31mE (75133) wifi:Invalid value(6) for Frm Count, Valid options - 0/8/16/24/32/64[0m
csi_data,[0,0,12,5,12,4,12,4,12,3,12,3,12,2,11,2,11,1,11,0,11,0,12,-1,11,-2,11,-2,12,-3,12,-3,13,-3,12,-3,13,-3,13,-3,14,-3,14,-2,14,-2,13,-1,14,0,13,1,13,2,0,0,0,0,0,0,0,0,0,0,0,0,0,0,0,0,0,0,0,0,0,0,12,5,12,6,12,6,12,7,12,8,12,8,11,9,11,10,10,10,10,10,9,10,9,10,9,10,9,9,9,8,9,8,10,8,10,7,11,7,11,6,11,6,12,5,12,6,12,5,12,6,12,5]
[1;31mE (76133) wifi:Invalid value(6) for Frm Count, Valid options - 0/8/16/24/32/64[0m
csi_data,[0,0,-1,13,-1,13,-1,12,0,12,1,12,0,12,1,11,2,11,2,10,3,10,3,10,4,10,4,10,5,10,6,10,6,10,6,11,6,11,6,11,6,11,6,12,5,12,4,12,3,12,3,12,2,12,0,0,0,0,0,0,0,0,0,0,0,0,0,0,0,0,0,0,0,0,0,0,-1,13,-2,13,-3,13,-4,13,-5,13,-5,14,-6,14,-6,13,-6,13,-7,12,-7,12,-7,12,-7,12,-6,11,-6,11,-5,12,-5,12,-4,12,-4,12,-3,12,-3,13,-2,13,-2,13,-2,13,-2,13,-2,13]
[1;31mE (77133) wifi:Invalid value(6) for Frm Count, Valid options - 0/8/16/24/32/64[0m
csi_data,[0,0,10,9,9,8,9,8,9,8,9,7,9,7,10,6,9,5,9,5,10,4,10,3,10,3,10,3,11,2,11,2,11,2,11,3,12,2,12,3,12,3,12,4,11,4,11,5,11,5,11,5,10,6,0,0,0,0,0,0,0,0,0,0,0,0,0,0,0,0,0,0,0,0,0,0,10,7,10,8,9,9,9,10,9,10,9,11,8,12,7,12,7,12,7,12,6,12,6,12,6,11,6,11,6,11,6,10,7,10,7,10,7,10,8,10,8,9,8,9,9,9,9,9,10,9,9,9]
[1;31mE (78133) wifi:Invalid value(6) for Frm Count, Valid options - 0/8/16/24/32/64[0m
csi_data,[0,0,3,13,2,12,3,12,3,11,3,11,3,11,4,10,4,10,5,9,5,9,6,9,6,8,7,8,7,8,8,8,8,9,8,9,9,9,8,9,8,10,8,10,7,11,6,10,6,10,6,11,5,11,0,0,0,0,0,0,0,0,0,0,0,0,0,0,0,0,0,0,0,0,0,0,3,12,3,13,2,13,1,14,1,14,0,14,-1,14,-1,14,-2,14,-2,14,-2,13,-2,14,-2,13,-2,13,-2,12,-1,13,-1,12,0,12,0,12,1,12,1,12,1,13,2,13,2,13,2,13,2,13]
[1;31mE (79133) wifi:Invalid value(6) for Frm Count, Valid options - 0/8/16/24/32/64[0m
csi_data,[0,0,9,-10,8,-10,8,-10,8,-10,7,-10,7,-10,6,-10,6,-10,5,-10,4,-10,4,-11,3,-11,2,-11,2,-12,2,-12,2,-12,2,-13,2,-13,2,-14,3,-13,3,-13,4,-14,5,-13,4,-13,5,-12,6,-12,0,0,0,0,0,0,0,0,0,0,0,0,0,0,0,0,0,0,0,0,0,0,9,-10,10,-9,11,-8,11,-8,12,-8,13,-7,13,-6,13,-6,13,-6,13,-5,13,-5,12,-5,12,-5,12,-5,12,-5,11,-6,11,-6,10,-7,10,-7,11,-7,10,-8,10,-9,10,-9,10,-9,10,-10,9,-10]
[1;31mE (80133) wifi:Invalid value(6) for Frm Count, Valid options - 0/8/16/24/32/64[0m
csi_data,[0,0,4,12,4,11,5,11,5,11,5,10,5,10,5,9,6,9,6,8,7,8,7,8,7,7,8,7,8,6,9,7,9,7,9,7,9,7,10,7,9,8,9,8,8,8,8,9,7,9,7,10,6,10,0,0,0,0,0,0,0,0,0,0,0,0,0,0,0,0,0,0,0,0,0,0,5,11,5,12,4,12,3,13,3,13,2,14,1,14,1,14,0,14,0,13,-1,14,-1,13,0,13,0,13,0,12,1,12,1,12,2,12,2,12,2,12,3,12,3,12,4,12,4,12,4,12,4,12]
[1;31mE (81133) wifi:Invalid value(6) for Frm Count, Valid options - 0/8/16/24/32/64[0m
csi_data,[0,0,-14,-3,-13,-3,-13,-3,-13,-2,-13,-2,-12,-1,-12,-1,-12,0,-12,0,-11,1,-12,1,-11,2,-11,3,-12,3,-12,3,-12,4,-12,4,-13,4,-13,3,-13,3,-14,2,-13,2,-13,1,-13,1,-13,0,-13,-1,0,0,0,0,0,0,0,0,0,0,0,0,0,0,0,0,0,0,0,0,0,0,-13,-2,-14,-3,-14,-4,-14,-5,-14,-5,-14,-6,-14,-7,-13,-7,-13,-8,-13,-8,-12,-8,-12,-8,-12,-8,-12,-7,-12,-7,-12,-7,-12,-6,-12,-5,-12,-5,-13,-5,-13,-5,-13,-5,-13,-4,-13,-3,-14,-3,-14,-4]
[1;31mE (82133) wifi:Invalid value(6) for Frm Count, Valid options - 0/8/16/24/32/64[0m
csi_data,[0,0,-1,13,-1,12,0,12,0,12,1,11,1,11,1,11,2,11,2,10,3,10,4,10,4,10,5,9,5,10,5,10,6,10,5,11,6,11,6,11,6,11,5,12,4,12,4,12,3,12,3,12,2,12,0,0,0,0,0,0,0,0,0,0,0,0,0,0,0,0,0,0,0,0,0,0,0,13,0,13,-2,13,-2,14,-3,14,-3,14,-4,14,-5,14,-5,13,-6,13,-6,13,-6,12,-5,12,-5,12,-5,12,-4,12,-4,12,-3,12,-3,12,-3,12,-2,12,-2,12,-2,13,-1,13,-1,13,-1,13]
[1;31mE (83133) wifi:Invalid value(6) for Frm Count, Valid options - 0/8/16/24/32/64[0m
csi_data,[0,0,7,11,7,10,8,10,8,9,8,9,8,8,8,8,8,7,8,6,8,6,9,5,10,5,10,5,10,4,11,4,11,4,11,4,12,4,12,5,12,5,12,6,11,6,11,6,11,7,10,8,10,8,0,0,0,0,0,0,0,0,0,0,0,0,0,0,0,0,0,0,0,0,0,0,8,10,8,11,6,12,7,12,6,12,5,14,4,14,4,14,3,14,3,13,3,13,3,13,3,13,3,13,3,12,3,12,4,12,5,11,5,11,5,11,6,11,6,11,7,11,7,11,7,11,8,11]
[1;31mE (84133) wifi:Invalid value(6) for Frm Count, Valid options - 0/8/16/24/32/64[0m
csi_data,[0,0,-10,9,-10,8,-10,8,-9,8,-9,8,-8,9,-8,8,-7,8,-6,8,-6,9,-5,9,-5,10,-4,10,-4,10,-4,11,-4,11,-4,11,-4,11,-5,12,-5,12,-5,12,-6,11,-6,11,-6,11,-7,10,-7,10,0,0,0,0,0,0,0,0,0,0,0,0,0,0,0,0,0,0,0,0,0,0,-10,9,-11,9,-11,8,-12,8,-13,7,-13,7,-14,6,-14,6,-14,5,-14,5,-14,4,-14,4,-13,4,-13,5,-12,5,-12,5,-12,6,-11,6,-11,6,-11,7,-11,7,-11,7,-11,8,-11,8,-11,9,-11,8]
[1;31mE (85133) wifi:Invalid value(6) for Frm Count, Valid options - 0/8/16/24/32/64[0m
csi_data,[0,0,-6,-13,-7,-12,-7,-12,-7,-12,-7,-11,-7,-11,-7,-10,-7,-10,-8,-9,-8,-8,-9,-8,-9,-7,-9,-8,-9,-7,-10,-7,-11,-7,-10,-7,-11,-8,-11,-8,-11,-8,-10,-9,-10,-9,-9,-9,-9,-9,-9,-9,-8,-10,0,0,0,0,0,0,0,0,0,0,0,0,0,0,0,0,0,0,0,0,0,0,-7,-12,-7,-12,-6,-13,-5,-13,-5,-14,-4,-15,-3,-15,-3,-15,-2,-15,-2,-15,-2,-15,-2,-14,-2,-14,-2,-14,-3,-13,-3,-13,-3,-13,-4,-13,-4,-13,-4,-13,-5,-13,-5,-13,-6,-13,-6,-13,-6,-13,-6,-13]
[1;31mE (86133) wifi:Invalid value(6) for Frm Count, Valid options - 0/8/16/24/32/64[0m
csi_data,[0,0,-10,9,-10,9,-9,9,-9,9,-8,9,-8,9,-8,9,-7,9,-6,9,-6,9,-5,10,-5,10,-4,10,-4,10,-4,11,-3,11,-4,12,-4,11,-4,12,-5,11,-5,11,-6,11,-6,11,-7,11,-7,10,-7,9,0,0,0,0,0,0,0,0,0,0,0,0,0,0,0,0,0,0,0,0,0,0,-9,10,-10,9,-11,9,-12,8,-13,8,-13,7,-13,7,-14,6,-13,6,-14,6,-14,5,-13,5,-13,5,-13,5,-12,5,-12,6,-11,6,-11,6,-11,7,-11,7,-11,8,-11,8,-11,9,-11,9,-11,9,-10,8]
[1;31mE (87133) wifi:Invalid value(6) for Frm Count, Valid options - 0/8/16/24/32/64[0m
csi_data,[0,0,-9,9,-9,10,-8,10,-8,10,-7,10,-7,10,-7,9,-6,10,-5,9,-5,10,-4,10,-3,10,-3,10,-3,10,-3,11,-3,11,-3,11,-3,11,-3,12,-4,11,-4,11,-4,11,-5,11,-5,11,-5,10,-6,9,0,0,0,0,0,0,0,0,0,0,0,0,0,0,0,0,0,0,0,0,0,0,-7,10,-8,10,-9,10,-10,9,-11,9,-11,9,-12,8,-12,8,-12,7,-13,7,-12,7,-12,7,-12,7,-11,7,-11,7,-11,7,-10,7,-10,8,-10,8,-10,9,-10,9,-10,9,-9,9,-9,10,-9,10,-9,10]
[1;31mE (88133) wifi:Invalid value(6) for Frm Count, Valid options - 0/8/16/24/32/64[0m
csi_data,[0,0,10,-9,10,-10,9,-10,9,-10,8,-10,8,-10,8,-10,7,-10,6,-10,6,-10,5,-11,5,-11,4,-12,4,-12,4,-12,4,-12,4,-12,4,-12,5,-12,5,-12,6,-12,6,-12,6,-11,6,-11,6,-10,7,-10,0,0,0,0,0,0,0,0,0,0,0,0,0,0,0,0,0,0,0,0,0,0,8,-10,9,-10,10,-9,11,-8,11,-8,12,-8,12,-7,13,-7,13,-6,13,-6,12,-6,12,-6,12,-6,11,-6,11,-6,11,-6,11,-6,10,-7,11,-8,11,-8,11,-8,11,-9,10,-9,10,-10,10,-10,10,-10]
[1;31mE (89133) wifi:Invalid value(6) for Frm Count, Valid options - 0/8/16/24/32/64[0m
csi_data,[0,0,13,-2,12,-3,12,-3,12,-3,12,-3,11,-4,11,-4,10,-4,10,-4,10,-5,9,-6,9,-6,9,-7,9,-7,9,-7,9,-8,9,-8,10,-8,10,-8,10,-7,11,-7,11,-6,11,-6,11,-6,11,-4,11,-4,0,0,0,0,0,0,0,0,0,0,0,0,0,0,0,0,0,0,0,0,0,0,12,-4,13,-3,13,-2,13,-2,14,-1,14,0,14,1,14,1,14,2,13,2,13,2,13,2,13,2,12,2,12,1,12,1,12,1,12,0,12,0,13,-1,12,-1,13,-1,13,-2,13,-2,13,-2,13,-2]
[1;31mE (90133) wifi:Invalid value(6) for Frm Count, Valid options - 0/8/16/24/32/64[0m
csi_data,[0,0,0,13,0,13,0,13,1,12,1,12,1,12,1,11,2,11,2,11,3,10,3,10,4,10,4,10,4,10,5,10,5,10,5,10,5,11,5,11,4,11,4,11,3,11,3,11,3,11,2,11,1,11,0,0,0,0,0,0,0,0,0,0,0,0,0,0,0,0,0,0,0,0,0,0,1,12,0,13,-1,12,-1,13,-2,13,-3,14,-4,13,-4,13,-4,13,-5,12,-5,13,-5,12,-5,12,-4,12,-4,12,-3,12,-3,12,-2,12,-2,12,-2,13,-2,12,-1,13,-1,13,0,13,-1,13,0,14]
[1;31mE (91133) wifi:Invalid value(6) for Frm Count, Valid options - 0/8/16/24/32/64[0m
csi_data,[0,0,3,-13,3,-13,2,-13,2,-13,2,-12,2,-12,1,-12,1,-12,0,-12,-1,-11,-1,-12,-2,-11,-2,-12,-2,-12,-3,-12,-3,-12,-3,-12,-3,-12,-2,-13,-2,-13,-2,-13,-1,-13,-1,-13,0,-13,0,-12,1,-12,0,0,0,0,0,0,0,0,0,0,0,0,0,0,0,0,0,0,0,0,0,0,1,-14,2,-14,3,-14,4,-14,5,-14,5,-14,6,-13,7,-13,7,-13,7,-12,7,-12,7,-12,7,-12,7,-12,6,-12,6,-11,5,-12,5,-12,5,-12,5,-13,4,-13,4,-13,4,-13,3,-13,3,-14,3,-14]
[1;31mE (92133) wifi:Invalid value(6) for Frm Count, Valid options - 0/8/16/24/32/64[0m
csi_data,[0,0,-11,-9,-11,-8,-11,-8,-11,-7,-11,-7,-11,-7,-11,-6,-11,-6,-11,-5,-11,-4,-12,-4,-12,-3,-12,-2,-12,-2,-12,-2,-13,-2,-12,-2,-13,-2,-13,-3,-13,-3,-13,-3,-12,-4,-12,-3,-12,-4,-12,-5,-12,-5,0,0,0,0,0,0,0,0,0,0,0,0,0,0,0,0,0,0,0,0,0,0,-11,-7,-12,-9,-11,-9,-11,-10,-10,-11,-11,-12,-9,-12,-9,-13,-8,-13,-8,-12,-8,-13,-8,-13,-8,-12,-8,-12,-8,-12,-8,-11,-9,-11,-9,-10,-10,-10,-10,-10,-10,-10,-11,-10,-11,-9,-11,-9,-12,-9,-12,-9]
[1;31mE (93133) wifi:Invalid value(6) for Frm Count, Valid options - 0/8/16/24/32/64[0m
csi_data,[0,0,6,12,5,11,5,11,6,11,6,10,6,10,6,9,7,9,7,8,7,8,7,8,7,7,8,7,8,7,9,6,9,7,9,7,9,7,10,8,9,8,9,8,8,8,8,9,7,9,7,9,6,9,0,0,0,0,0,0,0,0,0,0,0,0,0,0,0,0,0,0,0,0,0,0,7,10,6,11,5,12,5,12,4,13,4,13,3,14,3,14,2,14,1,14,1,13,1,13,1,13,1,13,2,12,2,12,2,12,3,12,3,12,4,12,4,12,5,12,5,12,5,12,5,12,6,12]
[1;31mE (94133) wifi:Invalid value(6) for Frm Count, Valid options - 0/8/16/24/32/64[0m
csi_data,[0,0,13,4,12,3,12,3,12,3,12,2,12,2,11,1,11,0,11,0,11,-1,11,-1,11,-2,11,-2,11,-2,11,-2,11,-3,12,-3,12,-3,12,-2,12,-2,12,-2,12,-2,12,-1,11,0,11,0,11,1,0,0,0,0,0,0,0,0,0,0,0,0,0,0,0,0,0,0,0,0,0,0,12,2,12,3,12,4,12,5,12,5,12,6,12,7,12,7,11,7,11,8,11,8,10,8,10,8,10,7,10,7,10,7,11,6,11,5,11,5,12,5,12,4,12,4,13,4,12,4,12,4,13,4]
[1;31mE (95133) wifi:Invalid value(6) for Frm Count, Valid options - 0/8/16/24/32/64[0m
csi_data,[0,0,13,-2,13,-2,12,-2,12,-2,12,-3,11,-3,11,-3,10,-4,10,-4,10,-5,9,-5,9,-6,9,-6,9,-6,9,-7,9,-7,9,-7,10,-7,10,-7,10,-7,10,-6,10,-6,10,-6,10,-5,10,-4,10,-4,0,0,0,0,0,0,0,0,0,0,0,0,0,0,0,0,0,0,0,0,0,0,12,-3,13,-3,13,-2,14,-1,14,-1,14,0,14,1,14,2,14,2,14,3,13,3,13,3,13,2,13,2,13,2,12,1,12,1,12,0,13,0,13,0,13,-1,13,-1,13,-1,13,-2,13,-2,13,-2]
[1;31mE (96133) wifi:Invalid value(6) for Frm Count, Valid options - 0/8/16/24/32/64[0m
csi_data,[0,0,-9,-11,-9,-10,-9,-10,-9,-10,-9,-10,-9,-9,-9,-8,-9,-8,-10,-7,-9,-6,-10,-6,-10,-6,-10,-6,-11,-5,-11,-5,-12,-5,-11,-5,-12,-5,-12,-5,-12,-6,-12,-6,-11,-6,-11,-7,-10,-7,-10,-7,-9,-8,0,0,0,0,0,0,0,0,0,0,0,0,0,0,0,0,0,0,0,0,0,0,-10,-10,-10,-11,-9,-11,-9,-12,-8,-12,-8,-13,-7,-13,-7,-14,-6,-14,-6,-13,-5,-14,-5,-14,-5,-13,-6,-13,-6,-13,-6,-12,-6,-12,-7,-11,-7,-12,-8,-11,-8,-11,-8,-11,-9,-11,-9,-11,-9,-11,-9,-11]
[1;31mE (97133) wifi:Invalid value(6) for Frm Count, Valid options - 0/8/16/24/32/64[0m
csi_data,[0,0,-11,-9,-11,-9,-11,-8,-10,-8,-11,-7,-10,-7,-10,-6,-10,-5,-11,-5,-10,-4,-11,-4,-11,-3,-11,-3,-11,-2,-11,-2,-12,-2,-12,-2,-13,-2,-13,-2,-12,-3,-13,-3,-12,-3,-12,-4,-12,-4,-11,-5,-11,-6,0,0,0,0,0,0,0,0,0,0,0,0,0,0,0,0,0,0,0,0,0,0,-11,-8,-11,-9,-11,-10,-11,-11,-10,-11,-10,-12,-9,-12,-9,-13,-8,-13,-7,-13,-7,-13,-7,-13,-7,-13,-7,-12,-8,-12,-8,-11,-8,-11,-9,-10,-9,-10,-9,-10,-9,-10,-10,-10,-10,-10,-10,-9,-10,-9,-11,-10]
[1;31mE (98133) wifi:Invalid value(6) for Frm Count, Valid options - 0/8/16/24/32/64[0m
csi_data,[0,0,-4,-13,-4,-13,-4,-13,-5,-12,-5,-12,-5,-11,-6,-11,-6,-10,-6,-10,-7,-9,-7,-9,-8,-8,-8,-8,-8,-8,-9,-8,-9,-8,-9,-8,-10,-9,-10,-9,-9,-9,-9,-9,-8,-9,-8,-10,-8,-10,-7,-10,-7,-10,0,0,0,0,0,0,0,0,0,0,0,0,0,0,0,0,0,0,0,0,0,0,-5,-13,-4,-13,-3,-14,-3,-14,-2,-15,-1,-16,-1,-16,0,-15,0,-15,1,-15,1,-15,1,-14,1,-14,1,-14,0,-14,-1,-14,-1,-13,-2,-14,-2,-14,-2,-13,-3,-14,-3,-13,-4,-14,-4,-14,-4,-14,-4,-14]
[1;31mE (99133) wifi:Invalid value(6) for Frm Count, Valid options - 0/8/16/24/32/64[0m
csi_data,[0,0,-1,-14,-2,-14,-2,-13,-2,-13,-2,-12,-2,-12,-3,-12,-3,-11,-4,-11,-4,-11,-5,-10,-5,-10,-5,-10,-6,-10,-6,-10,-6,-10,-7,-10,-7,-10,-7,-11,-7,-11,-6,-11,-6,-11,-5,-11,-5,-11,-4,-11,-4,-12,0,0,0,0,0,0,0,0,0,0,0,0,0,0,0,0,0,0,0,0,0,0,-3,-13,-2,-14,-1,-14,-1,-14,0,-15,1,-15,1,-15,2,-15,2,-15,3,-15,3,-14,3,-14,3,-14,3,-13,2,-13,2,-13,1,-13,1,-13,1,-13,0,-13,0,-14,0,-14,-1,-14,-1,-14,-1,-14,-1,-14]
[1;31mE (100133) wifi:Invalid value(6) for Frm Count, Valid options - 0/8/16/24/32/64[0m
csi_data,[0,0,3,-13,2,-14,2,-14,2,-13,2,-13,1,-13,1,-13,0,-12,-1,-12,-1,-12,-1,-13,-2,-12,-2,-12,-2,-12,-3,-12,-3,-13,-3,-13,-3,-13,-3,-13,-2,-13,-2,-14,-1,-14,0,-13,0,-12,1,-13,1,-12,0,0,0,0,0,0,0,0,0,0,0,0,0,0,0,0,0,0,0,0,0,0,1,-13,2,-12,3,-13,4,-13,4,-13,5,-13,6,-13,6,-13,7,-13,7,-12,7,-12,7,-12,7,-12,6,-11,6,-11,5,-12,5,-12,5,-12,4,-12,4,-13,4,-13,3,-13,3,-14,3,-14,3,-14,3,-14]
[1;31mE (101133) wifi:Invalid value(6) for Frm Count, Valid options - 0/8/16/24/32/64[0m
csi_data,[0,0,-13,6,-13,6,-13,6,-12,6,-12,6,-11,7,-11,7,-10,7,-10,7,-9,7,-9,8,-9,8,-9,9,-9,9,-8,9,-9,10,-8,10,-9,10,-9,10,-9,10,-10,9,-10,9,-10,7,-11,7,-11,7,-11,5,0,0,0,0,0,0,0,0,0,0,0,0,0,0,0,0,0,0,0,0,0,0,-10,6,-11,5,-11,4,-13,4,-12,4,-13,3,-13,2,-14,2,-14,2,-13,2,-13,1,-13,1,-13,1,-13,2,-13,2,-12,2,-12,3,-12,3,-13,4,-12,4,-12,5,-13,5,-12,5,-13,6,-13,6,-14,6]
[1;31mE (102133) wifi:Invalid value(6) for Frm Count, Valid options - 0/8/16/24/32/64[0m
csi_data,[0,0,-2,13,-2,13,-2,13,-1,13,-1,12,-1,12,0,12,1,11,1,11,2,11,3,11,3,11,3,11,4,11,4,12,4,12,4,12,5,12,5,13,4,13,4,13,2,14,2,13,1,14,1,13,0,13,0,0,0,0,0,0,0,0,0,0,0,0,0,0,0,0,0,0,0,0,0,0,-2,12,-2,12,-3,12,-4,12,-4,12,-5,13,-6,13,-6,12,-6,12,-7,11,-7,11,-7,11,-7,11,-6,11,-6,11,-5,11,-5,11,-4,11,-4,12,-4,12,-3,12,-3,12,-3,13,-3,13,-3,13,-2,14]
[1;31mE (103133) wifi:Invalid value(6) for Frm Count, Valid options - 0/8/16/24/32/64[0m
csi_data,[0,0,-3,13,-3,13,-3,13,-3,13,-2,12,-2,12,-1,12,-1,12,0,11,1,11,1,11,2,11,2,11,2,11,3,12,3,12,3,12,3,13,3,13,2,13,2,13,1,13,0,13,0,13,0,13,-1,12,0,0,0,0,0,0,0,0,0,0,0,0,0,0,0,0,0,0,0,0,0,0,-2,12,-3,12,-4,12,-5,12,-6,12,-6,12,-7,12,-7,11,-8,11,-8,11,-7,11,-8,11,-7,11,-7,11,-7,11,-6,11,-6,11,-5,11,-5,11,-5,12,-5,12,-5,12,-4,13,-4,13,-3,13,-3,13]
[1;31mE (104133) wifi:Invalid value(6) for Frm Count, Valid options - 0/8/16/24/32/64[0m
csi_data,[0,0,-3,14,-2,13,-2,13,-2,13,-1,13,-1,12,0,12,0,11,0,12,1,12,2,12,2,11,2,12,3,12,4,12,4,12,4,13,4,13,3,13,3,13,2,14,2,13,0,13,1,13,-1,13,-2,13,0,0,0,0,0,0,0,0,0,0,0,0,0,0,0,0,0,0,0,0,0,0,-2,12,-3,11,-4,12,-4,12,-5,13,-6,12,-6,13,-6,12,-6,12,-7,12,-7,12,-7,11,-7,11,-7,11,-6,11,-6,12,-5,11,-5,12,-4,12,-4,12,-4,12,-3,12,-3,13,-3,13,-3,14,-3,13]
[1;31mE (105133) wifi:Invalid value(6) for Frm Count, Valid options - 0/8/16/24/32/64[0m
csi_data,[0,0,12,7,12,6,12,6,12,6,12,5,11,5,12,5,12,4,12,4,12,3,12,3,12,2,13,2,13,2,13,2,14,2,14,2,14,2,15,3,14,3,14,4,14,4,14,5,13,5,12,6,12,7,0,0,0,0,0,0,0,0,0,0,0,0,0,0,0,0,0,0,0,0,0,0,10,5,10,6,9,7,9,7,9,8,9,9,8,9,8,10,8,10,8,10,8,9,7,10,8,9,7,9,8,9,8,8,8,8,9,8,9,7,10,8,10,8,10,7,11,7,11,7,12,7,12,7]
[1;31mE (106133) wifi:Invalid value(6) for Frm Count, Valid options - 0/8/16/24/32/64[0m
csi_data,[0,0,2,-13,2,-13,2,-13,2,-13,1,-13,1,-13,0,-13,0,-13,-1,-13,-2,-13,-2,-13,-3,-13,-3,-13,-4,-13,-4,-14,-4,-14,-4,-15,-4,-15,-4,-16,-3,-16,-2,-16,-2,-16,-1,-16,0,-16,1,-16,2,-16,0,0,0,0,0,0,0,0,0,0,0,0,0,0,0,0,0,0,0,0,0,0,4,-12,5,-12,6,-12,7,-12,7,-12,8,-11,8,-11,8,-11,8,-10,8,-10,8,-10,8,-10,8,-10,7,-10,7,-9,6,-10,6,-10,5,-11,5,-11,5,-11,4,-11,4,-12,4,-12,4,-12,3,-13,3,-13]
[1;31mE (107133) wifi:Invalid value(6) for Frm Count, Valid options - 0/8/16/24/32/64[0m
csi_data,[0,0,-13,-6,-13,-6,-12,-6,-13,-5,-12,-5,-12,-4,-12,-4,-12,-3,-12,-2,-11,-2,-11,-1,-11,-1,-11,0,-12,1,-12,0,-12,1,-12,1,-12,1,-12,0,-12,0,-13,0,-12,-1,-12,-1,-12,-2,-12,-2,-12,-3,0,0,0,0,0,0,0,0,0,0,0,0,0,0,0,0,0,0,0,0,0,0,-14,-5,-14,-6,-14,-7,-13,-8,-13,-9,-13,-10,-13,-11,-12,-11,-12,-11,-11,-11,-11,-11,-11,-11,-11,-10,-11,-10,-11,-10,-11,-9,-11,-9,-11,-8,-12,-8,-12,-8,-12,-7,-13,-7,-13,-7,-13,-7,-13,-7,-13,-6]
[1;31mE (108133) wifi:Invalid value(6) for Frm Count, Valid options - 0/8/16/24/32/64[0m
csi_data,[0,0,11,8,11,7,10,6,10,6,10,6,10,5,10,5,10,4,10,3,10,3,10,3,10,2,10,1,10,1,11,1,11,1,11,1,11,1,11,1,11,2,11,2,10,2,10,3,10,3,9,3,9,4,0,0,0,0,0,0,0,0,0,0,0,0,0,0,0,0,0,0,0,0,0,0,11,7,11,8,11,9,10,9,10,10,10,11,10,11,9,11,9,12,8,12,8,12,7,12,7,11,7,11,8,10,8,10,8,10,9,9,9,9,10,8,9,9,10,8,10,8,11,8,11,8,11,8]
[1;31mE (109133) wifi:Invalid value(6) for Frm Count, Valid options - 0/8/16/24/32/64[0m
csi_data,[0,0,11,-7,11,-8,11,-8,10,-7,10,-8,9,-7,9,-8,8,-8,7,-8,7,-8,7,-8,7,-9,6,-9,6,-10,6,-9,6,-10,6,-10,6,-10,6,-10,6,-9,7,-9,7,-9,7,-8,7,-8,7,-7,7,-7,0,0,0,0,0,0,0,0,0,0,0,0,0,0,0,0,0,0,0,0,0,0,10,-9,11,-9,12,-8,12,-7,13,-7,14,-6,14,-5,13,-5,14,-5,14,-4,13,-3,13,-3,13,-3,13,-4,12,-4,12,-4,12,-5,11,-5,12,-6,12,-6,11,-6,11,-7,11,-7,12,-7,12,-7,12,-8]
[1;31mE (110133) wifi:Invalid value(6) for Frm Count, Valid options - 0/8/16/24/32/64[0m
csi_data,[0,0,-12,7,-12,7,-12,7,-11,7,-11,7,-10,7,-9,7,-9,7,-8,7,-7,7,-7,8,-7,8,-7,8,-7,9,-6,9,-6,9,-6,9,-7,10,-7,9,-7,9,-7,9,-8,9,-7,8,-8,8,-8,7,-8,6,0,0,0,0,0,0,0,0,0,0,0,0,0,0,0,0,0,0,0,0,0,0,-11,8,-12,7,-13,6,-14,6,-14,6,-14,5,-15,5,-15,4,-15,4,-14,3,-15,2,-14,2,-14,2,-14,2,-14,3,-13,3,-13,4,-12,4,-13,5,-12,5,-12,5,-12,6,-12,6,-12,6,-12,6,-12,6]
[1;31mE (111133) wifi:Invalid value(6) for Frm Count, Valid options - 0/8/16/24/32/64[0m
csi_data,[0,0,4,-13,4,-13,4,-13,3,-12,3,-12,3,-12,2,-12,2,-12,1,-11,0,-11,-1,-11,-1,-11,-1,-11,-2,-11,-2,-11,-2,-11,-2,-12,-2,-12,-2,-12,-1,-12,-1,-12,-1,-12,0,-12,0,-11,0,-11,1,-11,0,0,0,0,0,0,0,0,0,0,0,0,0,0,0,0,0,0,0,0,0,0,3,-14,5,-14,6,-14,6,-13,7,-14,8,-13,9,-13,9,-13,9,-12,9,-12,9,-12,9,-11,8,-11,8,-11,8,-11,7,-11,7,-11,6,-12,6,-12,6,-12,6,-12,5,-13,5,-13,5,-13,5,-13,5,-13]
[1;31mE (112133) wifi:Invalid value(6) for Frm Count, Valid options - 0/8/16/24/32/64[0m
csi_data,[0,0,-8,-12,-8,-11,-8,-11,-8,-11,-8,-10,-8,-10,-8,-9,-8,-8,-9,-8,-9,-7,-9,-7,-9,-6,-10,-6,-10,-6,-10,-6,-11,-5,-10,-6,-11,-6,-11,-6,-11,-6,-10,-7,-10,-7,-9,-7,-9,-7,-9,-7,-8,-8,0,0,0,0,0,0,0,0,0,0,0,0,0,0,0,0,0,0,0,0,0,0,-10,-11,-9,-12,-8,-12,-8,-13,-7,-14,-7,-14,-6,-15,-6,-15,-5,-15,-5,-15,-4,-15,-4,-14,-4,-14,-4,-14,-5,-13,-5,-13,-6,-13,-6,-13,-6,-13,-7,-12,-7,-12,-7,-12,-8,-12,-8,-12,-8,-12,-8,-12]
[1;31mE (113133) wifi:Invalid value(6) for Frm Count, Valid options - 0/8/16/24/32/64[0m
csi_data,[0,0,11,8,10,7,10,7,10,6,10,6,10,5,10,5,9,4,10,4,10,3,10,3,10,2,10,2,10,1,11,1,11,1,11,1,11,1,11,2,11,2,11,2,10,2,10,2,10,3,9,3,9,4,0,0,0,0,0,0,0,0,0,0,0,0,0,0,0,0,0,0,0,0,0,0,11,6,11,7,11,8,10,8,11,9,10,10,9,11,9,11,9,11,8,11,8,11,8,11,8,10,8,10,8,10,8,10,9,9,9,9,9,8,9,8,9,8,10,8,10,8,11,7,11,8,11,8]
[1;31mE (114133) wifi:Invalid value(6) for Frm Count, Valid options - 0/8/16/24/32/64[0m
csi_data,[0,0,-11,-8,-11,-8,-11,-8,-11,-8,-11,-7,-10,-6,-10,-6,-10,-5,-10,-5,-10,-4,-10,-4,-10,-3,-11,-3,-10,-3,-11,-2,-11,-2,-11,-2,-11,-2,-12,-2,-11,-3,-11,-3,-11,-3,-10,-3,-10,-3,-10,-4,-9,-4,0,0,0,0,0,0,0,0,0,0,0,0,0,0,0,0,0,0,0,0,0,0,-13,-7,-13,-8,-13,-9,-12,-10,-12,-10,-12,-12,-11,-12,-10,-12,-10,-13,-9,-13,-9,-13,-9,-13,-9,-12,-9,-12,-9,-11,-9,-11,-9,-11,-10,-10,-10,-10,-10,-9,-11,-9,-11,-9,-11,-9,-11,-9,-11,-9,-11,-9]
[1;31mE (115133) wifi:Invalid value(6) for Frm Count, Valid options - 0/8/16/24/32/64[0m
csi_data,[0,0,0,13,0,13,0,12,1,12,1,12,0,11,1,11,1,10,2,10,3,9,3,9,3,9,4,9,4,9,5,9,5,9,5,9,5,9,4,9,4,9,4,10,3,9,3,9,3,9,3,9,2,9,0,0,0,0,0,0,0,0,0,0,0,0,0,0,0,0,0,0,0,0,0,0,2,14,1,14,0,15,-1,15,-2,15,-3,15,-4,15,-5,15,-5,14,-5,14,-5,14,-5,13,-4,13,-4,13,-4,13,-4,13,-3,13,-2,13,-2,13,-2,13,-2,13,-2,13,-1,13,0,13,0,13,0,13]
[1;31mE (116133) wifi:Invalid value(6) for Frm Count, Valid options - 0/8/16/24/32/64[0m
csi_data,[0,0,4,-12,4,-13,4,-12,3,-12,3,-12,2,-11,2,-11,1,-11,1,-11,0,-11,0,-11,-1,-11,0,-11,-2,-11,-2,-11,-2,-11,-2,-11,-2,-11,-2,-11,-2,-11,-2,-11,-1,-11,-1,-11,0,-11,0,-10,1,-10,0,0,0,0,0,0,0,0,0,0,0,0,0,0,0,0,0,0,0,0,0,0,3,-14,4,-14,5,-15,6,-14,7,-14,7,-14,8,-13,8,-13,9,-13,9,-12,9,-12,9,-11,9,-11,8,-11,7,-11,7,-11,7,-11,7,-12,6,-12,5,-12,5,-12,5,-13,5,-13,5,-13,5,-13,5,-13]
[1;31mE (117133) wifi:Invalid value(6) for Frm Count, Valid options - 0/8/16/24/32/64[0m
csi_data,[0,0,12,-5,12,-6,11,-6,11,-6,10,-6,10,-6,9,-6,9,-6,8,-7,8,-7,7,-7,6,-8,6,-8,6,-9,6,-8,6,-9,6,-9,6,-9,6,-9,6,-9,6,-9,7,-9,7,-8,7,-8,7,-7,7,-7,0,0,0,0,0,0,0,0,0,0,0,0,0,0,0,0,0,0,0,0,0,0,13,-7,14,-6,14,-5,14,-4,15,-3,15,-3,15,-2,15,-2,15,-1,15,0,15,0,14,0,14,-1,14,0,13,-1,13,-1,13,-2,12,-3,13,-3,13,-4,13,-4,13,-4,13,-4,13,-4,13,-5,13,-5]
[1;31mE (118133) wifi:Invalid value(6) for Frm Count, Valid options - 0/8/16/24/32/64[0m
csi_data,[0,0,-10,9,-10,9,-10,9,-9,9,-9,9,-8,9,-8,8,-7,9,-7,9,-6,9,-5,9,-5,9,-4,10,-4,10,-4,10,-4,10,-4,10,-4,10,-4,10,-4,10,-5,10,-5,10,-5,9,-6,9,-5,9,-6,8,0,0,0,0,0,0,0,0,0,0,0,0,0,0,0,0,0,0,0,0,0,0,-10,10,-11,10,-11,9,-12,9,-13,8,-14,8,-14,7,-14,6,-14,6,-14,6,-14,6,-14,5,-13,5,-13,5,-12,6,-12,6,-12,6,-11,7,-12,7,-11,8,-11,8,-11,8,-11,9,-11,9,-11,9,-11,9]
[1;31mE (119133) wifi:Invalid value(6) for Frm Count, Valid options - 0/8/16/24/32/64[0m
csi_data,[0,0,13,-3,12,-4,12,-4,12,-4,11,-4,11,-4,10,-4,10,-5,9,-5,9,-5,9,-6,8,-6,8,-7,8,-7,8,-7,8,-7,8,-7,8,-7,9,-7,9,-7,9,-7,9,-6,9,-6,9,-6,9,-5,9,-4,0,0,0,0,0,0,0,0,0,0,0,0,0,0,0,0,0,0,0,0,0,0,12,-6,13,-5,13,-4,14,-3,14,-3,14,-2,14,-1,14,0,14,0,14,0,14,0,13,1,13,1,13,0,13,0,12,0,12,-1,12,-1,12,-2,12,-2,12,-2,13,-3,13,-3,13,-3,13,-3,13,-3]
[1;31mE (120133) wifi:Invalid value(6) for Frm Count, Valid options - 0/8/16/24/32/64[0m
csi_data,[0,0,3,12,3,12,3,12,4,11,4,11,4,10,5,9,5,9,5,8,5,8,6,8,6,7,6,7,7,7,8,6,8,7,8,7,8,7,8,7,8,8,8,7,7,8,7,8,7,8,6,8,6,9,0,0,0,0,0,0,0,0,0,0,0,0,0,0,0,0,0,0,0,0,0,0,4,13,4,14,3,14,1,15,1,15,0,16,0,16,-1,15,-1,15,-2,15,-2,15,-2,14,-2,13,-2,13,-1,13,-1,13,0,13,1,13,1,13,1,12,2,12,2,13,2,13,3,13,3,13,3,13]
[1;31mE (121133) wifi:Invalid value(6) for Frm Count, Valid options - 0/8/16/24/32/64[0m
csi_data,[0,0,14,1,14,0,14,0,14,0,13,0,13,-1,13,-1,12,-2,12,-2,12,-3,12,-3,11,-4,12,-4,12,-5,12,-4,12,-5,13,-5,13,-5,13,-5,13,-4,14,-3,14,-2,14,-2,13,-1,13,0,13,1,0,0,0,0,0,0,0,0,0,0,0,0,0,0,0,0,0,0,0,0,0,0,11,-1,12,0,12,1,12,1,12,2,12,2,12,3,13,3,13,4,12,4,12,5,11,5,12,4,11,4,12,3,11,3,12,3,12,2,12,2,13,2,13,1,13,1,14,1,13,1,14,1,14,0]
[1;31mE (122133) wifi:Invalid value(6) for Frm Count, Valid options - 0/8/16/24/32/64[0m
csi_data,[0,0,12,-8,12,-8,11,-8,11,-8,10,-8,10,-8,9,-9,9,-9,9,-9,8,-9,8,-10,8,-10,7,-11,7,-11,7,-11,7,-11,7,-11,8,-11,8,-12,9,-11,9,-10,10,-10,10,-9,10,-9,10,-8,10,-7,0,0,0,0,0,0,0,0,0,0,0,0,0,0,0,0,0,0,0,0,0,0,8,-7,9,-8,10,-7,10,-7,11,-6,11,-6,12,-4,12,-5,13,-4,12,-4,12,-4,12,-4,12,-4,11,-4,12,-5,11,-4,11,-5,11,-5,11,-6,11,-6,11,-6,12,-7,11,-8,11,-7,11,-8,12,-8]
[1;31mE (123133) wifi:Invalid value(6) for Frm Count, Valid options - 0/8/16/24/32/64[0m
csi_data,[0,0,14,-1,13,-1,14,-2,13,-2,13,-2,13,-3,12,-3,12,-4,12,-4,11,-5,12,-5,11,-6,11,-6,12,-7,11,-7,13,-7,12,-7,13,-7,13,-7,14,-6,14,-6,14,-5,14,-4,14,-4,14,-3,14,-2,0,0,0,0,0,0,0,0,0,0,0,0,0,0,0,0,0,0,0,0,0,0,11,-1,11,0,11,0,12,1,12,2,13,2,12,3,12,3,12,3,12,4,12,4,12,4,12,4,11,4,12,3,11,3,12,2,12,1,12,1,12,0,12,0,13,0,13,0,13,0,14,0,14,-1]
[1;31mE (124133) wifi:Invalid value(6) for Frm Count, Valid options - 0/8/16/24/32/64[0m
csi_data,[0,0,14,2,13,2,13,2,13,2,13,1,12,1,13,1,12,0,12,0,12,-1,12,-2,12,-2,12,-2,12,-3,12,-3,13,-3,13,-3,13,-3,13,-3,14,-2,13,-1,13,-1,13,0,13,0,12,1,11,2,0,0,0,0,0,0,0,0,0,0,0,0,0,0,0,0,0,0,0,0,0,0,11,0,11,1,11,2,11,3,12,3,12,4,11,5,11,5,11,6,11,5,11,6,11,5,11,6,11,5,11,5,11,5,11,4,11,4,12,3,12,3,12,3,13,3,13,2,14,2,14,2,14,2]
[1;31mE (125133) wifi:Invalid value(6) for Frm Count, Valid options - 0/8/16/24/32/64[0m
csi_data,[0,0,13,-5,12,-5,12,-6,12,-6,12,-6,12,-6,11,-7,11,-7,10,-7,9,-7,10,-8,9,-8,9,-9,9,-10,9,-9,10,-10,9,-10,10,-10,10,-10,11,-9,11,-9,11,-8,11,-7,12,-7,12,-6,12,-5,0,0,0,0,0,0,0,0,0,0,0,0,0,0,0,0,0,0,0,0,0,0,10,-5,11,-5,11,-4,12,-4,12,-4,13,-3,12,-2,13,-2,13,-1,12,-1,13,-1,13,-1,12,-1,12,-1,12,-1,12,-2,12,-2,11,-3,12,-4,12,-4,12,-4,12,-4,12,-5,13,-5,13,-5,13,-5]
[1;31mE (126133) wifi:Invalid value(6) for Frm Count, Valid options - 0/8/16/24/32/64[0m
csi_data,[0,0,7,12,8,11,7,11,8,11,8,10,8,10,8,9,9,9,9,8,9,8,10,8,10,7,10,7,10,7,11,7,11,7,12,7,12,8,12,8,11,9,11,9,10,9,10,10,9,10,8,10,7,11,0,0,0,0,0,0,0,0,0,0,0,0,0,0,0,0,0,0,0,0,0,0,6,9,6,9,5,10,5,10,5,11,4,12,4,12,3,12,3,13,2,13,3,13,2,12,2,12,3,12,3,11,4,12,4,11,4,11,5,11,5,11,6,11,6,11,7,12,7,12,7,12,8,12]
[1;31mE (127133) wifi:Invalid value(6) for Frm Count, Valid options - 0/8/16/24/32/64[0m
csi_data,[0,0,6,13,6,12,6,12,6,11,6,11,6,10,7,10,7,9,7,9,8,8,8,8,9,8,9,8,9,8,10,8,10,8,10,8,10,9,10,9,10,9,9,10,8,10,8,10,7,10,6,11,6,11,0,0,0,0,0,0,0,0,0,0,0,0,0,0,0,0,0,0,0,0,0,0,6,9,6,10,4,10,4,11,4,11,4,12,3,12,3,13,2,13,2,12,2,13,2,12,2,12,2,12,2,12,2,12,3,12,3,11,4,12,4,11,5,11,5,12,5,12,6,12,6,12,6,12]
[1;31mE (128133) wifi:Invalid value(6) for Frm Count, Valid options - 0/8/16/24/32/64[0m
csi_data,[0,0,-8,-13,-8,-13,-8,-13,-8,-12,-8,-12,-8,-11,-8,-11,-8,-10,-9,-9,-9,-9,-10,-9,-10,-8,-10,-8,-11,-8,-11,-8,-12,-8,-11,-8,-12,-9,-11,-9,-11,-10,-11,-10,-10,-11,-10,-11,-9,-10,-8,-11,-7,-11,0,0,0,0,0,0,0,0,0,0,0,0,0,0,0,0,0,0,0,0,0,0,-7,-10,-6,-11,-6,-11,-5,-12,-5,-13,-5,-13,-4,-13,-4,-14,-3,-13,-3,-14,-3,-13,-3,-13,-3,-13,-3,-13,-3,-13,-4,-13,-4,-12,-5,-12,-5,-12,-5,-12,-6,-12,-6,-12,-7,-13,-7,-12,-7,-12,-8,-12]
[1;31mE (129133) wifi:Invalid value(6) for Frm Count, Valid options - 0/8/16/24/32/64[0m
csi_data,[0,0,11,-10,10,-11,10,-10,10,-10,9,-10,9,-10,8,-10,8,-10,7,-10,6,-11,6,-11,5,-11,5,-12,5,-12,5,-12,5,-12,6,-13,6,-12,6,-12,7,-12,7,-12,8,-12,8,-11,8,-10,8,-10,9,-9,0,0,0,0,0,0,0,0,0,0,0,0,0,0,0,0,0,0,0,0,0,0,7,-8,8,-8,9,-8,9,-8,10,-8,10,-7,11,-7,11,-6,11,-6,11,-6,11,-5,11,-6,11,-6,11,-6,11,-6,11,-6,10,-7,10,-7,10,-8,10,-8,10,-8,11,-9,10,-9,10,-10,10,-10,10,-10]
[1;31mE (130133) wifi:Invalid value(6) for Frm Count, Valid options - 0/8/16/24/32/64[0m
csi_data,[0,0,14,-3,13,-4,13,-3,13,-4,12,-4,12,-4,11,-5,11,-5,10,-5,10,-6,10,-6,10,-7,10,-7,9,-8,10,-8,10,-8,10,-8,10,-8,11,-8,11,-7,11,-7,11,-7,11,-6,12,-5,11,-5,12,-4,0,0,0,0,0,0,0,0,0,0,0,0,0,0,0,0,0,0,0,0,0,0,11,-3,11,-2,12,-1,12,-1,12,-1,13,0,13,1,13,1,13,2,13,2,12,2,13,2,13,2,12,1,12,1,12,1,12,0,12,0,12,-1,12,-1,13,-1,13,-2,13,-2,13,-3,13,-3,13,-3]
[1;31mE (131133) wifi:Invalid value(6) for Frm Count, Valid options - 0/8/16/24/32/64[0m
csi_data,[0,0,10,-10,10,-10,9,-10,10,-10,9,-10,8,-10,8,-10,7,-10,7,-10,6,-11,6,-11,5,-11,5,-12,5,-12,5,-12,5,-12,5,-13,5,-13,6,-12,6,-12,7,-12,7,-12,8,-11,8,-10,9,-9,9,-9,0,0,0,0,0,0,0,0,0,0,0,0,0,0,0,0,0,0,0,0,0,0,7,-9,7,-9,8,-9,9,-8,10,-8,10,-8,10,-7,11,-7,11,-7,11,-7,11,-6,11,-6,11,-6,11,-6,11,-7,10,-7,10,-7,10,-7,10,-8,10,-9,10,-9,10,-9,10,-9,10,-10,10,-10,10,-10]
[1;31mE (132133) wifi:Invalid value(6) for Frm Count, Valid options - 0/8/16/24/32/64[0m
csi_data,[0,0,11,8,11,8,10,7,11,8,10,6,10,6,10,6,11,5,11,5,11,4,11,4,11,3,11,2,11,3,12,2,13,2,13,2,13,3,13,3,13,4,13,4,12,5,12,5,12,6,10,6,10,7,0,0,0,0,0,0,0,0,0,0,0,0,0,0,0,0,0,0,0,0,0,0,9,6,8,7,8,8,8,9,8,9,8,10,7,10,7,11,7,11,7,11,6,11,6,11,6,11,6,10,6,10,7,10,7,10,8,9,8,9,8,9,9,9,10,8,10,9,10,8,10,8,11,8]
[1;31mE (133133) wifi:Invalid value(6) for Frm Count, Valid options - 0/8/16/24/32/64[0m
csi_data,[0,0,-3,-14,-3,-15,-4,-14,-4,-14,-4,-14,-4,-13,-5,-13,-5,-12,-5,-12,-6,-12,-6,-12,-7,-12,-7,-11,-7,-12,-8,-12,-8,-11,-8,-12,-8,-12,-8,-13,-8,-13,-6,-13,-6,-13,-5,-14,-5,-13,-4,-13,-3,-13,0,0,0,0,0,0,0,0,0,0,0,0,0,0,0,0,0,0,0,0,0,0,-4,-12,-3,-12,-3,-12,-2,-13,-2,-13,-1,-14,0,-14,0,-14,0,-14,1,-14,1,-14,1,-14,1,-13,1,-13,0,-13,0,-13,0,-13,-1,-13,-1,-13,-2,-13,-2,-13,-2,-14,-3,-14,-3,-14,-3,-15,-3,-15]
[1;31mE (134133) wifi:Invalid value(6) for Frm Count, Valid options - 0/8/16/24/32/64[0m
csi_data,[0,0,-6,-14,-6,-13,-6,-12,-7,-13,-7,-12,-7,-11,-8,-11,-8,-11,-8,-10,-9,-10,-9,-10,-9,-9,-9,-9,-10,-9,-11,-9,-11,-9,-11,-9,-10,-9,-11,-10,-11,-10,-10,-11,-9,-11,-8,-11,-8,-11,-7,-11,-7,-11,0,0,0,0,0,0,0,0,0,0,0,0,0,0,0,0,0,0,0,0,0,0,-5,-11,-5,-11,-4,-12,-4,-12,-3,-13,-3,-13,-3,-14,-2,-14,-2,-14,-1,-14,-1,-14,-1,-14,-1,-13,-1,-13,-2,-12,-3,-13,-3,-13,-4,-13,-3,-13,-4,-13,-5,-13,-6,-13,-6,-14,-5,-13,-6,-14,-6,-14]
[1;31mE (135133) wifi:Invalid value(6) for Frm Count, Valid options - 0/8/16/24/32/64[0m
csi_data,[0,0,14,-3,13,-4,13,-4,13,-4,13,-4,12,-5,12,-5,11,-5,11,-6,11,-6,10,-7,10,-7,10,-8,10,-8,10,-8,10,-9,10,-8,11,-9,11,-8,12,-8,12,-7,12,-6,12,-6,12,-5,12,-4,12,-4,0,0,0,0,0,0,0,0,0,0,0,0,0,0,0,0,0,0,0,0,0,0,11,-3,11,-4,12,-2,12,-2,12,-2,13,-1,13,0,13,0,13,0,13,1,13,1,12,1,12,1,12,1,12,0,12,0,12,-1,12,-1,13,-2,12,-2,13,-3,13,-3,13,-3,13,-3,14,-3,14,-4]
[1;31mE (136133) wifi:Invalid value(6) for Frm Count, Valid options - 0/8/16/24/32/64[0m
csi_data,[0,0,-8,12,-7,12,-7,12,-7,11,-6,12,-6,11,-5,11,-5,12,-4,11,-4,12,-3,12,-3,12,-2,12,-2,13,-2,13,-2,13,-2,13,-2,14,-3,14,-4,14,-4,13,-5,13,-5,13,-6,12,-6,12,-7,11,0,0,0,0,0,0,0,0,0,0,0,0,0,0,0,0,0,0,0,0,0,0,-5,10,-6,10,-7,10,-8,10,-8,10,-9,10,-9,9,-10,9,-10,9,-11,8,-10,8,-10,8,-10,8,-10,8,-10,8,-9,9,-9,9,-8,9,-8,9,-8,10,-8,10,-8,11,-8,11,-8,12,-8,12,-7,12]
[1;31mE (137133) wifi:Invalid value(6) for Frm Count, Valid options - 0/8/16/24/32/64[0m
csi_data,[0,0,-14,-2,-14,-2,-14,-3,-14,-2,-13,-1,-13,-1,-13,-1,-13,0,-13,0,-13,1,-13,1,-12,2,-13,2,-12,3,-13,3,-13,3,-13,3,-14,3,-14,2,-14,2,-15,2,-14,1,-14,1,-14,0,-14,-1,-14,-2,0,0,0,0,0,0,0,0,0,0,0,0,0,0,0,0,0,0,0,0,0,0,-12,-1,-12,-2,-12,-3,-12,-3,-13,-4,-13,-5,-12,-6,-12,-6,-12,-7,-12,-7,-12,-7,-11,-7,-11,-6,-12,-6,-11,-6,-12,-6,-12,-5,-12,-4,-12,-4,-13,-4,-13,-3,-14,-3,-14,-3,-14,-2,-14,-2,-14,-2]
[1;31mE (138133) wifi:Invalid value(6) for Frm Count, Valid options - 0/8/16/24/32/64[0m
csi_data,[0,0,-14,-4,-14,-4,-14,-4,-14,-4,-14,-3,-14,-3,-13,-2,-13,-1,-13,-1,-13,0,-13,0,-13,1,-13,1,-14,1,-14,2,-14,2,-14,2,-15,1,-15,1,-15,0,-15,0,-15,-1,-15,-1,-14,-2,-14,-3,-13,-3,0,0,0,0,0,0,0,0,0,0,0,0,0,0,0,0,0,0,0,0,0,0,-11,-4,-11,-4,-11,-5,-11,-6,-11,-6,-11,-7,-11,-7,-11,-8,-11,-8,-10,-8,-10,-8,-10,-8,-10,-8,-10,-8,-11,-7,-11,-7,-11,-7,-11,-6,-11,-6,-12,-5,-12,-5,-13,-5,-13,-5,-14,-5,-14,-5,-14,-4]
[1;31mE (139133) wifi:Invalid value(6) for Frm Count, Valid options - 0/8/16/24/32/64[0m
csi_data,[0,0,13,-1,13,-2,13,-3,13,-2,12,-3,12,-3,11,-3,11,-4,11,-4,11,-5,10,-5,10,-5,10,-6,10,-6,10,-7,10,-7,11,-7,10,-6,11,-7,11,-6,11,-5,11,-5,11,-5,10,-4,10,-3,10,-2,0,0,0,0,0,0,0,0,0,0,0,0,0,0,0,0,0,0,0,0,0,0,12,-3,12,-2,13,-2,13,-1,14,-1,13,0,14,2,14,2,14,2,14,2,13,2,13,3,13,2,13,2,12,2,13,2,12,1,12,0,13,0,13,0,13,-1,13,-1,14,-2,13,-2,14,-1,13,-2]
[1;31mE (140133) wifi:Invalid value(6) for Frm Count, Valid options - 0/8/16/24/32/64[0m
csi_data,[0,0,9,10,9,9,9,9,9,9,9,8,9,8,9,7,9,7,9,6,9,5,10,5,10,5,9,5,10,4,11,4,11,4,11,4,11,4,12,5,11,5,10,5,10,6,9,6,9,6,9,7,8,7,0,0,0,0,0,0,0,0,0,0,0,0,0,0,0,0,0,0,0,0,0,0,10,8,9,9,8,9,8,10,8,11,7,11,7,12,6,13,6,12,6,12,5,12,5,12,5,12,5,11,6,11,6,11,6,11,6,10,7,10,7,10,8,10,8,10,9,10,9,10,9,10,10,10]
[1;31mE (141133) wifi:Invalid value(6) for Frm Count, Valid options - 0/8/16/24/32/64[0m
csi_data,[0,0,-14,-4,-14,-3,-14,-3,-14,-3,-14,-3,-13,-2,-13,-1,-13,-1,-13,0,-13,0,-13,0,-12,1,-12,1,-12,1,-13,2,-13,2,-13,2,-14,2,-14,1,-13,1,-14,1,-13,0,-13,-1,-13,-1,-12,-2,-12,-3,0,0,0,0,0,0,0,0,0,0,0,0,0,0,0,0,0,0,0,0,0,0,-12,-2,-13,-2,-13,-3,-13,-4,-13,-4,-13,-5,-13,-6,-13,-6,-12,-7,-12,-7,-12,-7,-12,-7,-12,-7,-11,-7,-12,-6,-12,-6,-12,-6,-12,-5,-13,-5,-13,-4,-13,-3,-14,-3,-14,-4,-14,-3,-14,-3,-14,-4]
[1;31mE (142133) wifi:Invalid value(6) for Frm Count, Valid options - 0/8/16/24/32/64[0m
csi_data,[0,0,-13,-8,-13,-8,-13,-8,-12,-7,-12,-7,-12,-6,-12,-6,-12,-5,-12,-5,-12,-4,-12,-3,-12,-2,-13,-2,-13,-2,-13,-2,-14,-2,-13,-2,-14,-2,-14,-3,-14,-3,-14,-4,-13,-4,-13,-4,-13,-4,-12,-5,-12,-6,0,0,0,0,0,0,0,0,0,0,0,0,0,0,0,0,0,0,0,0,0,0,-11,-6,-11,-7,-10,-7,-10,-8,-10,-9,-10,-10,-10,-10,-10,-11,-9,-11,-9,-10,-9,-11,-9,-11,-9,-10,-9,-10,-9,-10,-9,-10,-10,-9,-10,-9,-11,-9,-11,-8,-11,-8,-11,-8,-12,-8,-12,-8,-13,-8,-13,-8]
[1;31mE (143133) wifi:Invalid value(6) for Frm Count, Valid options - 0/8/16/24/32/64[0m
csi_data,[0,0,6,-13,6,-14,6,-13,6,-13,5,-13,5,-13,5,-13,4,-12,3,-12,2,-13,2,-13,2,-12,1,-13,1,-13,1,-13,1,-13,1,-13,1,-14,2,-14,2,-13,3,-13,3,-13,4,-12,4,-12,4,-11,5,-11,0,0,0,0,0,0,0,0,0,0,0,0,0,0,0,0,0,0,0,0,0,0,3,-11,4,-11,5,-11,6,-11,7,-11,7,-11,8,-11,8,-10,8,-10,9,-10,9,-10,9,-10,8,-10,8,-10,8,-10,7,-10,7,-10,6,-11,6,-11,7,-11,7,-12,6,-12,6,-13,6,-13,6,-13,6,-14]
[1;31mE (144133) wifi:Invalid value(6) for Frm Count, Valid options - 0/8/16/24/32/64[0m
csi_data,[0,0,-3,-15,-2,-15,-2,-14,-3,-14,-3,-14,-3,-13,-4,-13,-4,-13,-4,-12,-5,-12,-5,-12,-5,-12,-6,-12,-7,-12,-6,-12,-7,-12,-7,-12,-7,-12,-7,-13,-6,-13,-6,-13,-5,-12,-4,-12,-3,-13,-2,-13,-2,-13,0,0,0,0,0,0,0,0,0,0,0,0,0,0,0,0,0,0,0,0,0,0,-3,-12,-2,-12,-1,-12,-1,-13,0,-13,0,-14,1,-14,1,-14,1,-14,2,-13,2,-13,2,-13,2,-13,2,-13,1,-13,1,-13,1,-13,-1,-13,-1,-14,-1,-13,-1,-14,-2,-14,-2,-15,-1,-15,-2,-15,-3,-15]
[1;31mE (145133) wifi:Invalid value(6) for Frm Count, Valid options - 0/8/16/24/32/64[0m
csi_data,[0,0,-12,8,-12,8,-12,8,-12,8,-11,8,-11,8,-11,8,-10,8,-10,8,-8,9,-8,9,-8,9,-7,10,-7,10,-7,10,-7,10,-8,11,-8,11,-8,11,-9,10,-9,10,-9,10,-10,9,-10,9,-10,7,-10,7,0,0,0,0,0,0,0,0,0,0,0,0,0,0,0,0,0,0,0,0,0,0,-10,7,-10,6,-12,6,-11,5,-12,5,-13,5,-13,4,-13,4,-13,4,-14,3,-13,3,-13,3,-13,3,-13,3,-12,4,-13,4,-12,4,-12,5,-12,5,-12,6,-12,6,-12,7,-12,7,-12,7,-13,8,-12,8]
[1;31mE (146133) wifi:Invalid value(6) for Frm Count, Valid options - 0/8/16/24/32/64[0m
csi_data,[0,0,13,-2,13,-3,13,-2,13,-2,12,-3,12,-3,11,-3,12,-4,11,-4,11,-4,11,-5,10,-5,10,-6,10,-7,11,-6,11,-7,11,-7,11,-7,11,-6,12,-5,12,-6,12,-5,12,-4,12,-4,12,-3,12,-2,0,0,0,0,0,0,0,0,0,0,0,0,0,0,0,0,0,0,0,0,0,0,11,-3,12,-2,12,-2,12,-1,12,0,13,0,13,1,13,1,13,2,12,2,13,2,12,3,12,2,12,1,12,1,12,1,12,1,12,0,12,-1,13,-1,13,-1,13,-1,13,-2,13,-2,14,-2,14,-2]
[1;31mE (147133) wifi:Invalid value(6) for Frm Count, Valid options - 0/8/16/24/32/64[0m
csi_data,[0,0,-12,8,-12,9,-12,8,-11,8,-11,8,-10,8,-10,8,-9,8,-9,9,-8,9,-8,9,-8,9,-8,10,-7,10,-7,10,-7,11,-8,11,-8,11,-8,11,-9,11,-9,10,-9,10,-10,9,-10,8,-10,8,-11,7,0,0,0,0,0,0,0,0,0,0,0,0,0,0,0,0,0,0,0,0,0,0,-9,8,-10,8,-10,7,-11,7,-12,6,-12,6,-13,5,-13,5,-13,5,-13,4,-13,4,-13,4,-13,4,-13,4,-12,4,-12,5,-12,5,-12,6,-12,6,-12,6,-12,7,-12,7,-11,8,-12,8,-12,8,-12,8]
[1;31mE (148133) wifi:Invalid value(6) for Frm Count, Valid options - 0/8/16/24/32/64[0m
csi_data,[0,0,-13,6,-13,7,-12,7,-12,6,-12,6,-12,6,-10,7,-10,7,-10,8,-9,8,-9,8,-8,9,-8,9,-7,9,-8,10,-8,10,-8,10,-8,10,-8,10,-8,10,-9,9,-9,9,-10,8,-10,7,-10,7,-10,7,0,0,0,0,0,0,0,0,0,0,0,0,0,0,0,0,0,0,0,0,0,0,-11,6,-11,5,-12,4,-13,4,-13,3,-13,3,-14,2,-14,2,-14,2,-14,2,-14,1,-14,1,-13,1,-13,1,-13,2,-13,2,-13,3,-13,3,-13,4,-13,5,-13,5,-13,5,-13,6,-13,6,-13,6,-13,6]
[1;31mE (149133) wifi:Invalid value(6) for Frm Count, Valid options - 0/8/16/24/32/64[0m
csi_data,[0,0,-4,-14,-4,-14,-4,-13,-4,-13,-4,-13,-4,-12,-5,-12,-5,-12,-5,-11,-6,-11,-7,-11,-7,-10,-7,-10,-8,-10,-8,-10,-8,-10,-8,-11,-8,-11,-8,-11,-8,-11,-8,-11,-7,-12,-6,-12,-6,-12,-5,-12,-5,-12,0,0,0,0,0,0,0,0,0,0,0,0,0,0,0,0,0,0,0,0,0,0,-4,-12,-4,-13,-3,-13,-2,-14,-2,-14,-1,-14,0,-15,0,-14,0,-14,1,-14,1,-14,1,-14,1,-14,1,-13,0,-13,0,-13,-1,-13,-1,-13,-1,-13,-2,-14,-2,-13,-2,-14,-3,-14,-3,-14,-3,-14,-3,-14]
[1;31mE (150133) wifi:Invalid value(6) for Frm Count, Valid options - 0/8/16/24/32/64[0m
csi_data,[0,0,10,-9,10,-9,10,-9,10,-9,9,-10,8,-10,8,-10,8,-10,7,-10,7,-10,6,-11,5,-11,5,-11,5,-12,5,-12,5,-13,5,-13,5,-13,6,-13,6,-13,7,-13,7,-12,8,-12,8,-12,9,-10,9,-9,0,0,0,0,0,0,0,0,0,0,0,0,0,0,0,0,0,0,0,0,0,0,9,-8,10,-8,10,-8,11,-7,12,-6,12,-6,12,-6,13,-5,12,-5,13,-5,13,-4,12,-4,12,-4,12,-5,11,-4,12,-5,11,-5,11,-6,11,-6,11,-7,10,-7,11,-8,11,-8,11,-8,11,-9,11,-9]
[1;31mE (151133) wifi:Invalid value(6) for Frm Count, Valid options - 0/8/16/24/32/64[0m
csi_data,[0,0,-14,0,-14,0,-14,0,-13,0,-13,1,-12,1,-12,2,-12,2,-12,2,-12,3,-11,3,-11,4,-11,4,-11,5,-11,5,-11,5,-11,6,-12,5,-12,5,-12,5,-13,4,-13,4,-12,3,-12,3,-13,2,-13,1,0,0,0,0,0,0,0,0,0,0,0,0,0,0,0,0,0,0,0,0,0,0,-13,0,-14,-1,-14,-1,-14,-2,-14,-3,-15,-4,-14,-5,-14,-5,-14,-5,-14,-5,-13,-6,-14,-6,-13,-5,-13,-5,-13,-4,-13,-4,-13,-4,-13,-3,-13,-2,-13,-2,-13,-2,-14,-2,-14,-1,-14,-1,-14,-1,-14,0]
[1;31mE (152133) wifi:Invalid value(6) for Frm Count, Valid options - 0/8/16/24/32/64[0m
csi_data,[0,0,6,11,7,10,7,10,7,10,7,9,7,9,7,8,7,8,7,7,8,7,9,6,9,5,9,5,9,5,10,5,10,5,10,6,11,6,11,6,10,7,10,7,10,8,9,8,9,8,9,8,8,9,0,0,0,0,0,0,0,0,0,0,0,0,0,0,0,0,0,0,0,0,0,0,8,9,7,10,7,11,6,11,6,12,5,12,5,13,4,13,4,13,3,13,3,13,3,13,3,12,3,12,3,12,3,12,4,11,5,11,5,11,5,11,5,11,6,11,6,11,7,11,7,11,7,11]
[1;31mE (153133) wifi:Invalid value(6) for Frm Count, Valid options - 0/8/16/24/32/64[0m
csi_data,[0,0,10,-9,9,-9,10,-9,9,-10,9,-10,8,-9,7,-9,7,-10,6,-9,6,-10,6,-10,5,-10,5,-10,4,-11,4,-10,4,-11,4,-11,5,-11,5,-11,5,-11,6,-10,6,-10,6,-9,6,-9,7,-8,7,-8,0,0,0,0,0,0,0,0,0,0,0,0,0,0,0,0,0,0,0,0,0,0,8,-10,9,-10,10,-10,11,-9,11,-9,12,-8,12,-8,12,-7,12,-7,12,-6,12,-6,12,-5,12,-5,12,-6,12,-6,11,-6,11,-6,10,-7,10,-8,10,-8,10,-9,10,-9,10,-9,10,-9,10,-9,10,-10]
[1;31mE (154133) wifi:Invalid value(6) for Frm Count, Valid options - 0/8/16/24/32/64[0m
csi_data,[0,0,-6,13,-7,13,-7,12,-6,12,-5,12,-5,12,-5,12,-4,12,-3,11,-3,12,-3,12,-2,11,-2,11,-1,12,-1,12,-1,12,-2,13,-1,12,-1,13,-2,12,-2,12,-3,12,-4,11,-4,11,-4,10,-5,9,0,0,0,0,0,0,0,0,0,0,0,0,0,0,0,0,0,0,0,0,0,0,-5,11,-6,11,-7,11,-8,11,-8,11,-9,11,-9,11,-10,10,-10,10,-11,10,-11,9,-10,9,-10,9,-10,9,-9,9,-9,10,-9,9,-8,10,-8,11,-7,11,-7,12,-7,12,-7,12,-7,12,-7,13,-7,12]
[1;31mE (155133) wifi:Invalid value(6) for Frm Count, Valid options - 0/8/16/24/32/64[0m
csi_data,[0,0,1,14,1,13,1,13,2,12,2,13,2,12,2,12,2,11,3,11,3,10,4,11,4,10,4,10,5,10,5,10,5,10,5,10,5,10,5,11,4,11,4,11,3,10,2,10,2,10,1,10,1,10,0,0,0,0,0,0,0,0,0,0,0,0,0,0,0,0,0,0,0,0,0,0,2,12,2,12,1,12,0,13,0,13,-1,14,-2,14,-2,13,-3,14,-4,13,-4,13,-4,13,-3,13,-3,13,-3,13,-2,12,-2,13,-1,12,-1,13,-1,13,0,13,0,13,0,13,1,13,1,13,1,14]
[1;31mE (156133) wifi:Invalid value(6) for Frm Count, Valid options - 0/8/16/24/32/64[0m
csi_data,[0,0,11,8,11,8,10,7,11,7,10,6,10,6,10,6,10,5,10,4,10,4,10,3,10,3,10,3,10,2,11,2,11,2,11,2,11,3,11,3,11,3,11,4,10,4,10,4,9,4,9,5,8,5,0,0,0,0,0,0,0,0,0,0,0,0,0,0,0,0,0,0,0,0,0,0,10,5,10,6,10,7,10,8,10,8,10,9,9,10,9,10,9,10,8,11,8,11,8,10,8,10,8,10,8,9,8,10,8,9,9,8,9,8,10,8,10,8,10,8,11,8,11,8,11,8,12,8]
[1;31mE (157133) wifi:Invalid value(6) for Frm Count, Valid options - 0/8/16/24/32/64[0m
csi_data,[0,0,-15,-1,-15,-1,-14,-1,-14,-1,-13,0,-13,1,-13,1,-13,1,-12,1,-12,2,-12,2,-12,2,-12,3,-12,3,-12,4,-12,4,-12,4,-12,3,-12,3,-12,2,-12,2,-12,2,-12,1,-12,1,-11,0,-11,0,0,0,0,0,0,0,0,0,0,0,0,0,0,0,0,0,0,0,0,0,0,0,-13,0,-14,-1,-14,-2,-14,-3,-14,-3,-14,-4,-14,-5,-14,-5,-14,-5,-14,-6,-13,-6,-13,-7,-13,-6,-13,-5,-13,-5,-13,-5,-13,-4,-13,-3,-13,-3,-14,-2,-14,-2,-14,-2,-15,-2,-15,-1,-15,-2,-15,-2]
[1;31mE (158133) wifi:Invalid value(6) for Frm Count, Valid options - 0/8/16/24/32/64[0m
csi_data,[0,0,13,-5,12,-6,12,-6,12,-6,11,-6,11,-6,10,-7,10,-7,9,-6,9,-7,9,-7,8,-8,8,-8,8,-8,8,-9,8,-8,9,-9,9,-9,9,-8,9,-8,9,-8,9,-7,9,-6,9,-6,9,-5,9,-4,0,0,0,0,0,0,0,0,0,0,0,0,0,0,0,0,0,0,0,0,0,0,11,-7,11,-6,12,-6,12,-5,13,-5,13,-4,14,-3,14,-2,14,-2,14,-2,13,-1,13,-1,14,-1,13,-2,13,-2,12,-3,12,-3,12,-4,12,-4,13,-4,13,-4,13,-6,13,-5,13,-5,13,-6,13,-6]
[1;31mE (159133) wifi:Invalid value(6) for Frm Count, Valid options - 0/8/16/24/32/64[0m
csi_data,[0,0,13,5,12,5,12,4,12,4,12,4,11,3,11,2,12,2,11,2,11,1,11,1,11,0,11,0,11,-1,11,0,11,-1,11,-1,12,0,11,0,11,1,11,1,11,1,10,1,10,2,10,2,9,3,0,0,0,0,0,0,0,0,0,0,0,0,0,0,0,0,0,0,0,0,0,0,12,3,11,4,12,5,11,6,12,6,11,7,11,7,11,8,11,8,10,8,10,9,10,9,10,8,9,8,10,7,10,7,10,7,11,6,11,6,11,6,12,5,12,5,12,5,13,5,12,5,13,5]
[1;31mE (160133) wifi:Invalid value(6) for Frm Count, Valid options - 0/8/16/24/32/64[0m
csi_data,[0,0,-7,-13,-8,-13,-8,-13,-7,-12,-8,-12,-8,-11,-8,-11,-8,-10,-8,-10,-9,-9,-9,-9,-9,-8,-9,-8,-10,-8,-10,-8,-10,-8,-10,-8,-10,-9,-10,-9,-10,-9,-9,-9,-9,-9,-8,-9,-8,-9,-7,-9,-7,-9,0,0,0,0,0,0,0,0,0,0,0,0,0,0,0,0,0,0,0,0,0,0,-8,-11,-7,-12,-6,-12,-6,-13,-5,-14,-5,-15,-4,-15,-4,-15,-4,-15,-3,-15,-3,-15,-3,-14,-3,-14,-3,-14,-4,-14,-4,-13,-4,-13,-5,-13,-5,-13,-6,-13,-6,-13,-6,-14,-7,-13,-7,-13,-7,-13,-8,-14]
[1;31mE (161133) wifi:Invalid value(6) for Frm Count, Valid options - 0/8/16/24/32/64[0m
csi_data,[0,0,-10,-11,-10,-10,-10,-10,-10,-10,-10,-9,-10,-9,-10,-8,-10,-8,-10,-7,-10,-6,-11,-6,-11,-5,-11,-5,-12,-5,-12,-5,-13,-5,-12,-5,-13,-6,-13,-6,-13,-6,-13,-7,-12,-7,-11,-7,-11,-7,-11,-8,-10,-9,0,0,0,0,0,0,0,0,0,0,0,0,0,0,0,0,0,0,0,0,0,0,-9,-9,-9,-11,-8,-11,-8,-12,-7,-12,-7,-13,-6,-14,-6,-14,-6,-14,-5,-13,-5,-13,-5,-13,-5,-13,-5,-13,-5,-13,-6,-12,-6,-12,-7,-11,-7,-11,-7,-11,-8,-11,-9,-11,-9,-11,-9,-11,-9,-11,-10,-11]
[1;31mE (162133) wifi:Invalid value(6) for Frm Count, Valid options - 0/8/16/24/32/64[0m
csi_data,[0,0,11,8,11,7,11,7,11,7,11,7,11,6,11,6,11,5,12,5,12,4,12,3,12,3,13,2,13,2,14,2,15,2,14,3,15,3,15,4,15,4,15,6,14,6,13,7,13,7,12,8,12,9,0,0,0,0,0,0,0,0,0,0,0,0,0,0,0,0,0,0,0,0,0,0,7,6,7,7,6,8,7,9,6,9,6,10,6,10,6,10,6,10,5,10,5,10,5,10,5,10,5,10,6,10,6,9,7,9,7,8,8,9,8,9,8,8,9,8,9,8,10,8,10,8,11,8]
[1;31mE (163133) wifi:Invalid value(6) for Frm Count, Valid options - 0/8/16/24/32/64[0m
csi_data,[0,0,-1,13,-1,13,0,13,0,13,0,13,1,12,1,12,2,12,2,11,3,11,4,11,4,11,5,11,5,12,6,12,6,12,6,13,6,13,5,13,5,14,4,14,4,14,3,15,2,14,2,14,0,14,0,0,0,0,0,0,0,0,0,0,0,0,0,0,0,0,0,0,0,0,0,0,-1,11,-2,12,-3,12,-3,12,-4,12,-4,12,-5,12,-5,12,-6,12,-6,12,-6,12,-6,11,-6,11,-6,11,-5,11,-4,11,-4,12,-4,11,-3,12,-3,12,-3,12,-2,13,-2,13,-1,13,-1,13,-1,13]
[1;31mE (164133) wifi:Invalid value(6) for Frm Count, Valid options - 0/8/16/24/32/64[0m
csi_data,[0,0,-5,-13,-6,-13,-6,-13,-6,-12,-6,-12,-6,-11,-7,-11,-7,-10,-7,-10,-8,-10,-9,-9,-9,-9,-9,-9,-10,-8,-10,-9,-11,-9,-11,-9,-11,-9,-11,-9,-11,-10,-11,-10,-10,-11,-9,-11,-9,-11,-8,-11,-7,-12,0,0,0,0,0,0,0,0,0,0,0,0,0,0,0,0,0,0,0,0,0,0,-5,-12,-5,-12,-4,-13,-3,-13,-2,-14,-2,-15,-1,-14,-1,-14,-1,-14,0,-14,0,-14,0,-14,0,-14,0,-13,-1,-13,-1,-13,-2,-13,-2,-13,-3,-13,-3,-13,-4,-13,-4,-13,-5,-13,-5,-13,-5,-13,-5,-13]
[1;31mE (165133) wifi:Invalid value(6) for Frm Count, Valid options - 0/8/16/24/32/64[0m
csi_data,[0,0,10,10,9,8,10,8,10,8,9,7,9,7,9,6,10,6,9,5,10,5,10,4,10,4,10,3,11,3,11,3,11,3,11,3,11,3,11,4,11,4,11,4,10,5,10,5,9,5,9,5,8,6,0,0,0,0,0,0,0,0,0,0,0,0,0,0,0,0,0,0,0,0,0,0,10,7,9,7,9,8,8,9,8,9,8,11,8,11,7,11,7,11,7,11,6,12,6,11,6,11,6,11,7,10,7,10,7,10,8,10,8,9,9,9,9,9,9,9,10,9,10,9,10,9,10,9]
[1;31mE (166133) wifi:Invalid value(6) for Frm Count, Valid options - 0/8/16/24/32/64[0m
csi_data,[0,0,10,-9,10,-9,10,-9,10,-9,9,-9,8,-9,8,-10,8,-9,7,-10,6,-10,6,-10,5,-10,5,-11,5,-11,5,-11,5,-11,5,-11,5,-11,6,-12,6,-11,6,-11,7,-10,7,-10,7,-9,7,-9,7,-8,0,0,0,0,0,0,0,0,0,0,0,0,0,0,0,0,0,0,0,0,0,0,8,-9,9,-9,9,-8,10,-8,11,-8,11,-7,12,-7,12,-6,12,-6,12,-6,12,-5,12,-5,12,-5,12,-5,12,-6,11,-6,11,-6,11,-7,10,-7,10,-8,11,-8,11,-9,10,-8,10,-9,11,-9,11,-9]
[1;31mE (167133) wifi:Invalid value(6) for Frm Count, Valid options - 0/8/16/24/32/64[0m
csi_data,[0,0,8,11,7,10,7,11,8,10,8,10,8,9,8,9,8,9,8,7,8,7,9,7,9,7,9,7,10,6,11,6,11,6,11,6,11,7,11,7,11,7,11,8,10,8,9,9,8,9,8,9,7,10,0,0,0,0,0,0,0,0,0,0,0,0,0,0,0,0,0,0,0,0,0,0,7,9,6,9,6,10,5,10,5,11,5,12,4,12,4,12,4,12,3,12,3,13,3,12,3,12,3,12,3,11,4,11,4,11,5,11,5,11,6,11,6,11,7,11,7,11,7,11,7,11,7,11]
[1;31mE (168133) wifi:Invalid value(6) for Frm Count, Valid options - 0/8/16/24/32/64[0m
csi_data,[0,0,3,14,3,14,3,13,3,13,3,13,3,13,4,12,4,12,5,12,5,11,6,11,6,11,6,11,7,11,7,11,7,11,7,12,7,12,7,12,6,13,6,13,5,13,4,13,4,12,3,13,2,13,0,0,0,0,0,0,0,0,0,0,0,0,0,0,0,0,0,0,0,0,0,0,2,11,1,11,1,11,0,12,0,12,-1,12,-1,13,-2,13,-2,13,-3,13,-2,13,-2,12,-3,12,-2,12,-2,12,-1,12,-1,12,0,12,0,12,1,13,1,13,1,13,2,14,2,14,3,14,2,14]
[1;31mE (169133) wifi:Invalid value(6) for Frm Count, Valid options - 0/8/16/24/32/64[0m
csi_data,[0,0,-9,11,-9,10,-9,10,-9,11,-8,10,-8,10,-8,10,-7,11,-6,10,-6,10,-6,11,-5,11,-5,11,-5,12,-4,12,-5,12,-5,12,-5,12,-6,12,-6,12,-6,12,-7,11,-7,11,-7,10,-8,9,-8,9,0,0,0,0,0,0,0,0,0,0,0,0,0,0,0,0,0,0,0,0,0,0,-7,9,-8,8,-9,8,-9,8,-10,8,-10,8,-11,7,-11,7,-11,7,-11,6,-12,6,-11,6,-11,6,-11,6,-11,6,-10,7,-10,7,-10,8,-10,8,-10,9,-9,9,-10,9,-10,10,-10,10,-10,10,-10,11]
