[0;32mI (107) esp_image: segment 1: paddr=00029b98 vaddr=3fc99b00 sizeESP-ROM:esp32s3-20210327[0m
Build:Mar 27 2021
rst:0x15 (USB_UART_CHIP_RESET),boot:0x8 (SPI_FAST_FLASH_BOOT)
Saved PC:0x4037ac12
SPIWP:0xee
mode:DIO, clock div:1
load:0x3fce2810,len:0x15a0
load:0x403c8700,len:0x4
load:0x403c8704,len:0xd20
load:0x403cb700,len:0x2ee4
entry 0x403c8928
[0;32mI (26) boot: ESP-IDF v5.4-dirty 2nd stage bootloader[0m
[0;32mI (27) boot: compile time Aug 31 2025 02:08:46[0m
[0;32mI (27) boot: Multicore bootloader[0m
[0;32mI (27) boot: chip revision: v0.2[0m
[0;32mI (30) boot: efuse block revision: v1.3[0m
[0;32mI (34) boot.esp32s3: Boot SPI Speed : 80MHz[0m
[0;32mI (37) boot.esp32s3: SPI Mode       : DIO[0m
[0;32mI (41) boot.esp32s3: SPI Flash Size : 2MB[0m
[0;32mI (45) boot: Enabling RNG early entropy source...[0m
[0;32mI (49) boot: Partition Table:[0m
[0;32mI (52) boot: ## Label            Usage          Type ST Offset   Length[0m
[0;32mI (58) boot:  0 nvs              WiFi data        01 02 00009000 00006000[0m
[0;32mI (65) boot:  1 phy_init         RF data          01 01 0000f000 00001000[0m
[0;32mI (71) boot:  2 factory          factory app      00 00 00010000 00100000[0m
[0;32mI (78) boot: End of partition table[0m
[0;32mI (81) esp_image: segment 0: paddr=00010020 vaddr=3c090020 size=19b70h (105328) map[0m
[0;32mI (107) esp_image: segment 1: paddr=00029b98 vaddr=3fc99b00 size=04988h ( 18824) load[0m
[0;32mI (111) esp_image: segment 2: paddr=0002e528 vaddr=40374000 size=01af0h (  6896) load[0m
[0;32mI (113) esp_image: segment 3: paddr=00030020 vaddr=42000020 size=84380h (541568) map[0m
[0;32mI (214) esp_image: segment 4: paddr=000b43a8 vaddr=40375af0 size=13f3ch ( 81724) load[0m
[0;32mI (232) esp_image: segment 5: paddr=000c82ec vaddr=600fe100 size=0001ch (    28) load[0m
[0;32mI (241) boot: Loaded app from partition at offset 0x10000[0m
[0;32mI (241) boot: Disabling RNG early entropy source...[0m
[0;32mI (251) cpu_start: Multicore app[0m
[0;32mI (261) cpu_start: Pro cpu start user code[0m
[0;32mI (261) cpu_start: cpu freq: 160000000 Hz[0m
[0;32mI (261) app_init: Application information:[0m
[0;32mI (261) app_init: Project name:     initiator[0m
[0;32mI (265) app_init: App version:      207a5d4-dirty[0m
[0;32mI (269) app_init: Compile time:     Aug 30 2025 22:35:46[0m
[0;32mI (274) app_init: ELF file SHA256:  36747dcfb...[0m
[0;32mI (279) app_init: ESP-IDF:          v5.4-dirty[0m
[0;32mI (283) efuse_init: Min chip rev:     v0.0[0m
[0;32mI (287) efuse_init: Max chip rev:     v0.99 [0m
[0;32mI (291) efuse_init: Chip rev:         v0.2[0m
[0;32mI (295) heap_init: Initializing. RAM available for dynamic allocation:[0m
[0;32mI (301) heap_init: At 3FCA20F0 len 00047620 (285 KiB): RAM[0m
[0;32mI (306) heap_init: At 3FCE9710 len 00005724 (21 KiB): RAM[0m
[0;32mI (311) heap_init: At 3FCF0000 len 00008000 (32 KiB): DRAM[0m
[0;32mI (316) heap_init: At 600FE11C len 00001ECC (7 KiB): RTCRAM[0m
[0;32mI (323) spi_flash: detected chip: gd[0m
[0;32mI (325) spi_flash: flash io: dio[0m
[0;33mW (328) spi_flash: Detected size(8192k) larger than the size in the binary image header(2048k). Using the size in the binary image header.[0m
[0;32mI (340) sleep_gpio: Configure to isolate all GPIO pins in sleep state[0m
[0;32mI (346) sleep_gpio: Enable automatic switching of GPIO sleep configuration[0m
[0;32mI (353) main_task: Started on CPU0[0m
[0;32mI (363) main_task: Calling app_main()[0m
[0;32mI (383) pp: pp rom version: e7ae62f[0m
[0;32mI (383) net80211: net80211 rom version: e7ae62f[0m
[0;32mI (393) wifi:wifi driver task: 3fcac318, prio:23, stack:6656, core=0[0m
[0;32mI (403) wifi:wifi firmware version: 48ea317a7[0m
[0;32mI (403) wifi:wifi certification version: v7.0[0m
[0;32mI (403) wifi:config NVS flash: enabled[0m
[0;32mI (403) wifi:config nano formatting: disabled[0m
[0;32mI (403) wifi:Init data frame dynamic rx buffer num: 32[0m
[0;32mI (403) wifi:Init static rx mgmt buffer num: 5[0m
[0;32mI (403) wifi:Init management short buffer num: 32[0m
[0;32mI (403) wifi:Init dynamic tx buffer num: 32[0m
[0;32mI (403) wifi:Init static tx FG buffer num: 2[0m
[0;32mI (403) wifi:Init static rx buffer size: 2212[0m
[0;32mI (403) wifi:Init static rx buffer num: 10[0m
[0;32mI (403) wifi:Init dynamic rx buffer num: 32[0m
[0;32mI (403) wifi_init: rx ba win: 6[0m
[0;32mI (403) wifi_init: accept mbox: 6[0m
[0;32mI (403) wifi_init: tcpip mbox: 32[0m
[0;32mI (403) wifi_init: udp mbox: 6[0m
[0;32mI (403) wifi_init: tcp mbox: 6[0m
[0;32mI (403) wifi_init: tcp tx win: 5760[0m
[0;32mI (403) wifi_init: tcp rx win: 5760[0m
[0;32mI (403) wifi_init: tcp mss: 1440[0m
[0;32mI (403) wifi_init: WiFi IRAM OP enabled[0m
[0;32mI (403) wifi_init: WiFi RX IRAM OP enabled[0m
[0;32mI (413) wifi:Set ps type: 0, coexist: 0[0m

[0;32mI (413) phy_init: phy_version 680,a6008b2,Jun  4 2024,16:41:10[0m
[0;32mI (443) wifi:mode : sta (24:ec:4a:04:74:58)[0m
[0;32mI (443) wifi:enable tsf[0m
[0;33mW (443) wifi:Password length matches WPA2 standards, authmode threshold changes from OPEN to WPA2[0m
[0;32mI (473) wifi:new:<1,0>, old:<1,0>, ap:<255,255>, sta:<1,0>, prof:1, snd_ch_cfg:0x0[0m
[0;32mI (473) wifi:state: init -> auth (0xb0)[0m
[0;32mI (483) wifi:state: auth -> assoc (0x0)[0m
[0;32mI (483) wifi:Association refused temporarily time 1500, comeback time 1600 (TUs)[0m
[0;32mI (2123) wifi:state: assoc -> assoc (0x0)[0m
[0;32mI (2133) wifi:state: assoc -> run (0x10)[0m
[0;32mI (2153) wifi:connected with FTM, aid = 1, channel 1, BW20, bssid = 24:ec:4a:03:58:5d[0m
[0;32mI (2153) wifi:security: WPA2-PSK, phy: bgn, rssi: -6[0m
[0;32mI (2163) wifi:pm start, type: 0[0m

[0;32mI (2163) wifi:dp: 1, bi: 102400, li: 3, scale listen interval from 307200 us to 307200 us[0m
[0;32mI (2163) wifi:set rx beacon pti, rx_bcn_pti: 0, bcn_timeout: 25000, mt_pti: 0, mt_time: 10000[0m
[0;32mI (2163) wifi:AP's beacon interval = 102400 us, DTIM period = 1[0m
[0;32mI (2163) TAG: STA connected to 24:ec:4a:03:58:5d, ch=1 (sec=0)[0m
[0;32mI (2163) wifi:ic_enable_sniffer[0m
[0;32mI (2163) TAG: Ready (multi-anchor): FTM burst + CSI 1Hz, UART=921600.[0m
[0;32mI (2163) main_task: Returned from app_main()[0m
[0;32mI (2183) wifi:ic_disable_sniffer[0m
[0;33mW (2183) wifi:Starting FTM session with 24:ec:4a:03:58:5d[0m
[0;33mW (2183) wifi:Mode: ASAP, Bursts: 1, FTM's per burst: 8, Burst Period: 300mSec, Burst Duration: 32000uSec[0m
[0;33mW (2193) wifi:FTM session ends with 7 valid readings out of 7 readings received, Avg raw RTT: 14.286 nSec, Avg RSSI: -7[0m
[0;32mI (2293) wifi:ic_enable_sniffer[0m
anchor,A1,24:ec:4a:03:58:5d,ch=1
ftm_report,A1,14,14,2.100
csi_data,A1,[0,0,14,1,13,1,13,0,13,0,13,0,12,0,12,-1,12,-1,11,-2,11,-3,11,-3,11,-4,11,-4,11,-4,11,-4,11,-4,11,-4,11,-4,11,-3,11,-3,11,-2,11,-2,10,-2,10,-1,10,-1,9,0,0,0,0,0,0,0,0,0,0,0,0,0,0,0,0,0,0,0,0,0,0,0,12,0,12,1,13,1,13,2,13,3,13,3,13,4,13,5,13,5,12,6,12,6,12,6,12,5,12,5,12,5,12,4,12,4,12,3,12,3,13,3,13,2,13,2,13,2,14,1,14,1,14,1]
[0;32mI (3173) esp_netif_handlers: sta ip: 192.168.4.2, mask: 255.255.255.0, gw: 192.168.4.1[0m
[0;32mI (3313) wifi:ic_disable_sniffer[0m
[0;32mI (3913) wifi:ic_enable_sniffer[0m
[0;33mW (3913) TAG: FTM to A2 failed (ESP_FAIL), streak=1[0m
csi_data,A2,[0,0,-9,-12,-9,-12,-9,-12,-9,-12,-10,-11,-10,-11,-10,-10,-10,-10,-10,-10,-11,-9,-11,-9,-11,-8,-11,-8,-12,-8,-12,-8,-12,-8,-12,-8,-12,-9,-12,-9,-11,-10,-11,-10,-10,-10,-10,-10,-9,-10,-8,-11,-8,-11,0,0,0,0,0,0,0,0,0,0,0,0,0,0,0,0,0,0,0,0,0,0,-6,-8,-6,-9,-6,-9,-5,-10,-5,-10,-5,-11,-4,-11,-4,-12,-4,-12,-4,-12,-4,-12,-4,-12,-4,-12,-4,-11,-4,-11,-4,-11,-5,-11,-6,-11,-6,-11,-7,-11,-7,-11,-8,-11,-9,-11,-9,-11,-9,-11,-9,-12]
[0;32mI (4933) wifi:ic_disable_sniffer[0m
csi_data,A2,[0,0,-8,12,-8,12,-8,12,-7,12,-7,12,-6,12,-6,12,-5,12,-5,12,-4,12,-4,12,-4,12,-3,12,-3,13,-3,13,-3,14,-4,13,-4,14,-4,14,-4,13,-5,13,-6,12,-6,12,-7,11,-7,10,-8,10,0,0,0,0,0,0,0,0,0,0,0,0,0,0,0,0,0,0,0,0,0,0,-6,8,-6,8,-7,7,-8,8,-8,7,-9,8,-9,7,-9,7,-10,7,-10,6,-10,7,-10,7,-10,7,-9,7,-9,7,-9,7,-9,8,-8,8,-8,9,-8,9,-8,10,-8,10,-7,11,-8,11,-8,11,-7,12]
[0;32mI (5533) wifi:ic_enable_sniffer[0m
[0;33mW (5533) TAG: FTM to A3 failed (ESP_FAIL), streak=2[0m
[0;32mI (6553) wifi:ic_disable_sniffer[0m
[0;33mW (6553) wifi:Starting FTM session with 24:ec:4a:03:58:5d[0m
[0;33mW (6553) wifi:Mode: ASAP, Bursts: 1, FTM's per burst: 8, Burst Period: 300mSec, Burst Duration: 32000uSec[0m
[0;33mW (6573) wifi:FTM session ends with 7 valid readings out of 7 readings received, Avg raw RTT: 17.858 nSec, Avg RSSI: -7[0m
[0;32mI (6673) wifi:ic_enable_sniffer[0m
anchor,A1,24:ec:4a:03:58:5d,ch=1
ftm_report,A1,17,17,2.550
csi_data,A1,[0,0,4,13,4,13,4,13,4,12,5,12,5,11,5,11,5,10,5,10,6,9,6,9,7,8,7,8,7,9,7,8,8,9,7,9,7,9,7,9,6,9,6,9,5,9,5,9,4,9,4,9,3,9,0,0,0,0,0,0,0,0,0,0,0,0,0,0,0,0,0,0,0,0,0,0,5,11,4,12,3,12,3,13,2,13,1,14,1,14,0,14,0,14,-1,14,-1,14,-1,14,-1,13,-1,13,0,13,0,13,1,13,1,12,2,13,2,13,2,13,3,13,3,13,4,13,4,13,4,13]
[0;32mI (7693) wifi:ic_disable_sniffer[0m
csi_data,A1,[0,0,-13,6,-13,6,-13,6,-12,6,-12,6,-11,6,-11,6,-10,7,-10,7,-9,7,-9,8,-8,8,-8,8,-8,9,-8,9,-8,9,-8,9,-8,9,-9,9,-9,8,-9,8,-9,7,-9,6,-9,6,-9,5,-9,4,0,0,0,0,0,0,0,0,0,0,0,0,0,0,0,0,0,0,0,0,0,0,-11,6,-12,6,-13,5,-13,4,-14,4,-14,3,-15,3,-15,2,-15,2,-15,1,-15,1,-15,1,-14,1,-14,1,-14,1,-14,2,-13,2,-13,3,-13,3,-13,4,-13,4,-13,5,-13,5,-14,5,-13,6,-13,6]
[0;32mI (8293) wifi:ic_enable_sniffer[0m
[0;33mW (8293) TAG: FTM to A2 failed (ESP_FAIL), streak=1[0m
csi_data,A2,[0,0,12,-8,12,-8,12,-9,11,-8,12,-9,11,-9,10,-9,10,-9,10,-9,9,-10,9,-10,9,-10,8,-11,9,-11,9,-11,9,-12,9,-11,10,-11,10,-11,10,-10,11,-10,11,-9,11,-8,11,-7,11,-7,11,-6,0,0,0,0,0,0,0,0,0,0,0,0,0,0,0,0,0,0,0,0,0,0,8,-6,8,-6,9,-5,9,-5,10,-5,11,-4,11,-4,11,-4,11,-3,11,-3,11,-3,11,-3,11,-3,11,-3,11,-4,10,-4,11,-4,10,-5,11,-6,11,-6,11,-7,11,-7,11,-8,11,-8,12,-8,12,-8]
[0;32mI (9313) wifi:ic_disable_sniffer[0m
[0;32mI (9913) wifi:ic_enable_sniffer[0m
[0;33mW (9913) TAG: FTM to A3 failed (ESP_FAIL), streak=2[0m
csi_data,A2,[0,0,-12,10,-12,9,-12,9,-11,9,-11,10,-10,9,-10,10,-9,10,-9,10,-8,10,-8,10,-8,11,-8,11,-8,11,-7,11,-8,12,-8,12,-8,12,-9,12,-9,11,-10,11,-10,10,-10,9,-11,9,-11,8,-11,7,0,0,0,0,0,0,0,0,0,0,0,0,0,0,0,0,0,0,0,0,0,0,-8,6,-9,6,-9,6,-10,5,-10,5,-11,5,-11,5,-12,4,-12,4,-12,4,-12,4,-12,4,-12,4,-11,4,-11,4,-11,4,-11,5,-11,6,-11,6,-11,7,-11,7,-11,8,-11,8,-11,9,-12,9,-11,9]
[0;32mI (10933) wifi:ic_disable_sniffer[0m
[0;33mW (10933) wifi:Starting FTM session with 24:ec:4a:03:58:5d[0m
[0;33mW (10933) wifi:Mode: ASAP, Bursts: 1, FTM's per burst: 8, Burst Period: 300mSec, Burst Duration: 32000uSec[0m
[0;33mW (10943) wifi:FTM session ends with 7 valid readings out of 7 readings received, Avg raw RTT: 15.179 nSec, Avg RSSI: -7[0m
[0;32mI (11043) wifi:ic_enable_sniffer[0m
anchor,A1,24:ec:4a:03:58:5d,ch=1
ftm_report,A1,15,15,2.250
csi_data,A1,[0,0,3,14,3,13,3,13,3,12,4,12,4,12,4,11,5,11,5,10,5,10,6,10,6,9,6,9,7,9,7,9,7,9,7,9,7,10,6,10,6,10,5,10,5,10,4,10,4,10,3,10,2,10,0,0,0,0,0,0,0,0,0,0,0,0,0,0,0,0,0,0,0,0,0,0,4,11,4,12,3,12,2,13,2,13,1,14,0,14,-1,14,-1,14,-1,14,-2,14,-2,14,-1,14,-1,13,-1,13,-1,13,0,13,0,13,1,13,1,13,2,13,2,13,2,13,3,14,3,14,3,14]
[0;32mI (12063) wifi:ic_disable_sniffer[0m
csi_data,A1,[0,0,8,-12,7,-11,7,-12,7,-11,6,-12,6,-11,5,-11,5,-11,4,-11,3,-11,3,-12,3,-11,2,-12,2,-12,2,-12,2,-12,2,-12,2,-12,3,-12,3,-12,4,-11,4,-11,4,-10,4,-10,5,-9,5,-9,0,0,0,0,0,0,0,0,0,0,0,0,0,0,0,0,0,0,0,0,0,0,6,-11,7,-11,7,-10,8,-11,9,-10,10,-10,10,-10,10,-9,11,-9,11,-8,11,-8,11,-8,11,-8,11,-8,10,-8,9,-8,10,-9,9,-9,9,-10,9,-10,8,-10,9,-11,8,-11,8,-12,8,-12,8,-12]
[0;32mI (12663) wifi:ic_enable_sniffer[0m
[0;33mW (12663) TAG: FTM to A2 failed (ESP_FAIL), streak=1[0m
csi_data,A2,[0,0,13,-6,13,-6,13,-6,13,-6,13,-6,12,-6,12,-6,11,-7,11,-7,11,-8,11,-8,10,-8,10,-9,10,-9,11,-9,11,-9,11,-9,11,-9,11,-9,12,-8,12,-8,12,-7,12,-6,12,-5,12,-4,12,-3,0,0,0,0,0,0,0,0,0,0,0,0,0,0,0,0,0,0,0,0,0,0,9,-4,9,-4,10,-3,10,-3,11,-3,11,-2,11,-2,11,-1,12,-1,12,0,12,0,11,0,11,0,11,-1,11,-1,11,-2,11,-2,11,-3,11,-3,12,-4,12,-4,12,-5,12,-5,13,-5,13,-5,13,-6]
[0;32mI (13683) wifi:ic_disable_sniffer[0m
csi_data,A2,[0,0,10,10,10,10,10,10,10,10,10,9,10,9,10,8,10,8,10,8,11,7,11,7,11,6,11,6,12,6,12,6,12,6,12,6,12,7,12,7,11,8,11,8,10,8,10,9,9,9,8,9,7,10,0,0,0,0,0,0,0,0,0,0,0,0,0,0,0,0,0,0,0,0,0,0,7,7,6,7,6,8,6,9,6,9,5,10,5,10,5,10,5,11,4,10,4,11,4,11,4,10,4,10,5,10,5,10,5,10,6,9,7,9,7,9,8,9,8,9,9,10,9,10,9,10,10,10]
[0;32mI (14283) wifi:ic_enable_sniffer[0m
[0;33mW (14283) TAG: FTM to A3 failed (ESP_FAIL), streak=2[0m
[0;32mI (15303) wifi:ic_disable_sniffer[0m
[0;33mW (15303) wifi:Starting FTM session with 24:ec:4a:03:58:5d[0m
[0;33mW (15303) wifi:Mode: ASAP, Bursts: 1, FTM's per burst: 8, Burst Period: 300mSec, Burst Duration: 32000uSec[0m
[0;33mW (15313) wifi:FTM session ends with 7 valid readings out of 7 readings received, Avg raw RTT: 16.518 nSec, Avg RSSI: -7[0m
[0;32mI (15413) wifi:ic_enable_sniffer[0m
anchor,A1,24:ec:4a:03:58:5d,ch=1
ftm_report,A1,16,16,2.400
csi_data,A1,[0,0,11,9,11,8,11,8,10,8,10,7,10,7,10,6,10,5,10,5,10,4,10,4,11,3,11,3,11,3,11,3,11,3,11,3,11,3,11,4,10,4,10,5,10,5,9,5,9,5,8,5,7,6,0,0,0,0,0,0,0,0,0,0,0,0,0,0,0,0,0,0,0,0,0,0,10,6,10,7,10,8,10,9,9,10,9,10,8,11,8,11,8,12,7,12,7,12,7,12,7,12,7,11,7,11,7,10,7,10,8,9,8,10,9,9,9,9,10,9,10,9,10,9,11,9,11,9]
[0;32mI (16433) wifi:ic_disable_sniffer[0m
[0;32mI (17033) wifi:ic_enable_sniffer[0m
[0;33mW (17033) TAG: FTM to A2 failed (ESP_FAIL), streak=1[0m
csi_data,A1,[0,0,-14,-7,-13,-7,-14,-6,-13,-6,-13,-6,-13,-5,-13,-5,-12,-4,-12,-3,-12,-3,-12,-3,-12,-2,-12,-2,-13,-2,-12,-1,-13,-1,-12,-1,-13,-2,-13,-2,-12,-2,-12,-3,-12,-3,-11,-3,-10,-4,-10,-4,-9,-5,0,0,0,0,0,0,0,0,0,0,0,0,0,0,0,0,0,0,0,0,0,0,-12,-4,-13,-5,-12,-6,-13,-7,-12,-8,-12,-9,-12,-9,-12,-10,-11,-10,-11,-10,-11,-11,-11,-11,-10,-11,-10,-10,-11,-10,-10,-9,-11,-9,-11,-8,-12,-8,-12,-8,-12,-8,-13,-8,-13,-7,-13,-7,-14,-7,-14,-7]
[0;32mI (18053) wifi:ic_disable_sniffer[0m
csi_data,A2,[0,0,-9,12,-9,11,-9,11,-8,11,-8,11,-8,11,-7,11,-7,11,-6,12,-5,12,-5,12,-5,12,-5,12,-4,13,-4,13,-4,13,-5,13,-5,13,-5,13,-6,13,-6,13,-7,12,-7,11,-8,11,-8,10,-8,9,0,0,0,0,0,0,0,0,0,0,0,0,0,0,0,0,0,0,0,0,0,0,-7,8,-8,8,-8,7,-9,7,-9,7,-10,7,-10,7,-10,6,-11,6,-11,5,-11,6,-11,6,-11,6,-10,6,-10,6,-10,6,-10,7,-9,8,-9,8,-9,9,-9,9,-9,10,-9,10,-9,11,-9,11,-9,11]
[0;32mI (18653) wifi:ic_enable_sniffer[0m
[0;33mW (18653) TAG: FTM to A3 failed (ESP_FAIL), streak=2[0m
[0;32mI (19673) wifi:ic_disable_sniffer[0m
[0;33mW (19673) wifi:Starting FTM session with 24:ec:4a:03:58:5d[0m
[0;33mW (19673) wifi:Mode: ASAP, Bursts: 1, FTM's per burst: 8, Burst Period: 300mSec, Burst Duration: 32000uSec[0m
[0;33mW (19683) wifi:FTM session ends with 7 valid readings out of 7 readings received, Avg raw RTT: 15.402 nSec, Avg RSSI: -7[0m
[0;32mI (19783) wifi:ic_enable_sniffer[0m
anchor,A1,24:ec:4a:03:58:5d,ch=1
ftm_report,A1,15,15,2.250
csi_data,A1,[0,0,0,14,0,14,0,13,0,13,0,12,1,12,1,12,1,11,2,11,2,11,3,11,3,10,4,10,4,10,4,11,4,11,4,11,4,11,3,11,2,11,2,11,2,11,1,10,1,10,0,10,-1,9,0,0,0,0,0,0,0,0,0,0,0,0,0,0,0,0,0,0,0,0,0,0,2,11,1,12,0,12,-1,13,-1,13,-2,14,-3,13,-4,14,-4,14,-4,13,-4,13,-5,13,-4,13,-4,13,-4,12,-3,12,-3,13,-2,12,-2,13,-2,13,-1,13,-1,13,-1,14,0,14,0,14,0,14]
[0;32mI (20803) wifi:ic_disable_sniffer[0m
csi_data,A1,[0,0,12,7,12,6,12,6,12,5,12,5,11,5,11,4,11,3,11,3,11,2,11,2,11,1,11,1,11,1,12,0,12,0,12,0,12,1,12,1,11,2,11,2,11,2,10,3,10,3,9,3,8,4,0,0,0,0,0,0,0,0,0,0,0,0,0,0,0,0,0,0,0,0,0,0,11,4,11,5,11,6,11,7,11,7,11,8,11,9,10,10,10,10,10,10,9,10,9,10,9,10,9,9,9,9,10,9,10,8,10,8,10,8,11,7,11,7,12,7,12,7,12,7,13,6,13,7]
[0;32mI (21403) wifi:ic_enable_sniffer[0m
[0;33mW (21403) TAG: FTM to A2 failed (ESP_FAIL), streak=1[0m
csi_data,A2,[0,0,0,-16,0,-15,0,-15,0,-15,0,-15,-1,-15,-1,-14,-2,-14,-2,-14,-3,-14,-3,-14,-4,-14,-4,-14,-4,-14,-4,-14,-4,-15,-4,-15,-4,-15,-3,-15,-3,-15,-2,-15,-1,-15,-1,-14,0,-14,1,-14,1,-13,0,0,0,0,0,0,0,0,0,0,0,0,0,0,0,0,0,0,0,0,0,0,0,-11,0,-11,1,-11,2,-11,2,-12,3,-12,3,-12,4,-12,4,-12,4,-12,5,-12,5,-12,4,-11,4,-11,4,-12,3,-12,3,-12,2,-13,2,-13,2,-13,1,-13,1,-14,0,-15,0,-15,0,-15,0,-16]
[0;32mI (22423) wifi:ic_disable_sniffer[0m
[0;32mI (23023) wifi:ic_enable_sniffer[0m
[0;33mW (23023) TAG: FTM to A3 failed (ESP_FAIL), streak=2[0m
csi_data,A2,[0,0,-11,-11,-11,-10,-11,-10,-11,-10,-11,-10,-11,-9,-11,-9,-11,-8,-12,-8,-12,-7,-12,-7,-12,-7,-12,-6,-13,-6,-13,-6,-13,-7,-13,-7,-13,-7,-13,-8,-13,-8,-13,-9,-12,-9,-11,-9,-10,-9,-10,-10,-9,-10,0,0,0,0,0,0,0,0,0,0,0,0,0,0,0,0,0,0,0,0,0,0,-8,-7,-8,-8,-7,-9,-7,-9,-7,-10,-7,-10,-7,-11,-6,-11,-6,-11,-6,-11,-5,-12,-5,-11,-6,-11,-6,-11,-6,-11,-7,-11,-7,-10,-8,-10,-8,-10,-9,-10,-9,-10,-10,-10,-10,-10,-10,-10,-11,-10,-11,-10]
[0;32mI (24043) wifi:ic_disable_sniffer[0m
[0;33mW (24043) wifi:Starting FTM session with 24:ec:4a:03:58:5d[0m
[0;33mW (24043) wifi:Mode: ASAP, Bursts: 1, FTM's per burst: 8, Burst Period: 300mSec, Burst Duration: 32000uSec[0m
[0;33mW (24053) wifi:FTM session ends with 7 valid readings out of 7 readings received, Avg raw RTT: 14.956 nSec, Avg RSSI: -7[0m
[0;32mI (24153) wifi:ic_enable_sniffer[0m
anchor,A1,24:ec:4a:03:58:5d,ch=1
ftm_report,A1,14,14,2.100
csi_data,A1,[0,0,2,-15,2,-14,1,-14,2,-14,1,-14,0,-13,0,-13,-1,-13,-1,-13,-1,-13,-2,-13,-2,-12,-3,-12,-3,-13,-3,-12,-3,-13,-3,-13,-3,-13,-3,-13,-2,-13,-2,-13,-1,-12,0,-12,0,-11,1,-11,1,-11,0,0,0,0,0,0,0,0,0,0,0,0,0,0,0,0,0,0,0,0,0,0,1,-13,1,-13,2,-13,3,-14,4,-14,5,-14,5,-14,6,-14,6,-14,7,-13,7,-13,7,-13,6,-12,6,-12,6,-12,5,-12,5,-13,4,-13,4,-13,4,-13,3,-14,3,-14,3,-14,3,-14,2,-15,2,-15]
[0;32mI (25173) wifi:ic_disable_sniffer[0m
[0;32mI (25773) wifi:ic_enable_sniffer[0m
[0;33mW (25773) TAG: FTM to A2 failed (ESP_FAIL), streak=1[0m
csi_data,A2,[0,0,14,-3,14,-4,13,-4,14,-4,13,-4,13,-4,13,-5,12,-5,12,-5,12,-6,11,-6,11,-7,11,-7,11,-7,12,-8,12,-8,12,-8,12,-7,13,-7,13,-6,13,-6,13,-5,13,-4,12,-4,12,-3,12,-2,0,0,0,0,0,0,0,0,0,0,0,0,0,0,0,0,0,0,0,0,0,0,9,-3,10,-2,10,-1,10,-1,11,-1,11,0,11,0,11,0,12,1,11,1,11,1,11,1,11,1,11,1,11,0,11,0,11,0,11,-1,12,-1,12,-2,12,-2,13,-3,13,-3,13,-3,13,-3,14,-4]
[0;32mI (26793) wifi:ic_disable_sniffer[0m
csi_data,A2,[0,0,8,12,8,11,8,11,8,11,8,10,8,10,8,10,9,9,9,9,10,8,10,8,10,7,10,7,11,7,11,8,11,8,11,8,11,8,11,9,10,10,10,10,9,10,8,10,8,10,7,10,6,10,0,0,0,0,0,0,0,0,0,0,0,0,0,0,0,0,0,0,0,0,0,0,5,8,5,8,5,9,4,9,4,10,3,10,3,11,3,11,3,11,2,11,2,11,2,11,3,11,3,11,3,11,3,11,4,11,5,11,5,10,5,10,6,10,6,11,7,11,8,11,8,11,8,11]
[0;32mI (27393) wifi:ic_enable_sniffer[0m
[0;33mW (27393) TAG: FTM to A3 failed (ESP_FAIL), streak=2[0m
[0;32mI (28413) wifi:ic_disable_sniffer[0m
[0;33mW (28413) wifi:Starting FTM session with 24:ec:4a:03:58:5d[0m
[0;33mW (28413) wifi:Mode: ASAP, Bursts: 1, FTM's per burst: 8, Burst Period: 300mSec, Burst Duration: 32000uSec[0m
[0;33mW (28423) wifi:FTM session ends with 7 valid readings out of 7 readings received, Avg raw RTT: 18.80 nSec, Avg RSSI: -8[0m
[0;32mI (28533) wifi:ic_enable_sniffer[0m
anchor,A1,24:ec:4a:03:58:5d,ch=1
ftm_report,A1,18,18,2.700
csi_data,A1,[0,0,13,6,13,5,13,5,12,5,12,4,12,4,12,3,12,3,11,2,11,1,12,1,12,0,12,0,12,0,12,0,12,0,12,0,12,1,12,1,12,1,12,2,11,2,11,3,10,3,10,3,9,4,0,0,0,0,0,0,0,0,0,0,0,0,0,0,0,0,0,0,0,0,0,0,11,3,11,4,11,5,11,6,12,7,11,8,11,8,11,9,10,9,10,9,10,9,10,9,10,9,10,9,10,9,10,8,10,8,10,7,11,7,11,7,11,7,12,6,12,6,13,6,13,6,13,6]
[0;32mI (29553) wifi:ic_disable_sniffer[0m
[0;32mI (30153) wifi:ic_enable_sniffer[0m
[0;33mW (30153) TAG: FTM to A2 failed (ESP_FAIL), streak=1[0m
csi_data,A1,[0,0,-9,11,-9,10,-9,10,-8,10,-7,10,-7,10,-7,10,-6,10,-6,10,-5,10,-5,10,-4,10,-4,10,-4,11,-4,11,-3,11,-4,11,-4,11,-4,11,-5,11,-5,10,-6,9,-6,9,-6,8,-6,8,-7,7,0,0,0,0,0,0,0,0,0,0,0,0,0,0,0,0,0,0,0,0,0,0,-7,10,-8,10,-9,9,-9,9,-10,9,-11,9,-11,8,-11,8,-12,8,-12,7,-12,7,-12,7,-12,7,-11,7,-11,7,-11,7,-10,7,-10,8,-10,8,-10,9,-9,9,-9,9,-9,10,-9,10,-9,11,-9,11]
csi_data,A2,[0,0,-13,7,-13,7,-13,7,-13,7,-12,7,-12,7,-12,8,-11,8,-11,8,-10,9,-10,9,-9,10,-9,10,-9,10,-9,10,-9,10,-10,10,-10,10,-11,10,-11,9,-11,9,-12,8,-12,7,-12,7,-12,6,-12,5,0,0,0,0,0,0,0,0,0,0,0,0,0,0,0,0,0,0,0,0,0,0,-9,4,-10,4,-11,3,-11,3,-12,3,-12,2,-12,2,-12,2,-12,1,-13,1,-13,1,-12,1,-12,1,-12,1,-12,2,-12,2,-12,3,-12,4,-12,4,-12,4,-12,5,-13,5,-13,6,-13,7,-13,7,-13,7]
[0;32mI (31173) wifi:ic_disable_sniffer[0m
[0;32mI (31773) wifi:ic_enable_sniffer[0m
[0;33mW (31773) TAG: FTM to A3 failed (ESP_FAIL), streak=2[0m
[0;32mI (32793) wifi:ic_disable_sniffer[0m
[0;33mW (32793) wifi:Starting FTM session with 24:ec:4a:03:58:5d[0m
[0;33mW (32793) wifi:Mode: ASAP, Bursts: 1, FTM's per burst: 8, Burst Period: 300mSec, Burst Duration: 32000uSec[0m
[0;33mW (32803) wifi:FTM session ends with 7 valid readings out of 7 readings received, Avg raw RTT: 12.500 nSec, Avg RSSI: -8[0m
[0;32mI (32903) wifi:ic_enable_sniffer[0m
anchor,A1,24:ec:4a:03:58:5d,ch=1
ftm_report,A1,12,12,1.800
csi_data,A1,[0,0,6,13,6,12,6,12,6,11,7,11,7,10,7,10,7,9,7,9,7,8,8,8,8,7,9,7,9,7,9,7,9,7,9,7,9,8,9,8,8,8,8,8,7,8,7,8,6,8,5,8,5,9,0,0,0,0,0,0,0,0,0,0,0,0,0,0,0,0,0,0,0,0,0,0,6,10,5,11,5,11,4,12,4,13,3,13,3,14,2,14,2,14,1,14,1,14,1,14,1,13,1,13,2,13,2,13,2,13,3,12,3,12,4,12,4,12,5,13,5,12,6,13,6,13,6,13]
[0;32mI (33923) wifi:ic_disable_sniffer[0m
csi_data,A1,[0,0,-5,-14,-6,-14,-6,-14,-6,-13,-6,-13,-6,-12,-7,-12,-7,-11,-7,-11,-7,-10,-8,-10,-8,-9,-9,-9,-9,-9,-9,-9,-9,-10,-9,-10,-9,-10,-9,-10,-8,-10,-8,-10,-7,-10,-7,-10,-6,-10,-5,-10,-5,-10,0,0,0,0,0,0,0,0,0,0,0,0,0,0,0,0,0,0,0,0,0,0,-6,-12,-5,-13,-4,-13,-4,-14,-3,-14,-2,-15,-2,-15,-1,-15,-1,-15,0,-15,0,-15,0,-15,0,-14,0,-14,-1,-14,-1,-14,-2,-14,-2,-13,-3,-14,-3,-14,-4,-14,-4,-14,-5,-14,-5,-14,-5,-14,-5,-14]
[0;32mI (34523) wifi:ic_enable_sniffer[0m
[0;33mW (34523) TAG: FTM to A2 failed (ESP_FAIL), streak=1[0m
csi_data,A2,[0,0,12,-8,12,-8,12,-8,12,-8,12,-9,11,-8,11,-9,10,-9,10,-9,9,-10,9,-10,9,-10,8,-10,9,-11,9,-11,9,-11,9,-11,10,-11,10,-11,10,-10,11,-10,11,-9,11,-8,11,-8,11,-7,11,-6,0,0,0,0,0,0,0,0,0,0,0,0,0,0,0,0,0,0,0,0,0,0,8,-6,9,-5,9,-5,10,-4,10,-4,11,-4,11,-3,11,-3,11,-3,11,-2,12,-2,11,-2,12,-3,11,-3,11,-3,11,-3,11,-4,11,-5,11,-5,11,-6,11,-6,12,-7,11,-7,12,-7,12,-8,12,-8]
[0;32mI (35543) wifi:ic_disable_sniffer[0m
[0;32mI (36143) wifi:ic_enable_sniffer[0m
[0;33mW (36143) TAG: FTM to A3 failed (ESP_FAIL), streak=2[0m
csi_data,A2,[0,0,-10,-12,-10,-11,-10,-11,-10,-11,-10,-11,-10,-10,-10,-10,-11,-9,-11,-9,-11,-8,-11,-8,-12,-7,-12,-7,-13,-7,-12,-7,-13,-8,-12,-8,-13,-8,-13,-9,-12,-9,-11,-9,-11,-10,-10,-10,-10,-10,-9,-10,-8,-11,0,0,0,0,0,0,0,0,0,0,0,0,0,0,0,0,0,0,0,0,0,0,-7,-8,-7,-9,-6,-9,-6,-10,-6,-10,-6,-11,-5,-11,-5,-12,-5,-12,-5,-11,-5,-12,-4,-12,-5,-11,-5,-11,-5,-11,-5,-11,-6,-11,-6,-11,-7,-11,-8,-11,-8,-11,-9,-11,-9,-11,-10,-11,-10,-11,-10,-12]
[0;32mI (37163) wifi:ic_disable_sniffer[0m
[0;33mW (37163) wifi:Starting FTM session with 24:ec:4a:03:58:5d[0m
[0;33mW (37163) wifi:Mode: ASAP, Bursts: 1, FTM's per burst: 8, Burst Period: 300mSec, Burst Duration: 32000uSec[0m
[0;33mW (37173) wifi:FTM session ends with 7 valid readings out of 7 readings received, Avg raw RTT: 17.634 nSec, Avg RSSI: -8[0m
[0;32mI (37273) wifi:ic_enable_sniffer[0m
anchor,A1,24:ec:4a:03:58:5d,ch=1
ftm_report,A1,17,17,2.550
csi_data,A1,[0,0,12,-8,11,-9,11,-9,11,-9,10,-8,10,-8,9,-9,9,-9,8,-9,8,-9,7,-10,6,-10,6,-10,6,-11,6,-11,6,-11,7,-11,7,-11,7,-11,8,-10,8,-10,8,-9,8,-8,8,-8,8,-7,8,-6,0,0,0,0,0,0,0,0,0,0,0,0,0,0,0,0,0,0,0,0,0,0,9,-8,10,-8,11,-7,11,-7,12,-6,13,-6,13,-5,13,-4,14,-4,14,-3,14,-4,13,-4,13,-3,13,-4,12,-4,12,-4,12,-5,12,-5,12,-6,12,-6,12,-6,12,-7,12,-8,12,-8,12,-8,12,-8]
[0;32mI (38293) wifi:ic_disable_sniffer[0m
[0;32mI (38893) wifi:ic_enable_sniffer[0m
[0;33mW (38893) TAG: FTM to A2 failed (ESP_FAIL), streak=1[0m
csi_data,A2,[0,0,-13,8,-13,8,-13,8,-12,8,-12,8,-12,8,-11,8,-11,8,-10,9,-10,9,-10,9,-9,10,-9,10,-9,10,-9,10,-9,10,-10,10,-10,10,-11,10,-11,9,-12,9,-12,8,-12,7,-12,7,-12,6,-12,5,0,0,0,0,0,0,0,0,0,0,0,0,0,0,0,0,0,0,0,0,0,0,-9,5,-9,5,-10,5,-11,4,-11,4,-11,4,-12,3,-12,3,-12,3,-12,2,-12,2,-12,2,-12,2,-12,2,-12,3,-12,3,-12,4,-12,4,-12,5,-12,5,-12,6,-12,6,-12,7,-13,7,-13,7,-13,8]
[0;32mI (39913) wifi:ic_disable_sniffer[0m
csi_data,A2,[0,0,11,10,10,9,10,9,10,9,11,8,11,8,11,7,11,7,11,6,11,6,11,6,11,5,12,5,12,5,12,5,13,5,12,6,13,6,13,6,12,7,12,7,11,7,10,8,10,8,9,9,8,9,0,0,0,0,0,0,0,0,0,0,0,0,0,0,0,0,0,0,0,0,0,0,7,6,7,7,7,7,7,8,6,8,6,9,6,10,6,10,6,10,5,10,5,11,5,10,5,10,5,10,6,10,6,9,6,9,7,9,8,9,8,9,9,9,9,9,10,9,10,9,10,9,10,9]
[0;32mI (40513) wifi:ic_enable_sniffer[0m
[0;33mW (40513) TAG: FTM to A3 failed (ESP_FAIL), streak=2[0m
[0;32mI (41533) wifi:ic_disable_sniffer[0m
[0;33mW (41533) wifi:Starting FTM session with 24:ec:4a:03:58:5d[0m
[0;33mW (41533) wifi:Mode: ASAP, Bursts: 1, FTM's per burst: 8, Burst Period: 300mSec, Burst Duration: 32000uSec[0m
[0;33mW (41543) wifi:FTM session ends with 7 valid readings out of 7 readings received, Avg raw RTT: 19.643 nSec, Avg RSSI: -8[0m
[0;32mI (41643) wifi:ic_enable_sniffer[0m
anchor,A1,24:ec:4a:03:58:5d,ch=1
ftm_report,A1,19,19,2.850
csi_data,A1,[0,0,9,10,10,9,10,9,10,9,10,8,9,8,10,7,9,7,9,6,10,6,10,5,10,5,10,5,10,4,11,4,11,4,11,4,11,5,11,5,10,5,10,6,10,6,9,6,8,6,7,7,7,7,0,0,0,0,0,0,0,0,0,0,0,0,0,0,0,0,0,0,0,0,0,0,9,7,9,9,8,9,8,10,8,11,7,11,7,12,6,12,6,13,5,13,5,13,5,12,5,12,5,12,5,11,6,11,6,11,6,10,7,10,8,10,8,10,9,10,9,10,9,10,10,10,10,10]
[0;32mI (42663) wifi:ic_disable_sniffer[0m
csi_data,A1,[0,0,-14,-4,-14,-4,-14,-4,-14,-4,-13,-3,-13,-3,-13,-2,-13,-2,-12,-1,-12,-1,-12,0,-12,0,-12,1,-13,1,-12,1,-13,1,-13,1,-13,1,-13,0,-13,0,-13,0,-12,-1,-12,-1,-11,-2,-11,-2,-10,-3,0,0,0,0,0,0,0,0,0,0,0,0,0,0,0,0,0,0,0,0,0,0,-12,-3,-13,-4,-13,-5,-13,-6,-13,-7,-13,-7,-13,-8,-13,-8,-12,-9,-12,-9,-12,-9,-12,-9,-11,-9,-11,-8,-11,-8,-12,-8,-12,-7,-12,-7,-12,-6,-13,-6,-13,-6,-14,-5,-14,-5,-14,-5,-14,-5,-14,-5]
[0;32mI (43263) wifi:ic_enable_sniffer[0m
[0;33mW (43263) TAG: FTM to A2 failed (ESP_FAIL), streak=1[0m
csi_data,A2,[0,0,-9,-13,-9,-12,-9,-12,-9,-12,-9,-12,-9,-11,-9,-11,-10,-10,-10,-10,-10,-9,-10,-9,-11,-9,-11,-8,-11,-9,-12,-9,-12,-9,-12,-9,-12,-10,-12,-10,-11,-10,-11,-11,-10,-11,-9,-11,-8,-11,-8,-11,-7,-11,0,0,0,0,0,0,0,0,0,0,0,0,0,0,0,0,0,0,0,0,0,0,-6,-9,-6,-9,-5,-10,-5,-10,-5,-11,-5,-12,-4,-12,-4,-12,-4,-12,-3,-12,-3,-12,-3,-12,-3,-12,-3,-12,-4,-12,-4,-12,-5,-12,-5,-11,-6,-11,-6,-11,-7,-11,-7,-12,-8,-12,-8,-12,-8,-12,-9,-12]
[0;32mI (44283) wifi:ic_disable_sniffer[0m
[0;32mI (44883) wifi:ic_enable_sniffer[0m
[0;33mW (44883) TAG: FTM to A3 failed (ESP_FAIL), streak=2[0m
csi_data,A2,[0,0,-15,3,-15,3,-14,3,-14,3,-14,4,-13,4,-13,4,-13,5,-12,5,-12,6,-12,6,-12,6,-12,7,-12,7,-12,7,-12,7,-12,7,-13,7,-13,7,-13,6,-13,5,-13,5,-13,4,-13,3,-13,3,-13,2,0,0,0,0,0,0,0,0,0,0,0,0,0,0,0,0,0,0,0,0,0,0,-10,2,-11,1,-11,0,-11,0,-12,-1,-12,-1,-12,-1,-12,-2,-13,-2,-12,-3,-12,-3,-12,-2,-12,-2,-12,-2,-12,-2,-12,-1,-12,-1,-12,0,-13,0,-13,1,-13,1,-13,2,-14,2,-14,3,-14,3,-14,3]
[0;32mI (45903) wifi:ic_disable_sniffer[0m
[0;33mW (45903) wifi:Starting FTM session with 24:ec:4a:03:58:5d[0m
[0;33mW (45903) wifi:Mode: ASAP, Bursts: 1, FTM's per burst: 8, Burst Period: 300mSec, Burst Duration: 32000uSec[0m
[0;33mW (45913) wifi:FTM session ends with 7 valid readings out of 7 readings received, Avg raw RTT: 17.857 nSec, Avg RSSI: -8[0m
[0;32mI (46013) wifi:ic_enable_sniffer[0m
anchor,A1,24:ec:4a:03:58:5d,ch=1
ftm_report,A1,17,17,2.550
csi_data,A1,[0,0,10,-11,9,-11,9,-11,9,-11,8,-11,7,-11,7,-11,6,-11,6,-11,5,-11,5,-11,5,-11,4,-11,4,-12,4,-12,4,-12,4,-12,4,-12,4,-12,5,-11,5,-11,5,-11,6,-10,6,-9,6,-9,7,-8,0,0,0,0,0,0,0,0,0,0,0,0,0,0,0,0,0,0,0,0,0,0,8,-10,9,-10,9,-9,10,-9,11,-9,11,-8,12,-7,12,-7,13,-7,13,-7,13,-6,13,-6,12,-6,12,-6,11,-6,11,-7,11,-7,10,-8,10,-8,10,-9,10,-9,10,-10,10,-10,10,-10,10,-10,10,-11]
[0;32mI (47033) wifi:ic_disable_sniffer[0m
csi_data,A1,[0,0,-11,10,-11,10,-10,9,-10,10,-9,9,-9,9,-8,9,-8,9,-7,10,-7,10,-6,10,-6,10,-6,10,-5,11,-5,11,-5,11,-6,11,-6,11,-6,11,-6,10,-7,10,-7,9,-7,8,-7,8,-8,7,-8,7,0,0,0,0,0,0,0,0,0,0,0,0,0,0,0,0,0,0,0,0,0,0,-8,9,-9,9,-10,8,-11,8,-11,8,-12,7,-13,7,-13,6,-13,6,-13,5,-13,6,-13,5,-13,5,-13,5,-12,5,-12,6,-12,6,-11,7,-11,7,-11,8,-11,8,-11,8,-11,9,-11,9,-11,10,-11,9]
[0;32mI (47633) wifi:ic_enable_sniffer[0m
[0;33mW (47633) TAG: FTM to A2 failed (ESP_FAIL), streak=1[0m
[0;32mI (48653) wifi:ic_disable_sniffer[0m
[0;32mI (49253) wifi:ic_enable_sniffer[0m
[0;33mW (49253) TAG: FTM to A3 failed (ESP_FAIL), streak=2[0m
[0;32mI (50273) wifi:ic_disable_sniffer[0m
[0;33mW (50273) wifi:Starting FTM session with 24:ec:4a:03:58:5d[0m
[0;33mW (50273) wifi:Mode: ASAP, Bursts: 1, FTM's per burst: 8, Burst Period: 300mSec, Burst Duration: 32000uSec[0m
[0;33mW (50303) wifi:FTM session ends with 6 valid readings out of 6 readings received, Avg raw RTT: 14.323 nSec, Avg RSSI: -8[0m
[0;32mI (50403) wifi:ic_enable_sniffer[0m
anchor,A1,24:ec:4a:03:58:5d,ch=1
ftm_report,A1,14,14,2.100
csi_data,A1,[0,0,12,-8,11,-9,11,-8,11,-9,10,-8,10,-8,10,-8,9,-9,8,-9,8,-9,7,-10,7,-10,7,-10,7,-11,6,-11,7,-11,7,-11,7,-11,7,-11,7,-10,8,-10,8,-9,8,-8,8,-8,8,-7,8,-6,0,0,0,0,0,0,0,0,0,0,0,0,0,0,0,0,0,0,0,0,0,0,10,-8,10,-8,11,-7,12,-7,12,-6,13,-6,13,-5,14,-4,14,-4,14,-4,14,-3,14,-3,13,-3,13,-4,13,-4,12,-4,12,-5,12,-5,12,-6,12,-6,12,-6,12,-7,12,-8,12,-8,12,-8,12,-8]
[0;32mI (51423) wifi:ic_disable_sniffer[0m
[0;32mI (52023) wifi:ic_enable_sniffer[0m
[0;33mW (52023) TAG: FTM to A2 failed (ESP_FAIL), streak=1[0m
csi_data,A1,[0,0,8,-12,8,-12,7,-12,7,-12,6,-12,6,-12,5,-12,5,-12,4,-12,4,-12,3,-12,3,-12,3,-12,2,-12,2,-13,2,-13,2,-13,2,-13,3,-13,3,-12,3,-12,4,-12,4,-11,5,-10,5,-10,5,-9,0,0,0,0,0,0,0,0,0,0,0,0,0,0,0,0,0,0,0,0,0,0,6,-11,7,-11,8,-10,9,-10,9,-10,10,-10,11,-10,11,-9,11,-9,12,-8,12,-8,12,-8,11,-8,11,-8,10,-8,10,-9,10,-9,9,-9,9,-10,9,-10,8,-11,9,-11,8,-12,8,-12,8,-12,9,-12]
[0;32mI (53043) wifi:ic_disable_sniffer[0m
csi_data,A2,[0,0,-8,-13,-8,-13,-8,-13,-8,-13,-8,-12,-8,-12,-9,-12,-9,-11,-9,-11,-10,-10,-10,-10,-10,-10,-10,-9,-11,-9,-11,-10,-11,-10,-11,-10,-11,-10,-11,-11,-10,-11,-10,-12,-9,-12,-8,-12,-8,-12,-7,-12,-6,-12,0,0,0,0,0,0,0,0,0,0,0,0,0,0,0,0,0,0,0,0,0,0,-6,-9,-5,-10,-5,-10,-4,-11,-4,-11,-4,-12,-3,-12,-3,-12,-2,-12,-2,-12,-2,-13,-2,-12,-2,-12,-3,-12,-3,-12,-3,-12,-4,-12,-5,-12,-5,-12,-6,-12,-6,-12,-6,-12,-7,-13,-7,-12,-8,-13,-8,-13]
[0;32mI (53643) wifi:ic_enable_sniffer[0m
[0;33mW (53643) TAG: FTM to A3 failed (ESP_FAIL), streak=2[0m
[0;32mI (54663) wifi:ic_disable_sniffer[0m
[0;33mW (54663) wifi:Starting FTM session with 24:ec:4a:03:58:5d[0m
[0;33mW (54663) wifi:Mode: ASAP, Bursts: 1, FTM's per burst: 8, Burst Period: 300mSec, Burst Duration: 32000uSec[0m
[0;33mW (54673) wifi:FTM session ends with 7 valid readings out of 7 readings received, Avg raw RTT: 18.80 nSec, Avg RSSI: -8[0m
[0;32mI (54773) wifi:ic_enable_sniffer[0m
anchor,A1,24:ec:4a:03:58:5d,ch=1
ftm_report,A1,18,18,2.700
csi_data,A1,[0,0,-14,5,-14,5,-14,5,-13,5,-13,5,-12,6,-12,6,-11,6,-10,6,-10,7,-10,7,-10,7,-9,7,-9,8,-9,8,-9,8,-9,8,-10,8,-10,8,-10,7,-10,7,-10,7,-10,6,-10,5,-10,4,-10,4,0,0,0,0,0,0,0,0,0,0,0,0,0,0,0,0,0,0,0,0,0,0,-12,4,-13,4,-13,3,-13,2,-14,2,-15,1,-15,1,-15,1,-15,0,-15,-1,-15,-1,-14,-1,-14,-1,-14,-1,-14,0,-14,0,-14,1,-13,1,-14,2,-14,3,-13,3,-14,4,-14,4,-14,4,-14,4,-14,4]
[0;32mI (55793) wifi:ic_disable_sniffer[0m
csi_data,A1,[0,0,-13,7,-13,7,-12,7,-12,7,-11,7,-11,7,-10,7,-10,7,-9,8,-9,8,-8,9,-8,8,-8,9,-8,9,-8,9,-8,9,-8,9,-8,9,-9,9,-9,8,-9,8,-9,7,-9,7,-9,6,-9,6,-9,5,0,0,0,0,0,0,0,0,0,0,0,0,0,0,0,0,0,0,0,0,0,0,-10,7,-11,7,-12,6,-12,5,-13,5,-13,5,-14,4,-14,4,-14,3,-14,3,-14,3,-14,3,-14,3,-13,3,-13,3,-13,3,-13,4,-13,4,-13,5,-12,5,-13,5,-13,6,-13,7,-13,7,-13,7,-13,7]
[0;32mI (56393) wifi:ic_enable_sniffer[0m
[0;33mW (56393) TAG: FTM to A2 failed (ESP_FAIL), streak=1[0m
csi_data,A2,[0,0,14,-4,13,-4,14,-5,13,-4,13,-5,13,-5,12,-5,12,-6,12,-6,11,-7,11,-7,11,-8,11,-8,11,-9,11,-8,12,-9,11,-8,12,-8,12,-8,13,-7,13,-6,13,-6,12,-5,12,-5,12,-4,12,-3,0,0,0,0,0,0,0,0,0,0,0,0,0,0,0,0,0,0,0,0,0,0,9,-4,10,-3,10,-2,11,-2,11,-2,12,-1,12,0,12,0,12,0,11,0,12,0,11,0,11,0,11,0,12,0,11,0,12,-1,11,-2,12,-2,12,-2,12,-3,13,-3,12,-4,13,-4,13,-5,14,-5]
[0;32mI (57413) wifi:ic_disable_sniffer[0m
[0;32mI (58013) wifi:ic_enable_sniffer[0m
[0;33mW (58013) TAG: FTM to A3 failed (ESP_FAIL), streak=2[0m
csi_data,A2,[0,0,-12,-10,-12,-10,-12,-10,-12,-9,-12,-9,-12,-8,-12,-8,-12,-7,-12,-7,-12,-6,-12,-6,-12,-6,-13,-6,-13,-5,-13,-5,-14,-6,-14,-6,-14,-6,-14,-6,-13,-7,-13,-7,-12,-7,-12,-8,-11,-9,-10,-9,-9,-9,0,0,0,0,0,0,0,0,0,0,0,0,0,0,0,0,0,0,0,0,0,0,-8,-7,-8,-8,-8,-8,-7,-9,-7,-9,-7,-10,-7,-10,-7,-11,-7,-11,-6,-11,-6,-11,-6,-11,-6,-11,-6,-11,-6,-10,-7,-10,-7,-10,-8,-10,-9,-10,-9,-9,-10,-9,-10,-9,-11,-9,-11,-10,-11,-10,-11,-10]
[0;32mI (59033) wifi:ic_disable_sniffer[0m
[0;33mW (59033) wifi:Starting FTM session with 24:ec:4a:03:58:5d[0m
[0;33mW (59033) wifi:Mode: ASAP, Bursts: 1, FTM's per burst: 8, Burst Period: 300mSec, Burst Duration: 32000uSec[0m
[0;33mW (59043) wifi:FTM session ends with 7 valid readings out of 7 readings received, Avg raw RTT: 13.616 nSec, Avg RSSI: -8[0m
[0;32mI (59143) wifi:ic_enable_sniffer[0m
anchor,A1,24:ec:4a:03:58:5d,ch=1
ftm_report,A1,13,13,1.950
csi_data,A1,[0,0,-3,-15,-3,-15,-3,-14,-3,-14,-3,-13,-4,-13,-4,-13,-4,-12,-5,-12,-5,-12,-6,-12,-6,-11,-6,-11,-7,-11,-7,-11,-7,-11,-7,-11,-7,-11,-7,-11,-6,-12,-6,-12,-5,-12,-4,-11,-4,-11,-3,-11,-2,-11,0,0,0,0,0,0,0,0,0,0,0,0,0,0,0,0,0,0,0,0,0,0,-3,-13,-2,-13,-2,-14,-1,-14,0,-14,1,-15,1,-15,2,-15,2,-15,2,-15,3,-14,3,-14,2,-14,2,-14,2,-13,1,-14,1,-13,0,-14,0,-14,0,-14,-1,-14,-1,-14,-2,-15,-2,-15,-2,-15,-2,-15]
[0;32mI (60163) wifi:ic_disable_sniffer[0m
csi_data,A1,[0,0,-13,-8,-13,-8,-13,-7,-13,-7,-12,-7,-12,-6,-12,-6,-12,-5,-12,-4,-12,-4,-12,-3,-12,-3,-12,-2,-12,-2,-13,-2,-13,-2,-13,-2,-13,-2,-13,-3,-12,-3,-12,-4,-12,-4,-11,-4,-11,-4,-10,-5,-10,-5,0,0,0,0,0,0,0,0,0,0,0,0,0,0,0,0,0,0,0,0,0,0,-11,-7,-11,-7,-11,-8,-11,-9,-11,-10,-10,-11,-10,-11,-9,-12,-9,-12,-9,-12,-9,-12,-8,-12,-9,-12,-9,-11,-9,-11,-9,-10,-9,-10,-10,-10,-10,-10,-11,-9,-11,-9,-12,-9,-12,-9,-13,-9,-13,-8,-12,-8]
[0;32mI (60763) wifi:ic_enable_sniffer[0m
[0;33mW (60763) TAG: FTM to A2 failed (ESP_FAIL), streak=1[0m
[0;32mI (61783) wifi:ic_disable_sniffer[0m
csi_data,A2,[0,0,-9,-13,-9,-13,-8,-12,-9,-12,-9,-11,-9,-11,-9,-11,-9,-11,-10,-10,-10,-10,-10,-9,-11,-9,-11,-9,-11,-9,-12,-9,-12,-9,-12,-10,-11,-10,-11,-10,-11,-11,-10,-11,-9,-11,-9,-11,-8,-11,-7,-11,-6,-12,0,0,0,0,0,0,0,0,0,0,0,0,0,0,0,0,0,0,0,0,0,0,-6,-9,-6,-9,-5,-10,-5,-10,-5,-11,-4,-11,-4,-12,-4,-12,-3,-12,-3,-12,-3,-12,-3,-12,-3,-12,-3,-12,-4,-11,-4,-12,-5,-11,-5,-12,-5,-11,-6,-11,-6,-12,-7,-12,-8,-12,-8,-12,-8,-12,-8,-12]
[0;32mI (62383) wifi:ic_enable_sniffer[0m
[0;33mW (62383) TAG: FTM to A3 failed (ESP_FAIL), streak=2[0m
[0;32mI (63403) wifi:ic_disable_sniffer[0m
[0;33mW (63403) wifi:Starting FTM session with 24:ec:4a:03:58:5d[0m
[0;33mW (63403) wifi:Mode: ASAP, Bursts: 1, FTM's per burst: 8, Burst Period: 300mSec, Burst Duration: 32000uSec[0m
[0;33mW (63413) wifi:FTM session ends with 7 valid readings out of 7 readings received, Avg raw RTT: 16.72 nSec, Avg RSSI: -8[0m
[0;32mI (63513) wifi:ic_enable_sniffer[0m
anchor,A1,24:ec:4a:03:58:5d,ch=1
ftm_report,A1,16,16,2.400
csi_data,A1,[0,0,14,-3,14,-3,13,-3,13,-3,13,-3,12,-3,12,-4,12,-4,11,-5,11,-5,11,-6,10,-6,10,-6,10,-7,10,-7,10,-7,11,-7,10,-7,11,-6,11,-6,11,-5,11,-5,11,-4,10,-4,10,-3,10,-2,0,0,0,0,0,0,0,0,0,0,0,0,0,0,0,0,0,0,0,0,0,0,12,-4,12,-3,13,-2,13,-1,14,-1,14,0,14,1,14,1,14,2,14,2,14,2,13,2,13,2,13,2,12,2,13,1,12,1,13,0,13,-1,13,-1,13,-1,14,-2,14,-2,14,-2,14,-3,14,-3]
[0;32mI (64533) wifi:ic_disable_sniffer[0m
[0;32mI (65133) wifi:ic_enable_sniffer[0m
[0;33mW (65133) TAG: FTM to A2 failed (ESP_FAIL), streak=1[0m
csi_data,A1,[0,0,4,14,5,13,5,13,5,12,5,12,5,12,5,11,6,11,6,10,7,10,7,9,7,9,8,9,8,9,8,9,8,9,8,9,8,10,7,10,7,10,6,10,6,10,5,10,5,10,4,10,3,10,0,0,0,0,0,0,0,0,0,0,0,0,0,0,0,0,0,0,0,0,0,0,5,11,4,12,3,12,3,13,2,13,2,14,1,15,0,14,0,14,-1,14,0,14,-1,14,0,14,0,13,0,13,0,13,1,13,2,13,2,13,2,13,3,13,3,13,4,13,4,13,5,13,5,14]
[0;32mI (66153) wifi:ic_disable_sniffer[0m
csi_data,A2,[0,0,-9,-12,-9,-12,-9,-12,-9,-12,-10,-11,-9,-11,-10,-11,-10,-10,-10,-10,-10,-9,-11,-9,-11,-9,-11,-8,-12,-8,-12,-8,-12,-9,-12,-9,-12,-9,-12,-10,-11,-10,-11,-11,-10,-11,-9,-11,-9,-11,-8,-11,-7,-12,0,0,0,0,0,0,0,0,0,0,0,0,0,0,0,0,0,0,0,0,0,0,-6,-9,-6,-9,-6,-10,-5,-10,-5,-11,-5,-11,-4,-12,-4,-12,-4,-12,-4,-12,-4,-12,-3,-12,-4,-12,-4,-11,-4,-11,-5,-11,-5,-11,-6,-11,-6,-11,-7,-11,-7,-11,-8,-12,-8,-12,-9,-12,-9,-12,-9,-12]
[0;32mI (66753) wifi:ic_enable_sniffer[0m
[0;33mW (66753) TAG: FTM to A3 failed (ESP_FAIL), streak=2[0m
[0;32mI (67773) wifi:ic_disable_sniffer[0m
[0;33mW (67773) wifi:Starting FTM session with 24:ec:4a:03:58:5d[0m
[0;33mW (67773) wifi:Mode: ASAP, Bursts: 1, FTM's per burst: 8, Burst Period: 300mSec, Burst Duration: 32000uSec[0m
[0;33mW (67783) wifi:FTM session ends with 7 valid readings out of 7 readings received, Avg raw RTT: 19.643 nSec, Avg RSSI: -8[0m
[0;32mI (67883) wifi:ic_enable_sniffer[0m
anchor,A1,24:ec:4a:03:58:5d,ch=1
ftm_report,A1,19,19,2.850
csi_data,A1,[0,0,-14,6,-14,6,-13,5,-13,6,-12,5,-12,6,-12,6,-11,6,-10,7,-10,7,-10,7,-9,8,-9,8,-9,8,-9,9,-9,9,-10,9,-9,8,-10,8,-10,7,-10,7,-10,6,-10,6,-10,5,-10,5,-10,4,0,0,0,0,0,0,0,0,0,0,0,0,0,0,0,0,0,0,0,0,0,0,-11,6,-12,5,-13,4,-13,4,-14,3,-14,3,-15,2,-15,1,-15,1,-15,0,-15,0,-15,0,-14,0,-14,1,-13,1,-14,1,-13,2,-13,2,-13,3,-13,3,-13,3,-14,4,-14,5,-14,5,-14,5,-14,5]
[0;32mI (68903) wifi:ic_disable_sniffer[0m
csi_data,A1,[0,0,-1,-15,-2,-15,-2,-15,-2,-14,-2,-14,-2,-13,-3,-13,-3,-13,-3,-13,-4,-12,-5,-12,-5,-12,-5,-12,-6,-12,-6,-12,-6,-12,-6,-12,-6,-12,-5,-12,-5,-12,-4,-12,-4,-12,-3,-11,-3,-11,-2,-11,-1,-11,0,0,0,0,0,0,0,0,0,0,0,0,0,0,0,0,0,0,0,0,0,0,-2,-13,-1,-14,0,-13,1,-14,1,-14,2,-15,3,-14,3,-15,4,-15,4,-14,4,-14,4,-14,4,-14,4,-13,3,-14,3,-13,2,-14,2,-13,2,-14,1,-14,1,-14,0,-15,0,-15,-1,-15,-1,-15,-1,-15]
[0;32mI (69503) wifi:ic_enable_sniffer[0m
[0;33mW (69503) TAG: FTM to A2 failed (ESP_FAIL), streak=1[0m
csi_data,A2,[0,0,-14,7,-14,7,-13,6,-13,7,-13,7,-12,7,-12,7,-11,8,-11,8,-11,8,-11,8,-10,9,-10,9,-10,9,-10,10,-10,10,-11,10,-11,10,-11,10,-11,9,-12,9,-12,8,-12,7,-13,6,-12,5,-12,4,0,0,0,0,0,0,0,0,0,0,0,0,0,0,0,0,0,0,0,0,0,0,-10,4,-10,3,-11,3,-11,2,-11,2,-12,2,-12,2,-12,1,-12,1,-13,0,-12,0,-12,0,-12,0,-12,1,-12,1,-12,2,-12,2,-12,3,-12,3,-12,4,-12,5,-13,5,-13,6,-13,5,-13,6,-13,6]
[0;32mI (70523) wifi:ic_disable_sniffer[0m
[0;32mI (71123) wifi:ic_enable_sniffer[0m
[0;33mW (71123) TAG: FTM to A3 failed (ESP_FAIL), streak=2[0m
csi_data,A2,[0,0,12,-8,12,-8,12,-9,11,-8,11,-9,11,-9,10,-9,10,-9,9,-10,9,-10,9,-10,8,-11,8,-11,8,-12,8,-11,9,-12,9,-12,9,-12,10,-11,10,-11,10,-10,10,-9,11,-9,11,-8,11,-7,11,-6,0,0,0,0,0,0,0,0,0,0,0,0,0,0,0,0,0,0,0,0,0,0,8,-6,9,-5,9,-4,10,-4,10,-4,11,-4,11,-3,11,-3,11,-3,11,-2,11,-3,11,-2,11,-2,11,-3,11,-3,11,-3,11,-4,10,-5,11,-5,11,-6,11,-6,11,-7,11,-7,12,-8,12,-8,12,-8]
[0;32mI (72143) wifi:ic_disable_sniffer[0m
[0;33mW (72143) wifi:Starting FTM session with 24:ec:4a:03:58:5d[0m
[0;33mW (72143) wifi:Mode: ASAP, Bursts: 1, FTM's per burst: 8, Burst Period: 300mSec, Burst Duration: 32000uSec[0m
[0;33mW (72153) wifi:FTM session ends with 7 valid readings out of 7 readings received, Avg raw RTT: 15.848 nSec, Avg RSSI: -8[0m
[0;32mI (72253) wifi:ic_enable_sniffer[0m
anchor,A1,24:ec:4a:03:58:5d,ch=1
ftm_report,A1,15,15,2.250
csi_data,A1,[0,0,-13,7,-12,7,-13,7,-11,7,-11,7,-11,7,-10,7,-10,8,-9,8,-9,8,-8,9,-8,9,-8,9,-8,10,-7,10,-8,10,-8,9,-8,10,-8,9,-9,9,-9,8,-9,8,-9,7,-9,6,-9,6,-9,5,0,0,0,0,0,0,0,0,0,0,0,0,0,0,0,0,0,0,0,0,0,0,-10,7,-11,7,-12,6,-13,5,-13,5,-14,5,-14,4,-14,4,-15,3,-14,2,-14,3,-14,2,-14,2,-14,2,-14,3,-13,3,-13,4,-12,4,-13,5,-13,5,-13,5,-13,6,-13,6,-13,7,-13,7,-13,7]
[0;32mI (73273) wifi:ic_disable_sniffer[0m
[0;32mI (73873) wifi:ic_enable_sniffer[0m
[0;33mW (73873) TAG: FTM to A2 failed (ESP_FAIL), streak=1[0m
csi_data,A2,[0,0,-1,15,-1,14,-1,14,0,14,0,14,0,13,1,13,1,13,2,13,2,12,3,12,3,12,3,12,4,12,4,12,4,13,4,13,4,13,3,14,2,13,2,13,1,13,1,12,0,12,-1,12,-2,12,0,0,0,0,0,0,0,0,0,0,0,0,0,0,0,0,0,0,0,0,0,0,-1,11,-1,11,-2,11,-3,11,-3,11,-4,12,-5,12,-5,12,-5,12,-6,11,-6,12,-6,11,-5,11,-5,11,-5,11,-4,11,-4,11,-3,11,-3,12,-3,12,-2,12,-2,13,-1,13,-1,14,-1,14,-1,14]
[0;32mI (74893) wifi:ic_disable_sniffer[0m
csi_data,A2,[0,0,-10,-12,-10,-12,-10,-11,-10,-11,-11,-11,-10,-10,-11,-10,-11,-9,-11,-9,-11,-9,-12,-8,-12,-8,-12,-8,-13,-8,-13,-8,-13,-8,-13,-8,-13,-9,-13,-9,-12,-9,-12,-10,-11,-10,-10,-10,-10,-10,-9,-11,-8,-11,0,0,0,0,0,0,0,0,0,0,0,0,0,0,0,0,0,0,0,0,0,0,-7,-9,-7,-10,-7,-10,-7,-11,-6,-11,-6,-12,-5,-12,-5,-12,-5,-12,-5,-12,-4,-13,-4,-13,-5,-12,-5,-12,-5,-12,-5,-12,-6,-12,-7,-11,-7,-11,-8,-11,-8,-11,-9,-11,-9,-11,-9,-11,-10,-12,-10,-12]
[0;32mI (75493) wifi:ic_enable_sniffer[0m
[0;33mW (75493) TAG: FTM to A3 failed (ESP_FAIL), streak=2[0m
[0;32mI (76513) wifi:ic_disable_sniffer[0m
[0;33mW (76513) wifi:Starting FTM session with 24:ec:4a:03:58:5d[0m
[0;33mW (76513) wifi:Mode: ASAP, Bursts: 1, FTM's per burst: 8, Burst Period: 300mSec, Burst Duration: 32000uSec[0m
[0;33mW (76543) wifi:FTM session ends with 6 valid readings out of 6 readings received, Avg raw RTT: 19.792 nSec, Avg RSSI: -8[0m
[0;32mI (76643) wifi:ic_enable_sniffer[0m
anchor,A1,24:ec:4a:03:58:5d,ch=1
ftm_report,A1,19,19,2.850
csi_data,A1,[0,0,13,-6,13,-6,12,-5,12,-6,11,-6,11,-6,11,-6,10,-7,10,-7,9,-8,9,-8,8,-8,8,-8,8,-9,9,-9,8,-9,9,-9,9,-9,9,-9,9,-8,9,-8,9,-7,9,-6,9,-6,9,-5,9,-4,0,0,0,0,0,0,0,0,0,0,0,0,0,0,0,0,0,0,0,0,0,0,11,-5,11,-5,12,-4,12,-3,13,-3,13,-2,14,-2,14,-1,14,-1,14,0,14,0,13,0,13,0,13,0,12,-1,13,-1,12,-2,12,-2,12,-3,12,-3,12,-4,13,-4,13,-5,13,-5,13,-5,13,-5]
[0;32mI (77663) wifi:ic_disable_sniffer[0m
csi_data,A1,[0,0,-15,0,-15,0,-15,0,-14,0,-14,1,-14,1,-13,1,-13,2,-12,2,-12,3,-12,3,-12,4,-12,4,-12,4,-12,4,-12,5,-12,4,-13,4,-13,4,-12,3,-12,3,-12,2,-12,2,-12,1,-11,0,-11,0,0,0,0,0,0,0,0,0,0,0,0,0,0,0,0,0,0,0,0,0,0,0,-13,1,-14,0,-14,-1,-14,-2,-14,-3,-15,-3,-15,-4,-15,-5,-14,-5,-14,-5,-14,-6,-14,-5,-14,-5,-13,-5,-13,-5,-13,-4,-13,-4,-13,-3,-14,-3,-14,-2,-14,-2,-14,-1,-14,-1,-15,-1,-15,0,-15,0]
[0;32mI (78263) wifi:ic_enable_sniffer[0m
[0;33mW (78263) TAG: FTM to A2 failed (ESP_FAIL), streak=1[0m
csi_data,A2,[0,0,-6,13,-6,13,-6,13,-6,13,-5,13,-5,13,-4,12,-4,12,-4,13,-3,13,-3,13,-2,13,-2,13,-2,13,-2,13,-2,14,-2,13,-2,14,-3,14,-3,13,-4,14,-5,13,-5,12,-6,12,-6,11,-7,10,0,0,0,0,0,0,0,0,0,0,0,0,0,0,0,0,0,0,0,0,0,0,-4,9,-5,9,-6,9,-6,9,-7,9,-7,9,-8,9,-8,9,-8,9,-9,8,-9,8,-9,8,-9,8,-8,8,-8,9,-8,9,-8,9,-7,9,-7,10,-6,10,-6,11,-6,11,-6,12,-6,12,-6,13,-6,13]
[0;32mI (79283) wifi:ic_disable_sniffer[0m
[0;32mI (79883) wifi:ic_enable_sniffer[0m
[0;33mW (79883) TAG: FTM to A3 failed (ESP_FAIL), streak=2[0m
csi_data,A2,[0,0,11,10,10,9,10,9,11,9,10,8,10,8,10,8,11,7,11,7,11,6,11,6,11,5,12,5,12,5,12,5,12,5,13,6,12,6,12,7,12,7,11,8,11,8,10,8,9,8,8,9,8,9,0,0,0,0,0,0,0,0,0,0,0,0,0,0,0,0,0,0,0,0,0,0,7,6,7,7,7,8,7,8,7,9,6,9,6,10,6,10,5,10,5,10,5,10,5,10,5,10,5,10,5,9,6,10,6,9,7,9,7,9,8,9,8,9,9,9,10,9,10,9,10,9,10,9]
[0;32mI (80903) wifi:ic_disable_sniffer[0m
[0;33mW (80903) wifi:Starting FTM session with 24:ec:4a:03:58:5d[0m
[0;33mW (80903) wifi:Mode: ASAP, Bursts: 1, FTM's per burst: 8, Burst Period: 300mSec, Burst Duration: 32000uSec[0m
[0;33mW (80923) wifi:FTM session ends with 7 valid readings out of 7 readings received, Avg raw RTT: 14.286 nSec, Avg RSSI: -8[0m
[0;32mI (81023) wifi:ic_enable_sniffer[0m
anchor,A1,24:ec:4a:03:58:5d,ch=1
ftm_report,A1,14,14,2.100
csi_data,A1,[0,0,-14,-4,-14,-4,-14,-4,-13,-4,-14,-3,-13,-3,-13,-2,-13,-2,-12,-1,-12,0,-13,0,-12,1,-12,1,-13,1,-12,1,-13,2,-13,1,-13,1,-13,1,-13,0,-13,0,-12,-1,-12,-1,-12,-2,-11,-2,-11,-3,0,0,0,0,0,0,0,0,0,0,0,0,0,0,0,0,0,0,0,0,0,0,-13,-3,-13,-5,-13,-5,-13,-6,-13,-7,-13,-8,-12,-8,-12,-9,-12,-9,-12,-9,-12,-9,-11,-9,-11,-9,-11,-8,-11,-8,-11,-8,-12,-7,-11,-6,-12,-6,-13,-6,-13,-6,-13,-5,-13,-5,-14,-5,-14,-4,-14,-5]
[0;32mI (82043) wifi:ic_disable_sniffer[0m
csi_data,A2,[0,0,15,1,14,0,14,0,14,0,14,0,13,-1,13,-1,13,-2,13,-2,13,-3,13,-3,13,-4,13,-4,13,-4,13,-4,13,-4,14,-4,14,-4,14,-3,14,-3,14,-2,14,-2,13,-1,13,0,12,0,12,1,0,0,0,0,0,0,0,0,0,0,0,0,0,0,0,0,0,0,0,0,0,0,10,1,10,2,10,2,10,3,10,3,11,4,11,4,11,5,11,5,10,5,10,5,10,5,10,5,10,5,10,4,11,4,11,3,11,3,11,2,12,2,12,2,13,1,13,1,14,1,14,1,14,1]
[0;32mI (82643) wifi:ic_enable_sniffer[0m
[0;33mW (82643) TAG: FTM to A2 failed (ESP_FAIL), streak=1[0m
csi_data,A2,[0,0,-11,-11,-11,-11,-11,-11,-11,-11,-11,-10,-11,-10,-11,-9,-11,-9,-11,-8,-12,-8,-12,-8,-12,-7,-12,-7,-13,-7,-13,-7,-13,-7,-13,-8,-13,-8,-13,-8,-13,-9,-12,-9,-11,-9,-10,-9,-10,-10,-9,-10,-8,-11,0,0,0,0,0,0,0,0,0,0,0,0,0,0,0,0,0,0,0,0,0,0,-8,-8,-8,-9,-7,-9,-7,-10,-7,-10,-7,-11,-6,-11,-6,-12,-6,-12,-5,-12,-5,-12,-5,-12,-5,-12,-5,-11,-6,-11,-6,-11,-7,-11,-7,-11,-8,-10,-8,-10,-9,-10,-9,-10,-10,-11,-10,-11,-10,-11,-11,-11]
[0;32mI (83663) wifi:ic_disable_sniffer[0m
csi_data,A2,[0,0,11,-10,11,-10,11,-10,10,-10,10,-10,10,-10,9,-10,9,-10,8,-10,8,-11,8,-11,7,-11,7,-11,7,-12,7,-12,8,-12,8,-12,8,-12,9,-12,9,-11,9,-11,10,-10,10,-9,10,-9,10,-8,10,-7,0,0,0,0,0,0,0,0,0,0,0,0,0,0,0,0,0,0,0,0,0,0,7,-7,8,-7,8,-6,9,-6,10,-6,11,-6,11,-5,11,-5,11,-5,11,-4,11,-4,11,-4,11,-4,11,-4,11,-5,10,-5,10,-6,10,-6,10,-7,10,-7,10,-8,10,-8,10,-9,11,-9,11,-9,11,-10]
[0;32mI (84263) wifi:ic_enable_sniffer[0m
[0;33mW (84263) TAG: FTM to A3 failed (ESP_FAIL), streak=2[0m
[0;32mI (85283) wifi:ic_disable_sniffer[0m
[0;33mW (85283) wifi:Starting FTM session with 24:ec:4a:03:58:5d[0m
[0;33mW (85283) wifi:Mode: ASAP, Bursts: 1, FTM's per burst: 8, Burst Period: 300mSec, Burst Duration: 32000uSec[0m
[0;33mW (85293) wifi:FTM session ends with 7 valid readings out of 7 readings received, Avg raw RTT: 13.616 nSec, Avg RSSI: -8[0m
[0;32mI (85403) wifi:ic_enable_sniffer[0m
anchor,A1,24:ec:4a:03:58:5d,ch=1
ftm_report,A1,13,13,1.950
csi_data,A1,[0,0,-1,-14,-2,-15,-2,-14,-2,-14,-2,-13,-3,-13,-3,-13,-3,-12,-4,-12,-4,-12,-5,-12,-5,-11,-6,-11,-6,-11,-6,-11,-6,-11,-6,-12,-6,-12,-5,-12,-5,-12,-4,-12,-4,-12,-3,-12,-3,-11,-2,-11,-1,-11,0,0,0,0,0,0,0,0,0,0,0,0,0,0,0,0,0,0,0,0,0,0,-2,-13,-1,-13,0,-14,0,-13,1,-14,2,-14,3,-14,3,-14,4,-14,4,-14,4,-14,4,-13,4,-13,4,-13,3,-12,3,-13,2,-13,2,-13,1,-13,1,-13,0,-14,0,-14,0,-14,-1,-14,-1,-14,-1,-15]
[0;32mI (86423) wifi:ic_disable_sniffer[0m
[0;32mI (87023) wifi:ic_enable_sniffer[0m
[0;33mW (87023) TAG: FTM to A2 failed (ESP_FAIL), streak=1[0m
csi_data,A2,[0,0,4,14,4,14,4,14,4,14,4,13,4,13,5,12,5,12,5,12,6,11,6,11,7,11,7,11,8,11,8,11,8,11,7,11,7,12,7,12,6,12,6,13,5,12,4,12,4,12,3,12,2,12,0,0,0,0,0,0,0,0,0,0,0,0,0,0,0,0,0,0,0,0,0,0,3,10,2,10,1,11,1,11,0,11,0,12,-1,12,-1,12,-1,12,-2,12,-2,12,-2,12,-2,12,-1,12,-1,12,-1,12,0,12,1,12,1,12,2,12,2,12,3,13,3,13,3,13,3,14,4,14]
